# Hydrology loading displacements computed from the monthly GLDAS NOAH model
# This is a product of the Hydrology loading service: http://lacerta.gsfc.nasa.gov/hydlo/
# Displacements are with respect to the center of mass of the total earth
#
# Created for VieVS on 17.03.2017 at 11:46:08 local time
# OFFSET + TREND REMOVED!!! - Hana 
# mjd up (meters) eastwest (meters) northsouth (meters)
43888    -0.00268    -0.00083    -0.00063
43919    -0.00454    -0.00130    -0.00119
43947    -0.00378    -0.00112    -0.00111
43978    -0.00378    -0.00071    -0.00050
44008    -0.00172    -0.00017     0.00083
44039     0.00171     0.00024     0.00178
44069     0.00611     0.00049     0.00168
44100     0.00765     0.00041     0.00137
44131     0.00684     0.00057     0.00117
44161     0.00477     0.00089     0.00096
44192     0.00263     0.00036     0.00055
44222     0.00094    -0.00023     0.00021
44253    -0.00008    -0.00061    -0.00002
44284    -0.00069    -0.00077    -0.00031
44313    -0.00131    -0.00083    -0.00071
44344    -0.00199    -0.00052    -0.00034
44374    -0.00021     0.00011     0.00056
44405     0.00211     0.00046     0.00125
44435     0.00477     0.00065     0.00124
44466     0.00610     0.00059     0.00096
44497     0.00570     0.00049     0.00085
44527     0.00352     0.00068     0.00092
44558     0.00228     0.00050     0.00046
44588     0.00101     0.00015     0.00006
44619     0.00066    -0.00023    -0.00004
44650    -0.00003    -0.00054    -0.00034
44678    -0.00072    -0.00076    -0.00069
44709    -0.00122    -0.00065    -0.00031
44739    -0.00082    -0.00025     0.00060
44770     0.00116     0.00049     0.00156
44800     0.00486     0.00067     0.00136
44831     0.00696     0.00067     0.00076
44862     0.00532     0.00062     0.00055
44892     0.00360     0.00071     0.00023
44923     0.00257     0.00070    -0.00023
44953     0.00085     0.00039    -0.00049
44984    -0.00206    -0.00021    -0.00088
45015    -0.00408    -0.00051    -0.00142
45043    -0.00331    -0.00050    -0.00155
45074    -0.00284    -0.00031    -0.00082
45104    -0.00069    -0.00019     0.00017
45135     0.00127     0.00012     0.00139
45165     0.00490     0.00030     0.00228
45196     0.00739     0.00024     0.00160
45227     0.00686     0.00038     0.00131
45257     0.00483     0.00006     0.00103
45288     0.00210    -0.00011     0.00012
45318    -0.00115    -0.00046    -0.00069
45349    -0.00322    -0.00054    -0.00098
45380    -0.00496    -0.00070    -0.00124
45408    -0.00506    -0.00035    -0.00136
45439    -0.00520     0.00013    -0.00078
45469    -0.00405     0.00069    -0.00003
45500    -0.00107     0.00104     0.00123
45530     0.00416     0.00133     0.00160
45561     0.00814     0.00126     0.00106
45592     0.00903     0.00128     0.00070
45622     0.00626     0.00133     0.00039
45653     0.00305     0.00136     0.00000
45683    -0.00197     0.00088    -0.00064
45714    -0.00398     0.00040    -0.00115
45745    -0.00437     0.00029    -0.00128
45774    -0.00452     0.00040    -0.00118
45805    -0.00431     0.00020    -0.00040
45835    -0.00227     0.00048     0.00070
45866     0.00059     0.00083     0.00157
45896     0.00369     0.00134     0.00161
45927     0.00585     0.00158     0.00121
45958     0.00576     0.00153     0.00099
45988     0.00456     0.00124     0.00072
46019     0.00132     0.00088     0.00051
46049    -0.00103     0.00052     0.00010
46080    -0.00411    -0.00019     0.00004
46111    -0.00519    -0.00095    -0.00042
46139    -0.00544    -0.00068    -0.00075
46170    -0.00464    -0.00055    -0.00006
46200    -0.00225    -0.00012     0.00071
46231     0.00022     0.00053     0.00161
46261     0.00343     0.00056     0.00188
46292     0.00550     0.00032     0.00150
46323     0.00524     0.00037     0.00093
46353     0.00345     0.00061     0.00061
46384     0.00042     0.00036    -0.00008
46414    -0.00228    -0.00020    -0.00044
46445    -0.00353    -0.00065    -0.00078
46476    -0.00500    -0.00084    -0.00112
46504    -0.00497    -0.00101    -0.00109
46535    -0.00330    -0.00075    -0.00054
46565    -0.00179    -0.00009     0.00070
46596     0.00040     0.00054     0.00188
46626     0.00378     0.00086     0.00189
46657     0.00507     0.00098     0.00149
46688     0.00434     0.00088     0.00152
46718     0.00192     0.00041     0.00127
46749     0.00104     0.00008     0.00070
46779    -0.00163    -0.00018     0.00012
46810    -0.00327    -0.00034    -0.00028
46841    -0.00439    -0.00041    -0.00060
46869    -0.00371    -0.00054    -0.00104
46900    -0.00326    -0.00042    -0.00062
46930    -0.00079     0.00025     0.00052
46961     0.00178     0.00041     0.00120
46991     0.00498     0.00096     0.00163
47022     0.00744     0.00088     0.00158
47053     0.00759     0.00080     0.00100
47083     0.00594     0.00084     0.00070
47114     0.00400     0.00086     0.00036
47144     0.00067     0.00043     0.00011
47175    -0.00150    -0.00011    -0.00034
47206    -0.00327    -0.00055    -0.00069
47235    -0.00329    -0.00091    -0.00079
47266    -0.00242    -0.00067    -0.00037
47296    -0.00073    -0.00015     0.00017
47327     0.00368     0.00043     0.00130
47357     0.00733     0.00067     0.00142
47388     0.00821     0.00047     0.00088
47419     0.00695     0.00043     0.00037
47449     0.00488     0.00047     0.00028
47480     0.00185     0.00026     0.00008
47510     0.00046    -0.00019    -0.00026
47541    -0.00176    -0.00078    -0.00069
47572    -0.00280    -0.00106    -0.00104
47600    -0.00339    -0.00091    -0.00138
47631    -0.00232    -0.00064    -0.00120
47661    -0.00105    -0.00021    -0.00038
47692    -0.00039     0.00045     0.00070
47722     0.00383     0.00055     0.00096
47753     0.00696     0.00048     0.00092
47784     0.00692     0.00048     0.00060
47814     0.00513     0.00063     0.00016
47845     0.00183     0.00063    -0.00002
47875    -0.00035    -0.00021    -0.00023
47906    -0.00247    -0.00079    -0.00055
47937    -0.00447    -0.00110    -0.00110
47965    -0.00440    -0.00084    -0.00136
47996    -0.00366    -0.00050    -0.00094
48026    -0.00247    -0.00027    -0.00000
48057     0.00038     0.00040     0.00071
48087     0.00383     0.00062     0.00095
48118     0.00612     0.00081     0.00079
48149     0.00657     0.00082     0.00070
48179     0.00319     0.00092     0.00024
48210     0.00089     0.00077    -0.00038
48240    -0.00196     0.00036    -0.00089
48271    -0.00404    -0.00001    -0.00150
48302    -0.00395    -0.00021    -0.00183
48330    -0.00470    -0.00054    -0.00209
48361    -0.00491    -0.00059    -0.00144
48391    -0.00358    -0.00041    -0.00027
48422     0.00059    -0.00012     0.00066
48452     0.00497     0.00025     0.00113
48483     0.00756     0.00042     0.00081
48514     0.00758     0.00075     0.00079
48544     0.00485     0.00085     0.00068
48575     0.00248     0.00065     0.00028
48605    -0.00088     0.00030    -0.00040
48636    -0.00293    -0.00006    -0.00079
48667    -0.00461    -0.00020    -0.00089
48696    -0.00553     0.00000    -0.00099
48727    -0.00517     0.00003    -0.00067
48757    -0.00339     0.00051     0.00027
48788    -0.00053     0.00096     0.00117
48818     0.00141     0.00118     0.00141
48849     0.00311     0.00103     0.00087
48880     0.00206     0.00074     0.00074
48910     0.00138     0.00080     0.00029
48941    -0.00135     0.00042    -0.00027
48971    -0.00197     0.00011    -0.00040
49002    -0.00362    -0.00029    -0.00089
49033    -0.00452    -0.00054    -0.00138
49061    -0.00499    -0.00059    -0.00174
49092    -0.00459    -0.00051    -0.00140
49122    -0.00315    -0.00020    -0.00058
49153    -0.00145     0.00018     0.00045
49183     0.00201     0.00028     0.00058
49214     0.00462     0.00036     0.00031
49245     0.00463     0.00031     0.00002
49275     0.00200     0.00042    -0.00013
49306    -0.00011     0.00034    -0.00046
49336    -0.00241     0.00010    -0.00086
49367    -0.00464    -0.00047    -0.00110
49398    -0.00571    -0.00091    -0.00144
49426    -0.00530    -0.00080    -0.00176
49457    -0.00515    -0.00060    -0.00126
49487    -0.00455    -0.00035    -0.00042
49518    -0.00270    -0.00002     0.00060
49548    -0.00070     0.00003     0.00038
49579     0.00136    -0.00022    -0.00013
49610     0.00200    -0.00029    -0.00050
49640     0.00075    -0.00039    -0.00057
49671    -0.00117    -0.00074    -0.00101
49701    -0.00305    -0.00094    -0.00175
49732    -0.00481    -0.00112    -0.00228
49763    -0.00611    -0.00125    -0.00267
49791    -0.00619    -0.00135    -0.00282
49822    -0.00576    -0.00121    -0.00198
49852    -0.00558    -0.00097    -0.00094
49883    -0.00352    -0.00040    -0.00001
49913     0.00019    -0.00013     0.00011
49944     0.00257    -0.00034    -0.00078
49975     0.00377    -0.00027    -0.00105
50005     0.00133    -0.00017    -0.00116
50036    -0.00242    -0.00023    -0.00143
50066    -0.00400    -0.00076    -0.00142
50097    -0.00470    -0.00143    -0.00192
50128    -0.00577    -0.00184    -0.00246
50157    -0.00600    -0.00193    -0.00285
50188    -0.00530    -0.00170    -0.00243
50218    -0.00456    -0.00100    -0.00088
50249    -0.00207    -0.00053     0.00080
50279     0.00151     0.00015     0.00235
50310     0.00416     0.00051     0.00312
50341     0.00591     0.00049     0.00335
50371     0.00555     0.00038     0.00302
50402     0.00343     0.00003     0.00243
50432     0.00127    -0.00038     0.00149
50463    -0.00214    -0.00093     0.00062
50494    -0.00549    -0.00144    -0.00037
50522    -0.00651    -0.00194    -0.00109
50553    -0.00514    -0.00220    -0.00135
50583    -0.00504    -0.00216    -0.00097
50614    -0.00326    -0.00149    -0.00007
50644    -0.00004    -0.00082     0.00005
50675     0.00243    -0.00031    -0.00027
50706     0.00157    -0.00020    -0.00080
50736    -0.00046    -0.00076    -0.00154
50767    -0.00252    -0.00142    -0.00251
50797    -0.00414    -0.00216    -0.00314
50828    -0.00657    -0.00241    -0.00357
50859    -0.00757    -0.00223    -0.00372
50887    -0.00824    -0.00200    -0.00387
50918    -0.00763    -0.00167    -0.00328
50948    -0.00483    -0.00097    -0.00228
50979    -0.00215    -0.00028    -0.00127
51009     0.00020     0.00004    -0.00154
51040     0.00331    -0.00011    -0.00174
51071     0.00407    -0.00012    -0.00192
51101     0.00193    -0.00025    -0.00228
51132     0.00008    -0.00034    -0.00235
51162    -0.00245    -0.00066    -0.00230
51193    -0.00521    -0.00099    -0.00254
51224    -0.00666    -0.00124    -0.00253
51252    -0.00645    -0.00124    -0.00246
51283    -0.00520    -0.00103    -0.00181
51313    -0.00327    -0.00065    -0.00102
51344    -0.00159    -0.00002    -0.00010
51374     0.00103     0.00015     0.00026
51405     0.00384    -0.00003    -0.00001
51436     0.00441     0.00004    -0.00032
51466     0.00118     0.00008    -0.00054
51497     0.00001     0.00000    -0.00071
51527    -0.00161    -0.00029    -0.00071
51558    -0.00340    -0.00125    -0.00023
51589    -0.00416    -0.00167    -0.00018
51618    -0.00395    -0.00183    -0.00046
51649    -0.00441    -0.00185    -0.00048
51679    -0.00338    -0.00131    -0.00034
51710    -0.00167    -0.00050     0.00008
51740     0.00050     0.00012     0.00035
51771     0.00179     0.00053    -0.00005
51802     0.00281     0.00056    -0.00012
51832     0.00281     0.00042    -0.00039
51863     0.00139    -0.00007    -0.00038
51893    -0.00084    -0.00063    -0.00047
51924    -0.00294    -0.00063    -0.00053
51955    -0.00495    -0.00040    -0.00077
51983    -0.00594    -0.00043    -0.00077
52014    -0.00451    -0.00048    -0.00069
52044    -0.00208    -0.00002     0.00009
52075    -0.00016     0.00041     0.00046
52105     0.00378     0.00100     0.00083
52136     0.00778     0.00106     0.00057
52167     0.00752     0.00101     0.00059
52197     0.00488     0.00087     0.00041
52228     0.00274     0.00047     0.00022
52258    -0.00016     0.00006     0.00021
52289    -0.00173    -0.00042     0.00013
52320    -0.00320    -0.00049     0.00005
52348    -0.00462    -0.00044     0.00003
52379    -0.00490    -0.00029     0.00021
52409    -0.00433     0.00034     0.00073
52440    -0.00237     0.00113     0.00161
52470     0.00265     0.00162     0.00171
52501     0.00636     0.00150     0.00154
52532     0.00774     0.00130     0.00123
52562     0.00528     0.00091     0.00075
52593     0.00242     0.00049     0.00036
52623     0.00002     0.00026     0.00036
52654    -0.00159    -0.00023     0.00041
52685    -0.00274    -0.00046     0.00048
52713    -0.00335    -0.00043     0.00059
52744    -0.00284    -0.00043     0.00078
52774    -0.00234     0.00005     0.00117
52805    -0.00100     0.00059     0.00155
52835     0.00240     0.00084     0.00149
52866     0.00401     0.00106     0.00099
52897     0.00534     0.00089     0.00043
52927     0.00286     0.00101     0.00022
52958    -0.00078     0.00092    -0.00002
52988    -0.00332     0.00071    -0.00011
53019    -0.00518     0.00033     0.00014
53050    -0.00619    -0.00012     0.00032
53079    -0.00665    -0.00027     0.00038
53110    -0.00602    -0.00043     0.00044
53140    -0.00545    -0.00013     0.00085
53171    -0.00315     0.00030     0.00107
53201    -0.00053     0.00060     0.00128
53232     0.00198     0.00073     0.00065
53263     0.00230     0.00101     0.00014
53293     0.00187     0.00090    -0.00013
53324    -0.00063     0.00042    -0.00019
53354    -0.00365    -0.00024    -0.00035
53385    -0.00589    -0.00062    -0.00036
53416    -0.00682    -0.00077    -0.00021
53444    -0.00747    -0.00085    -0.00011
53475    -0.00660    -0.00053    -0.00000
53505    -0.00497    -0.00028     0.00048
53536    -0.00196     0.00027     0.00109
53566     0.00261     0.00087     0.00096
53597     0.00603     0.00109     0.00052
53628     0.00676     0.00133     0.00022
53658     0.00455     0.00154     0.00032
53689     0.00238     0.00155     0.00035
53719    -0.00080     0.00107     0.00081
53750    -0.00368     0.00073     0.00108
53781    -0.00650     0.00039     0.00116
53809    -0.00673    -0.00007     0.00121
53840    -0.00528    -0.00029     0.00122
53870    -0.00372     0.00012     0.00136
53901    -0.00058     0.00082     0.00148
53931     0.00264     0.00149     0.00143
53962     0.00517     0.00137     0.00122
53993     0.00550     0.00135     0.00063
54023     0.00245     0.00133     0.00076
54054    -0.00043     0.00080     0.00064
54084    -0.00220     0.00028     0.00057
54115    -0.00380    -0.00002     0.00054
54146    -0.00410    -0.00033     0.00042
54174    -0.00460    -0.00021     0.00045
54205    -0.00485    -0.00007     0.00082
54235    -0.00288     0.00012     0.00113
54266     0.00022     0.00063     0.00155
54296     0.00349     0.00096     0.00139
54327     0.00711     0.00071     0.00090
54358     0.00765     0.00049     0.00050
54388     0.00636     0.00045     0.00050
54419     0.00435     0.00003     0.00050
54449     0.00145    -0.00032     0.00044
54480    -0.00154    -0.00076     0.00061
54511    -0.00384    -0.00091     0.00055
54540    -0.00525    -0.00081     0.00055
54571    -0.00479    -0.00076     0.00048
54601    -0.00327    -0.00037     0.00103
54632    -0.00095     0.00002     0.00140
54662     0.00191     0.00034     0.00132
54693     0.00394     0.00039     0.00080
54724     0.00482     0.00023     0.00018
54754     0.00406     0.00029    -0.00006
54785     0.00234     0.00029    -0.00040
54815    -0.00085    -0.00004    -0.00028
54846    -0.00345    -0.00041    -0.00029
54877    -0.00423    -0.00090    -0.00034
54905    -0.00494    -0.00102    -0.00037
54936    -0.00524    -0.00091    -0.00024
54966    -0.00396    -0.00054     0.00022
54997    -0.00141     0.00003     0.00081
55027     0.00172     0.00042     0.00089
55058     0.00354     0.00036     0.00062
55089     0.00542     0.00024     0.00026
55119     0.00338     0.00022    -0.00008
55150     0.00085    -0.00048    -0.00014
55180    -0.00113    -0.00091    -0.00015
55211    -0.00245    -0.00137    -0.00031
55242    -0.00349    -0.00129    -0.00053
55270    -0.00321    -0.00143    -0.00063
55301    -0.00252    -0.00116    -0.00029
55331    -0.00108    -0.00086     0.00007
55362     0.00150    -0.00044     0.00032
55392     0.00447    -0.00001     0.00039
55423     0.00723     0.00002    -0.00002
55454     0.00744     0.00008    -0.00051
55484     0.00583     0.00045    -0.00084
55515     0.00407     0.00031    -0.00087
55545     0.00101    -0.00002    -0.00101
55576    -0.00066    -0.00050    -0.00082
55607    -0.00182    -0.00070    -0.00083
55635    -0.00325    -0.00077    -0.00080
55666    -0.00364    -0.00055    -0.00051
55696    -0.00328    -0.00017    -0.00003
55727    -0.00021     0.00037     0.00045
55757     0.00352     0.00090     0.00047
55788     0.00687     0.00104     0.00002
55819     0.00772     0.00111    -0.00057
55849     0.00659     0.00068    -0.00077
55880     0.00472     0.00023    -0.00067
55910     0.00226     0.00002    -0.00077
55941     0.00055    -0.00031    -0.00074
55972    -0.00053    -0.00040    -0.00066
56001    -0.00078    -0.00027    -0.00059
56032    -0.00030    -0.00015    -0.00016
56062     0.00069     0.00013     0.00022
56093     0.00362     0.00051     0.00088
56123     0.00813     0.00070     0.00085
56154     0.01028     0.00063     0.00018
56185     0.01069     0.00051    -0.00067
56215     0.00851     0.00051    -0.00068
56246     0.00595     0.00008    -0.00091
56276     0.00389    -0.00025    -0.00094
56307     0.00145    -0.00046    -0.00099
56338    -0.00041    -0.00071    -0.00109
56366    -0.00110    -0.00067    -0.00105
56397    -0.00134    -0.00084    -0.00072
56427    -0.00020    -0.00046    -0.00001
56458     0.00083     0.00038     0.00045
56488     0.00429     0.00091     0.00025
56519     0.00654     0.00099     0.00010
56550     0.00715     0.00113     0.00010
56580     0.00557     0.00106     0.00003
56611     0.00308     0.00079     0.00031
56641     0.00094     0.00047     0.00033
56672    -0.00103     0.00009     0.00037
56703    -0.00217    -0.00014     0.00044
56731    -0.00265    -0.00030     0.00087
56762    -0.00245    -0.00017     0.00110
56792    -0.00195    -0.00004     0.00139
56823     0.00038     0.00042     0.00171
56853     0.00322     0.00078     0.00158
56884     0.00561     0.00069     0.00099
56915     0.00568     0.00047     0.00050
56945     0.00383     0.00029     0.00036
56976     0.00159     0.00013     0.00032
57006    -0.00064    -0.00000     0.00041
57037    -0.00232    -0.00011     0.00007
57068    -0.00371    -0.00013    -0.00002
57096    -0.00399    -0.00019    -0.00004
57127    -0.00355    -0.00025     0.00003
57157    -0.00200     0.00002     0.00071
57188    -0.00024     0.00050     0.00112
57218     0.00260     0.00081     0.00121
57249     0.00543     0.00092     0.00092
57280     0.00644     0.00094     0.00050
57310     0.00566     0.00104    -0.00005
57341     0.00297     0.00076    -0.00057
57371     0.00049     0.00039    -0.00105
57402    -0.00200    -0.00008    -0.00107
57433    -0.00373    -0.00021    -0.00084
57462    -0.00493    -0.00032    -0.00061
57493    -0.00517    -0.00051    -0.00037
57523    -0.00332    -0.00035    -0.00013
57554    -0.00005     0.00008     0.00038
