# Hydrology loading displacements computed from the monthly GLDAS NOAH model
# This is a product of the Hydrology loading service: http://lacerta.gsfc.nasa.gov/hydlo/
# Displacements are with respect to the center of mass of the total earth
#
# Created for VieVS on 17.03.2017 at 11:46:08 local time
# OFFSET + TREND REMOVED!!! - Hana 
# mjd up (meters) eastwest (meters) northsouth (meters)
43888    -0.00322    -0.00067    -0.00024
43919    -0.00398    -0.00101    -0.00085
43947    -0.00332    -0.00083    -0.00064
43978    -0.00363    -0.00056    -0.00020
44008    -0.00322    -0.00014     0.00091
44039    -0.00251    -0.00007     0.00185
44069     0.00049     0.00026     0.00182
44100     0.00111     0.00037     0.00157
44131     0.00114     0.00059     0.00119
44161     0.00222     0.00085     0.00091
44192     0.00163     0.00061     0.00070
44222     0.00089     0.00011     0.00023
44253    -0.00019    -0.00028     0.00001
44284    -0.00083    -0.00040    -0.00030
44313     0.00011    -0.00041    -0.00057
44344     0.00064    -0.00019     0.00002
44374     0.00084     0.00009     0.00094
44405     0.00238     0.00035     0.00162
44435     0.00582     0.00044     0.00146
44466     0.00665     0.00022     0.00091
44497     0.00560     0.00004     0.00058
44527     0.00312     0.00009     0.00061
44558     0.00243     0.00000     0.00018
44588     0.00101    -0.00036    -0.00016
44619     0.00141    -0.00078    -0.00048
44650     0.00108    -0.00089    -0.00072
44678     0.00073    -0.00118    -0.00081
44709     0.00172    -0.00114    -0.00052
44739     0.00075    -0.00092     0.00013
44770    -0.00089     0.00002     0.00145
44800     0.00009     0.00032     0.00132
44831     0.00243     0.00027     0.00100
44862     0.00142     0.00033     0.00063
44892    -0.00009     0.00045     0.00028
44923    -0.00142     0.00059     0.00005
44953    -0.00159     0.00031    -0.00038
44984    -0.00193    -0.00014    -0.00094
45015    -0.00218    -0.00022    -0.00129
45043    -0.00150    -0.00033    -0.00141
45074    -0.00039    -0.00029    -0.00069
45104    -0.00121    -0.00026     0.00042
45135    -0.00155    -0.00002     0.00202
45165    -0.00030     0.00003     0.00292
45196     0.00245     0.00016     0.00226
45227     0.00368     0.00034     0.00164
45257     0.00315     0.00025     0.00110
45288     0.00189     0.00033     0.00021
45318    -0.00120     0.00035    -0.00027
45349    -0.00185     0.00006    -0.00086
45380    -0.00312    -0.00024    -0.00119
45408    -0.00347    -0.00001    -0.00118
45439    -0.00265     0.00034    -0.00037
45469    -0.00081     0.00079     0.00040
45500    -0.00005     0.00092     0.00161
45530     0.00202     0.00131     0.00180
45561     0.00378     0.00124     0.00119
45592     0.00446     0.00145     0.00052
45622     0.00338     0.00150     0.00016
45653     0.00159     0.00138     0.00014
45683    -0.00047     0.00120    -0.00019
45714    -0.00093     0.00077    -0.00083
45745    -0.00093     0.00063    -0.00109
45774    -0.00084     0.00069    -0.00074
45805     0.00076     0.00022     0.00004
45835     0.00221     0.00038     0.00095
45866     0.00314     0.00060     0.00156
45896     0.00448     0.00104     0.00175
45927     0.00534     0.00120     0.00145
45958     0.00566     0.00120     0.00101
45988     0.00305     0.00122     0.00087
46019    -0.00121     0.00117     0.00091
46049    -0.00291     0.00072     0.00058
46080    -0.00482    -0.00018     0.00030
46111    -0.00470    -0.00074    -0.00032
46139    -0.00480    -0.00055    -0.00047
46170    -0.00320    -0.00073    -0.00001
46200    -0.00203    -0.00051     0.00063
46231    -0.00045    -0.00015     0.00158
46261     0.00123    -0.00019     0.00146
46292     0.00310    -0.00017     0.00122
46323     0.00348     0.00016     0.00087
46353     0.00079     0.00040     0.00078
46384    -0.00260     0.00067     0.00063
46414    -0.00418     0.00035     0.00019
46445    -0.00304    -0.00027    -0.00066
46476    -0.00325    -0.00051    -0.00101
46504    -0.00171    -0.00084    -0.00113
46535     0.00035    -0.00081    -0.00056
46565     0.00060    -0.00041     0.00053
46596    -0.00084    -0.00016     0.00201
46626     0.00183     0.00027     0.00213
46657     0.00468     0.00040     0.00174
46688     0.00343     0.00021     0.00165
46718     0.00072    -0.00006     0.00163
46749    -0.00121    -0.00018     0.00109
46779    -0.00361    -0.00024     0.00058
46810    -0.00493    -0.00052     0.00008
46841    -0.00474    -0.00066    -0.00037
46869    -0.00514    -0.00068    -0.00069
46900    -0.00284    -0.00084    -0.00029
46930    -0.00109    -0.00057     0.00041
46961    -0.00377    -0.00058     0.00113
46991    -0.00169     0.00001     0.00171
47022     0.00087     0.00005     0.00136
47053     0.00177     0.00000     0.00090
47083     0.00270    -0.00002     0.00039
47114     0.00215     0.00015     0.00012
47144     0.00002    -0.00004     0.00003
47175    -0.00146    -0.00032    -0.00039
47206    -0.00134    -0.00064    -0.00085
47235    -0.00044    -0.00094    -0.00100
47266     0.00090    -0.00073    -0.00045
47296     0.00303    -0.00055    -0.00004
47327     0.00469    -0.00040     0.00087
47357     0.00538    -0.00032     0.00092
47388     0.00638    -0.00030     0.00025
47419     0.00591    -0.00009    -0.00038
47449     0.00535     0.00014    -0.00038
47480     0.00450     0.00010    -0.00045
47510     0.00356    -0.00016    -0.00074
47541     0.00210    -0.00038    -0.00122
47572     0.00063    -0.00063    -0.00157
47600     0.00089    -0.00046    -0.00166
47631     0.00198    -0.00034    -0.00128
47661     0.00255    -0.00008    -0.00025
47692     0.00234     0.00056     0.00132
47722     0.00299     0.00097     0.00184
47753     0.00476     0.00070     0.00166
47784     0.00488     0.00068     0.00135
47814     0.00511     0.00064     0.00066
47845     0.00429     0.00062     0.00009
47875     0.00398    -0.00019    -0.00057
47906     0.00292    -0.00057    -0.00101
47937     0.00121    -0.00064    -0.00139
47965     0.00035    -0.00044    -0.00140
47996     0.00011    -0.00019    -0.00073
48026    -0.00029    -0.00008     0.00050
48057     0.00193     0.00046     0.00128
48087     0.00363     0.00044     0.00111
48118     0.00384     0.00030     0.00103
48149     0.00406     0.00026     0.00064
48179     0.00272     0.00027     0.00017
48210     0.00126     0.00030    -0.00037
48240     0.00060     0.00009    -0.00098
48271    -0.00178     0.00014    -0.00136
48302    -0.00252     0.00011    -0.00176
48330    -0.00147    -0.00030    -0.00214
48361    -0.00209    -0.00034    -0.00158
48391    -0.00254    -0.00016    -0.00039
48422    -0.00096     0.00002     0.00082
48452     0.00071     0.00030     0.00109
48483     0.00266     0.00037     0.00094
48514     0.00143     0.00062     0.00087
48544     0.00173     0.00060     0.00033
48575    -0.00004     0.00078     0.00028
48605    -0.00280     0.00073    -0.00021
48636    -0.00629     0.00010    -0.00086
48667    -0.00807    -0.00026    -0.00123
48696    -0.00808    -0.00023    -0.00115
48727    -0.00678    -0.00037    -0.00087
48757    -0.00541    -0.00018    -0.00009
48788    -0.00651     0.00007     0.00123
48818    -0.00329     0.00042     0.00168
48849    -0.00123     0.00048     0.00136
48880    -0.00047     0.00043     0.00102
48910     0.00038     0.00057     0.00039
48941    -0.00141     0.00048    -0.00013
48971    -0.00302     0.00026    -0.00012
49002    -0.00403     0.00007    -0.00050
49033    -0.00448    -0.00019    -0.00105
49061    -0.00468    -0.00027    -0.00122
49092    -0.00414    -0.00016    -0.00078
49122    -0.00350    -0.00003    -0.00019
49153    -0.00302     0.00029     0.00052
49183    -0.00183     0.00053     0.00053
49214     0.00131     0.00051     0.00022
49245     0.00201     0.00041    -0.00017
49275     0.00177     0.00052    -0.00034
49306     0.00041     0.00065    -0.00056
49336    -0.00048     0.00049    -0.00081
49367    -0.00092    -0.00015    -0.00129
49398    -0.00130    -0.00047    -0.00156
49426    -0.00135    -0.00035    -0.00163
49457     0.00005    -0.00040    -0.00120
49487    -0.00040    -0.00034    -0.00029
49518     0.00055    -0.00004     0.00050
49548     0.00250     0.00030     0.00046
49579     0.00376     0.00024     0.00004
49610     0.00300     0.00014    -0.00055
49640     0.00068     0.00011    -0.00084
49671    -0.00193    -0.00004    -0.00116
49701    -0.00291    -0.00015    -0.00176
49732    -0.00380    -0.00028    -0.00232
49763    -0.00301    -0.00038    -0.00289
49791    -0.00268    -0.00048    -0.00295
49822    -0.00217    -0.00061    -0.00209
49852    -0.00142    -0.00041    -0.00088
49883    -0.00189    -0.00020     0.00017
49913     0.00080     0.00017     0.00022
49944     0.00241     0.00020    -0.00049
49975     0.00249     0.00020    -0.00117
50005     0.00185     0.00017    -0.00140
50036     0.00107     0.00019    -0.00184
50066     0.00035    -0.00029    -0.00200
50097    -0.00078    -0.00063    -0.00252
50128    -0.00117    -0.00080    -0.00315
50157    -0.00063    -0.00083    -0.00355
50188    -0.00002    -0.00077    -0.00304
50218     0.00132    -0.00054    -0.00150
50249     0.00246    -0.00034     0.00026
50279     0.00356    -0.00017     0.00167
50310     0.00458    -0.00001     0.00261
50341     0.00418    -0.00003     0.00282
50371     0.00423    -0.00008     0.00242
50402     0.00322    -0.00018     0.00186
50432     0.00180    -0.00025     0.00096
50463     0.00057    -0.00048     0.00000
50494    -0.00110    -0.00072    -0.00090
50522    -0.00262    -0.00119    -0.00159
50553    -0.00369    -0.00163    -0.00147
50583    -0.00454    -0.00171    -0.00103
50614    -0.00468    -0.00129    -0.00016
50644    -0.00214    -0.00072    -0.00002
50675     0.00041    -0.00024    -0.00018
50706     0.00067    -0.00001    -0.00075
50736    -0.00151    -0.00024    -0.00167
50767    -0.00404    -0.00057    -0.00265
50797    -0.00583    -0.00122    -0.00319
50828    -0.00752    -0.00144    -0.00347
50859    -0.00762    -0.00137    -0.00367
50887    -0.00757    -0.00127    -0.00374
50918    -0.00517    -0.00116    -0.00323
50948    -0.00239    -0.00065    -0.00215
50979    -0.00002    -0.00023    -0.00105
51009     0.00195     0.00018    -0.00114
51040     0.00344     0.00002    -0.00155
51071     0.00255     0.00007    -0.00232
51101    -0.00098     0.00033    -0.00274
51132    -0.00461     0.00028    -0.00282
51162    -0.00526     0.00009    -0.00285
51193    -0.00549    -0.00018    -0.00299
51224    -0.00532    -0.00045    -0.00294
51252    -0.00439    -0.00061    -0.00276
51283    -0.00377    -0.00052    -0.00190
51313    -0.00302    -0.00026    -0.00090
51344    -0.00191     0.00022    -0.00003
51374    -0.00104     0.00024     0.00018
51405     0.00192     0.00001    -0.00034
51436     0.00271    -0.00012    -0.00071
51466     0.00277     0.00000    -0.00102
51497     0.00291    -0.00006    -0.00113
51527     0.00211    -0.00030    -0.00107
51558     0.00180    -0.00135    -0.00100
51589     0.00190    -0.00189    -0.00114
51618     0.00143    -0.00189    -0.00105
51649     0.00101    -0.00187    -0.00080
51679     0.00176    -0.00132    -0.00064
51710    -0.00014    -0.00062    -0.00012
51740     0.00078    -0.00008     0.00046
51771     0.00272     0.00023     0.00007
51802     0.00278     0.00017    -0.00032
51832     0.00081    -0.00007    -0.00091
51863    -0.00537    -0.00054    -0.00060
51893    -0.00561    -0.00096    -0.00061
51924    -0.00642    -0.00100    -0.00072
51955    -0.00666    -0.00068    -0.00079
51983    -0.00689    -0.00062    -0.00066
52014    -0.00469    -0.00074    -0.00048
52044    -0.00276    -0.00035     0.00011
52075    -0.00108     0.00042     0.00064
52105     0.00149     0.00086     0.00094
52136     0.00361     0.00109     0.00084
52167     0.00066     0.00139     0.00061
52197     0.00048     0.00150     0.00025
52228     0.00031     0.00108    -0.00021
52258    -0.00231     0.00081    -0.00017
52289    -0.00227     0.00022    -0.00033
52320    -0.00230     0.00008    -0.00034
52348    -0.00173     0.00013    -0.00042
52379    -0.00158     0.00004     0.00004
52409     0.00033     0.00035     0.00068
52440     0.00195     0.00077     0.00155
52470     0.00102     0.00110     0.00166
52501     0.00259     0.00125     0.00149
52532     0.00250     0.00125     0.00104
52562     0.00044     0.00119     0.00054
52593    -0.00245     0.00084     0.00013
52623    -0.00308     0.00056     0.00006
52654    -0.00333     0.00004     0.00002
52685    -0.00341    -0.00021    -0.00004
52713    -0.00370    -0.00023     0.00019
52744    -0.00192    -0.00039     0.00047
52774    -0.00026    -0.00001     0.00108
52805     0.00024     0.00034     0.00184
52835     0.00099     0.00083     0.00170
52866     0.00256     0.00103     0.00129
52897     0.00182     0.00109     0.00064
52927     0.00096     0.00103     0.00014
52958     0.00032     0.00086    -0.00025
52988    -0.00015     0.00071    -0.00036
53019    -0.00074     0.00023    -0.00036
53050    -0.00199    -0.00003    -0.00024
53079    -0.00284    -0.00027    -0.00014
53110    -0.00246    -0.00066    -0.00012
53140    -0.00256    -0.00006     0.00033
53171    -0.00267     0.00072     0.00095
53201    -0.00227     0.00109     0.00137
53232    -0.00012     0.00105     0.00111
53263     0.00051     0.00117     0.00049
53293    -0.00067     0.00099     0.00019
53324    -0.00384     0.00070     0.00026
53354    -0.00560     0.00012     0.00016
53385    -0.00551    -0.00030     0.00005
53416    -0.00662    -0.00059    -0.00001
53444    -0.00664    -0.00087    -0.00018
53475    -0.00447    -0.00069     0.00009
53505    -0.00214    -0.00071     0.00034
53536    -0.00043    -0.00031     0.00114
53566     0.00203     0.00039     0.00130
53597     0.00282     0.00076     0.00109
53628     0.00361     0.00091     0.00074
53658     0.00303     0.00089     0.00049
53689     0.00273     0.00086     0.00026
53719     0.00175     0.00034     0.00042
53750     0.00134    -0.00015     0.00051
53781     0.00084    -0.00032     0.00043
53809     0.00079    -0.00071     0.00045
53840     0.00129    -0.00091     0.00074
53870     0.00152    -0.00046     0.00108
53901     0.00237     0.00024     0.00130
53931     0.00361     0.00095     0.00160
53962     0.00458     0.00092     0.00134
53993     0.00407     0.00080     0.00087
54023     0.00270     0.00079     0.00070
54054     0.00172     0.00038     0.00045
54084     0.00120     0.00002     0.00030
54115    -0.00141    -0.00001     0.00045
54146    -0.00181    -0.00026     0.00019
54174    -0.00193    -0.00030     0.00024
54205    -0.00296    -0.00038     0.00082
54235    -0.00253    -0.00033     0.00128
54266    -0.00182     0.00022     0.00168
54296    -0.00186     0.00088     0.00149
54327    -0.00037     0.00052     0.00086
54358     0.00002     0.00049     0.00013
54388     0.00070     0.00055    -0.00001
54419     0.00143     0.00009    -0.00015
54449     0.00072    -0.00041    -0.00015
54480     0.00043    -0.00091    -0.00011
54511     0.00014    -0.00102    -0.00011
54540    -0.00037    -0.00100     0.00003
54571     0.00022    -0.00090     0.00020
54601     0.00114    -0.00054     0.00081
54632     0.00258    -0.00011     0.00125
54662     0.00372     0.00011     0.00112
54693     0.00424     0.00011     0.00067
54724     0.00285    -0.00002     0.00002
54754     0.00298    -0.00002    -0.00037
54785     0.00308     0.00007    -0.00073
54815     0.00244    -0.00026    -0.00068
54846     0.00204    -0.00057    -0.00072
54877     0.00224    -0.00103    -0.00090
54905     0.00183    -0.00112    -0.00094
54936     0.00155    -0.00098    -0.00061
54966     0.00142    -0.00052     0.00012
54997     0.00265    -0.00015     0.00080
55027     0.00387     0.00010     0.00097
55058     0.00472     0.00022     0.00083
55089     0.00414     0.00030     0.00045
55119     0.00189     0.00070     0.00026
55150     0.00070     0.00025    -0.00001
55180     0.00006    -0.00028    -0.00019
55211    -0.00036    -0.00080    -0.00051
55242    -0.00255    -0.00078    -0.00061
55270    -0.00185    -0.00101    -0.00067
55301    -0.00090    -0.00105    -0.00043
55331    -0.00009    -0.00082    -0.00007
55362     0.00114    -0.00034     0.00043
55392     0.00105     0.00004     0.00078
55423     0.00351     0.00018     0.00039
55454     0.00297     0.00050    -0.00039
55484     0.00325     0.00058    -0.00094
55515     0.00325     0.00035    -0.00111
55545     0.00269    -0.00006    -0.00136
55576     0.00156    -0.00047    -0.00134
55607     0.00103    -0.00061    -0.00133
55635     0.00112    -0.00074    -0.00118
55666     0.00163    -0.00066    -0.00072
55696     0.00191    -0.00038     0.00003
55727     0.00327     0.00011     0.00071
55757     0.00447     0.00062     0.00083
55788     0.00553     0.00073     0.00056
55819     0.00587     0.00083     0.00002
55849     0.00496     0.00048    -0.00022
55880     0.00442     0.00014    -0.00029
55910     0.00267     0.00009    -0.00022
55941     0.00186    -0.00019    -0.00030
55972     0.00042    -0.00014    -0.00026
56001     0.00002     0.00012    -0.00006
56032     0.00039     0.00013     0.00021
56062     0.00122     0.00002     0.00036
56093     0.00306     0.00025     0.00104
56123     0.00477     0.00040     0.00102
56154     0.00603     0.00051     0.00054
56185     0.00616     0.00060    -0.00023
56215     0.00454     0.00041    -0.00032
56246     0.00464     0.00004    -0.00084
56276     0.00416    -0.00031    -0.00104
56307     0.00182    -0.00034    -0.00092
56338     0.00102    -0.00041    -0.00092
56366     0.00104    -0.00041    -0.00075
56397     0.00103    -0.00055    -0.00035
56427     0.00127    -0.00030     0.00030
56458     0.00112     0.00014     0.00091
56488     0.00264     0.00053     0.00108
56519     0.00360     0.00075     0.00102
56550     0.00345     0.00073     0.00062
56580     0.00155     0.00076     0.00053
56611    -0.00019     0.00062     0.00066
56641    -0.00119     0.00041     0.00073
56672    -0.00147     0.00002     0.00075
56703    -0.00140    -0.00022     0.00087
56731    -0.00141    -0.00050     0.00116
56762    -0.00064    -0.00042     0.00157
56792    -0.00017    -0.00041     0.00180
56823    -0.00058     0.00001     0.00228
56853     0.00102     0.00036     0.00227
56884     0.00303     0.00034     0.00173
56915     0.00301     0.00031     0.00096
56945     0.00203     0.00023     0.00049
56976     0.00032    -0.00008     0.00014
57006    -0.00100    -0.00024     0.00016
57037    -0.00242    -0.00010    -0.00006
57068    -0.00303    -0.00027    -0.00023
57096    -0.00444    -0.00017    -0.00023
57127    -0.00451    -0.00017    -0.00018
57157    -0.00564    -0.00002     0.00069
57188    -0.00638     0.00039     0.00153
57218    -0.00412     0.00059     0.00192
57249    -0.00030     0.00053     0.00138
57280     0.00116     0.00058     0.00068
57310     0.00089     0.00059     0.00014
57341    -0.00373     0.00088    -0.00003
57371    -0.00558     0.00092    -0.00023
57402    -0.00628     0.00049    -0.00036
57433    -0.00539     0.00011    -0.00045
57462    -0.00596    -0.00025    -0.00047
57493    -0.00538    -0.00053    -0.00029
57523    -0.00556    -0.00036     0.00008
57554    -0.00627     0.00006     0.00057
