# Hydrology loading displacements computed from the monthly GLDAS NOAH model
# This is a product of the Hydrology loading service: http://lacerta.gsfc.nasa.gov/hydlo/
# Displacements are with respect to the center of mass of the total earth
#
# Created for VieVS on 17.03.2017 at 11:46:08 local time
# OFFSET + TREND REMOVED!!! - Hana 
# mjd up (meters) eastwest (meters) northsouth (meters)
43888    -0.00096    -0.00003    -0.00007
43919    -0.00136    -0.00027    -0.00045
43947    -0.00118    -0.00010    -0.00055
43978    -0.00101     0.00027    -0.00037
44008    -0.00043     0.00064     0.00042
44039     0.00011     0.00075     0.00129
44069     0.00086     0.00007     0.00153
44100     0.00114    -0.00044     0.00141
44131     0.00093    -0.00035     0.00123
44161     0.00058    -0.00010     0.00093
44192    -0.00007     0.00009     0.00064
44222    -0.00052     0.00007     0.00053
44253    -0.00089     0.00021     0.00038
44284    -0.00102     0.00015     0.00003
44313    -0.00106    -0.00006    -0.00026
44344    -0.00082     0.00021     0.00004
44374    -0.00019     0.00045     0.00065
44405     0.00051     0.00037     0.00123
44435     0.00107    -0.00034     0.00149
44466     0.00120    -0.00084     0.00142
44497     0.00097    -0.00077     0.00112
44527     0.00063    -0.00029     0.00087
44558     0.00005    -0.00004     0.00050
44588    -0.00036    -0.00001     0.00027
44619    -0.00056    -0.00015     0.00027
44650    -0.00050    -0.00023     0.00019
44678    -0.00066    -0.00033     0.00004
44709    -0.00050    -0.00026     0.00015
44739    -0.00031     0.00013     0.00069
44770     0.00048     0.00058     0.00138
44800     0.00111    -0.00000     0.00147
44831     0.00135    -0.00067     0.00132
44862     0.00122    -0.00076     0.00114
44892     0.00084    -0.00052     0.00054
44923     0.00062    -0.00032     0.00005
44953     0.00004    -0.00001    -0.00029
44984    -0.00083     0.00013    -0.00066
45015    -0.00106    -0.00009    -0.00106
45043    -0.00096    -0.00015    -0.00113
45074    -0.00087     0.00025    -0.00062
45104    -0.00044     0.00040     0.00021
45135     0.00019     0.00087     0.00134
45165     0.00071     0.00083     0.00218
45196     0.00102    -0.00004     0.00184
45227     0.00099    -0.00027     0.00139
45257     0.00061    -0.00019     0.00106
45288     0.00017    -0.00033     0.00029
45318    -0.00044    -0.00015    -0.00040
45349    -0.00083    -0.00001    -0.00091
45380    -0.00120     0.00009    -0.00125
45408    -0.00103     0.00032    -0.00151
45439    -0.00072     0.00080    -0.00109
45469    -0.00005     0.00091    -0.00054
45500     0.00059     0.00089     0.00056
45530     0.00147     0.00039     0.00099
45561     0.00196    -0.00052     0.00096
45592     0.00205    -0.00083     0.00054
45622     0.00183    -0.00060    -0.00003
45653     0.00131    -0.00012    -0.00040
45683     0.00036     0.00017    -0.00082
45714    -0.00006    -0.00007    -0.00112
45745    -0.00026     0.00007    -0.00123
45774    -0.00030     0.00026    -0.00119
45805    -0.00032     0.00061    -0.00048
45835     0.00011     0.00090     0.00025
45866     0.00065     0.00099     0.00081
45896     0.00153     0.00060     0.00106
45927     0.00195     0.00010     0.00100
45958     0.00184    -0.00002     0.00083
45988     0.00122     0.00023     0.00044
46019     0.00055     0.00064     0.00012
46049     0.00002     0.00074    -0.00025
46080    -0.00072     0.00093    -0.00033
46111    -0.00108     0.00051    -0.00051
46139    -0.00102     0.00046    -0.00086
46170    -0.00075     0.00052    -0.00023
46200    -0.00036     0.00065     0.00025
46231     0.00029     0.00079     0.00100
46261     0.00072     0.00025     0.00149
46292     0.00088    -0.00020     0.00134
46323     0.00098    -0.00034     0.00093
46353     0.00098    -0.00012     0.00041
46384     0.00055     0.00016    -0.00004
46414    -0.00018     0.00021    -0.00034
46445    -0.00079    -0.00002    -0.00059
46476    -0.00120     0.00006    -0.00091
46504    -0.00144     0.00012    -0.00090
46535    -0.00108     0.00026    -0.00044
46565    -0.00049     0.00068     0.00024
46596     0.00006     0.00107     0.00137
46626     0.00098     0.00046     0.00153
46657     0.00127    -0.00025     0.00140
46688     0.00091    -0.00013     0.00129
46718     0.00059     0.00010     0.00108
46749     0.00021     0.00006     0.00068
46779    -0.00032     0.00018     0.00023
46810    -0.00071     0.00025    -0.00011
46841    -0.00098     0.00030    -0.00049
46869    -0.00113     0.00031    -0.00086
46900    -0.00097     0.00057    -0.00045
46930    -0.00034     0.00085     0.00016
46961     0.00007     0.00076     0.00086
46991     0.00074     0.00066     0.00136
47022     0.00096     0.00018     0.00129
47053     0.00085    -0.00024     0.00095
47083     0.00050    -0.00032     0.00061
47114     0.00027    -0.00012     0.00019
47144    -0.00029     0.00021    -0.00003
47175    -0.00079     0.00027    -0.00043
47206    -0.00110     0.00011    -0.00063
47235    -0.00120    -0.00021    -0.00056
47266    -0.00074    -0.00001    -0.00018
47296    -0.00020    -0.00002     0.00021
47327     0.00035     0.00011     0.00109
47357     0.00082    -0.00032     0.00132
47388     0.00094    -0.00109     0.00100
47419     0.00088    -0.00135     0.00052
47449     0.00068    -0.00105     0.00030
47480     0.00013    -0.00061     0.00004
47510    -0.00044    -0.00031    -0.00028
47541    -0.00073    -0.00039    -0.00064
47572    -0.00089    -0.00050    -0.00093
47600    -0.00088    -0.00044    -0.00123
47631    -0.00052    -0.00041    -0.00089
47661    -0.00006    -0.00023    -0.00014
47692     0.00066     0.00013     0.00070
47722     0.00116    -0.00023     0.00124
47753     0.00126    -0.00067     0.00138
47784     0.00118    -0.00073     0.00106
47814     0.00090    -0.00074     0.00058
47845     0.00042    -0.00041     0.00010
47875    -0.00047    -0.00040    -0.00004
47906    -0.00101    -0.00044    -0.00031
47937    -0.00138    -0.00054    -0.00072
47965    -0.00113    -0.00041    -0.00107
47996    -0.00061    -0.00027    -0.00064
48026    -0.00018     0.00005     0.00010
48057     0.00063     0.00019     0.00063
48087     0.00120    -0.00016     0.00095
48118     0.00145    -0.00047     0.00102
48149     0.00135    -0.00053     0.00082
48179     0.00104    -0.00040     0.00023
48210     0.00044    -0.00014    -0.00037
48240    -0.00029    -0.00001    -0.00089
48271    -0.00065    -0.00011    -0.00128
48302    -0.00055    -0.00043    -0.00148
48330    -0.00103    -0.00046    -0.00164
48361    -0.00095    -0.00016    -0.00113
48391    -0.00080     0.00030    -0.00036
48422    -0.00002     0.00025     0.00055
48452     0.00072     0.00012     0.00106
48483     0.00099    -0.00050     0.00102
48514     0.00103    -0.00040     0.00072
48544     0.00062    -0.00018     0.00034
48575     0.00024     0.00009    -0.00019
48605    -0.00018     0.00020    -0.00079
48636    -0.00060     0.00032    -0.00117
48667    -0.00086     0.00050    -0.00147
48696    -0.00094     0.00083    -0.00168
48727    -0.00098     0.00103    -0.00125
48757    -0.00039     0.00115    -0.00045
48788     0.00013     0.00132     0.00048
48818     0.00067     0.00096     0.00084
48849     0.00099     0.00025     0.00077
48880     0.00090     0.00013     0.00058
48910     0.00071     0.00011     0.00014
48941    -0.00002     0.00031    -0.00035
48971    -0.00035     0.00057    -0.00046
49002    -0.00048     0.00042    -0.00078
49033    -0.00050     0.00004    -0.00113
49061    -0.00074    -0.00002    -0.00132
49092    -0.00073     0.00025    -0.00105
49122    -0.00033     0.00030    -0.00055
49153     0.00025     0.00039     0.00025
49183     0.00080     0.00020     0.00041
49214     0.00101    -0.00040     0.00024
49245     0.00081    -0.00055    -0.00010
49275     0.00041    -0.00035    -0.00036
49306    -0.00006    -0.00001    -0.00072
49336    -0.00053     0.00016    -0.00100
49367    -0.00117     0.00020    -0.00111
49398    -0.00132     0.00007    -0.00121
49426    -0.00115     0.00004    -0.00143
49457    -0.00099     0.00030    -0.00110
49487    -0.00063     0.00053    -0.00049
49518    -0.00014     0.00059     0.00019
49548     0.00051    -0.00001     0.00013
49579     0.00066    -0.00069     0.00009
49610     0.00036    -0.00086    -0.00023
49640    -0.00015    -0.00047    -0.00044
49671    -0.00069    -0.00028    -0.00084
49701    -0.00099    -0.00030    -0.00148
49732    -0.00122    -0.00035    -0.00198
49763    -0.00130    -0.00059    -0.00242
49791    -0.00129    -0.00066    -0.00250
49822    -0.00114    -0.00026    -0.00191
49852    -0.00074     0.00014    -0.00117
49883    -0.00016     0.00032    -0.00050
49913     0.00055    -0.00015    -0.00026
49944     0.00078    -0.00095    -0.00057
49975     0.00060    -0.00117    -0.00089
50005     0.00025    -0.00094    -0.00111
50036    -0.00022    -0.00057    -0.00151
50066    -0.00082    -0.00025    -0.00150
50097    -0.00144    -0.00031    -0.00177
50128    -0.00182    -0.00048    -0.00220
50157    -0.00180    -0.00068    -0.00244
50188    -0.00148    -0.00057    -0.00201
50218    -0.00102     0.00018    -0.00082
50249    -0.00027     0.00052     0.00068
50279     0.00033     0.00106     0.00192
50310     0.00073     0.00131     0.00271
50341     0.00074     0.00140     0.00301
50371     0.00047     0.00132     0.00273
50402     0.00009     0.00120     0.00219
50432    -0.00043     0.00092     0.00146
50463    -0.00085     0.00055     0.00073
50494    -0.00115     0.00018    -0.00011
50522    -0.00137    -0.00016    -0.00065
50553    -0.00128    -0.00048    -0.00035
50583    -0.00095    -0.00046    -0.00005
50614    -0.00035    -0.00011     0.00042
50644     0.00029    -0.00028     0.00040
50675     0.00076    -0.00060     0.00013
50706     0.00078    -0.00074    -0.00046
50736     0.00032    -0.00086    -0.00110
50767    -0.00035    -0.00103    -0.00174
50797    -0.00091    -0.00122    -0.00215
50828    -0.00112    -0.00131    -0.00263
50859    -0.00121    -0.00108    -0.00306
50887    -0.00129    -0.00089    -0.00340
50918    -0.00115    -0.00052    -0.00310
50948    -0.00057    -0.00000    -0.00244
50979     0.00000     0.00029    -0.00162
51009     0.00066    -0.00038    -0.00154
51040     0.00087    -0.00114    -0.00144
51071     0.00065    -0.00147    -0.00163
51101     0.00022    -0.00122    -0.00213
51132    -0.00013    -0.00067    -0.00250
51162    -0.00051    -0.00039    -0.00263
51193    -0.00102    -0.00024    -0.00276
51224    -0.00127    -0.00020    -0.00273
51252    -0.00125    -0.00025    -0.00253
51283    -0.00089     0.00001    -0.00192
51313    -0.00044     0.00033    -0.00135
51344     0.00029     0.00051    -0.00081
51374     0.00083     0.00035    -0.00034
51405     0.00088    -0.00042    -0.00034
51436     0.00069    -0.00057    -0.00045
51466     0.00033    -0.00060    -0.00070
51497     0.00007    -0.00048    -0.00082
51527    -0.00041    -0.00025    -0.00076
51558    -0.00103    -0.00025    -0.00023
51589    -0.00114    -0.00034    -0.00007
51618    -0.00094    -0.00047    -0.00013
51649    -0.00096    -0.00048     0.00002
51679    -0.00036    -0.00065     0.00002
51710     0.00039    -0.00044     0.00009
51740     0.00092    -0.00037     0.00043
51771     0.00119    -0.00063     0.00038
51802     0.00117    -0.00062     0.00028
51832     0.00089    -0.00066    -0.00010
51863     0.00052    -0.00042    -0.00020
51893     0.00025    -0.00056    -0.00006
51924    -0.00019    -0.00027    -0.00032
51955    -0.00027    -0.00017    -0.00079
51983    -0.00043    -0.00005    -0.00090
52014    -0.00038    -0.00006    -0.00059
52044     0.00011     0.00020    -0.00016
52075     0.00074     0.00026     0.00019
52105     0.00134     0.00004     0.00049
52136     0.00172    -0.00043     0.00045
52167     0.00155    -0.00037     0.00029
52197     0.00131    -0.00040    -0.00005
52228     0.00103    -0.00054    -0.00028
52258     0.00050    -0.00021    -0.00030
52289    -0.00004    -0.00016    -0.00028
52320    -0.00023    -0.00007    -0.00041
52348    -0.00037     0.00001    -0.00059
52379    -0.00046     0.00039    -0.00034
52409    -0.00002     0.00074     0.00000
52440     0.00062     0.00104     0.00064
52470     0.00127     0.00073     0.00089
52501     0.00149     0.00020     0.00091
52532     0.00141    -0.00008     0.00069
52562     0.00086    -0.00012     0.00024
52593     0.00022    -0.00003     0.00004
52623    -0.00025     0.00015    -0.00001
52654    -0.00064     0.00022     0.00011
52685    -0.00084     0.00030     0.00011
52713    -0.00078     0.00046     0.00019
52744    -0.00066     0.00058     0.00049
52774    -0.00024     0.00095     0.00073
52805     0.00029     0.00118     0.00117
52835     0.00101     0.00058     0.00127
52866     0.00129    -0.00009     0.00113
52897     0.00123    -0.00044     0.00064
52927     0.00093    -0.00028     0.00020
52958     0.00023     0.00001    -0.00014
52988    -0.00022     0.00016    -0.00020
53019    -0.00062     0.00030    -0.00006
53050    -0.00085     0.00029     0.00010
53079    -0.00096     0.00034     0.00011
53110    -0.00097     0.00025     0.00039
53140    -0.00060     0.00060     0.00058
53171     0.00012     0.00071     0.00076
53201     0.00074     0.00046     0.00103
53232     0.00099    -0.00017     0.00088
53263     0.00090    -0.00034     0.00032
53293     0.00067    -0.00022    -0.00004
53324     0.00012     0.00012    -0.00017
53354    -0.00030    -0.00004    -0.00008
53385    -0.00057     0.00004    -0.00012
53416    -0.00094     0.00033    -0.00020
53444    -0.00127     0.00051    -0.00021
53475    -0.00109     0.00068    -0.00002
53505    -0.00080     0.00070     0.00030
53536    -0.00010     0.00088     0.00079
53566     0.00081     0.00046     0.00092
53597     0.00120    -0.00010     0.00070
53628     0.00121    -0.00036     0.00037
53658     0.00094    -0.00011     0.00007
53689     0.00068     0.00017    -0.00015
53719    -0.00002     0.00074     0.00013
53750    -0.00046     0.00099     0.00034
53781    -0.00078     0.00094     0.00034
53809    -0.00097     0.00077     0.00047
53840    -0.00076     0.00071     0.00076
53870    -0.00038     0.00079     0.00086
53901     0.00035     0.00079     0.00106
53931     0.00128     0.00039     0.00123
53962     0.00143    -0.00021     0.00121
53993     0.00121    -0.00035     0.00079
54023     0.00073     0.00003     0.00064
54054     0.00010     0.00023     0.00057
54084    -0.00021     0.00038     0.00053
54115    -0.00031     0.00052     0.00051
54146    -0.00054     0.00038     0.00040
54174    -0.00061     0.00061     0.00031
54205    -0.00054     0.00093     0.00059
54235    -0.00021     0.00091     0.00085
54266     0.00047     0.00074     0.00108
54296     0.00110     0.00008     0.00106
54327     0.00116    -0.00065     0.00099
54358     0.00097    -0.00099     0.00052
54388     0.00081    -0.00080     0.00028
54419     0.00041    -0.00079     0.00040
54449    -0.00016    -0.00053     0.00043
54480    -0.00061    -0.00033     0.00059
54511    -0.00078    -0.00012     0.00049
54540    -0.00107     0.00025     0.00039
54571    -0.00111     0.00035     0.00037
54601    -0.00068     0.00064     0.00067
54632     0.00002     0.00061     0.00092
54662     0.00058     0.00014     0.00100
54693     0.00079    -0.00056     0.00079
54724     0.00062    -0.00072     0.00029
54754     0.00028    -0.00064    -0.00010
54785     0.00008    -0.00062    -0.00048
54815    -0.00050    -0.00020    -0.00039
54846    -0.00085    -0.00002    -0.00039
54877    -0.00118    -0.00016    -0.00029
54905    -0.00132    -0.00007    -0.00037
54936    -0.00129     0.00016    -0.00028
54966    -0.00081     0.00036     0.00002
54997    -0.00009     0.00053     0.00053
55027     0.00060     0.00013     0.00075
55058     0.00075    -0.00044     0.00067
55089     0.00069    -0.00072     0.00042
55119     0.00049    -0.00056     0.00007
55150    -0.00020    -0.00044     0.00004
55180    -0.00070    -0.00029     0.00013
55211    -0.00115    -0.00035     0.00006
55242    -0.00131    -0.00013    -0.00026
55270    -0.00136    -0.00024    -0.00021
55301    -0.00112    -0.00009    -0.00003
55331    -0.00077     0.00008     0.00018
55362    -0.00014     0.00019     0.00048
55392     0.00068    -0.00014     0.00074
55423     0.00100    -0.00090     0.00060
55454     0.00093    -0.00132    -0.00008
55484     0.00065    -0.00126    -0.00061
55515     0.00007    -0.00091    -0.00081
55545    -0.00051    -0.00067    -0.00097
55576    -0.00087    -0.00036    -0.00088
55607    -0.00103    -0.00019    -0.00092
55635    -0.00108     0.00003    -0.00087
55666    -0.00092     0.00038    -0.00062
55696    -0.00057     0.00059    -0.00023
55727     0.00026     0.00046     0.00022
55757     0.00108     0.00012     0.00040
55788     0.00141    -0.00047     0.00035
55819     0.00132    -0.00089     0.00001
55849     0.00099    -0.00095    -0.00002
55880     0.00055    -0.00075    -0.00004
55910     0.00016    -0.00042    -0.00009
55941    -0.00024    -0.00027    -0.00009
55972    -0.00041    -0.00004    -0.00013
56001    -0.00022     0.00013    -0.00016
56032    -0.00028     0.00040    -0.00000
56062    -0.00013     0.00053     0.00025
56093     0.00050     0.00057     0.00080
56123     0.00107    -0.00001     0.00102
56154     0.00129    -0.00080     0.00074
56185     0.00128    -0.00143     0.00016
56215     0.00075    -0.00114    -0.00005
56246     0.00019    -0.00109    -0.00031
56276    -0.00025    -0.00088    -0.00036
56307    -0.00062    -0.00059    -0.00035
56338    -0.00094    -0.00039    -0.00042
56366    -0.00109    -0.00010    -0.00043
56397    -0.00105     0.00000    -0.00008
56427    -0.00058     0.00022     0.00039
56458     0.00008     0.00056     0.00065
56488     0.00104     0.00016     0.00075
56519     0.00141    -0.00039     0.00063
56550     0.00138    -0.00047     0.00044
56580     0.00117    -0.00031     0.00019
56611     0.00079     0.00013     0.00025
56641     0.00046     0.00036     0.00033
56672     0.00009     0.00039     0.00055
56703    -0.00021     0.00052     0.00071
56731    -0.00035     0.00078     0.00102
56762    -0.00018     0.00095     0.00126
56792    -0.00002     0.00105     0.00148
56823     0.00047     0.00117     0.00164
56853     0.00103     0.00080     0.00163
56884     0.00126    -0.00005     0.00144
56915     0.00115    -0.00042     0.00089
56945     0.00070    -0.00038     0.00050
56976     0.00022    -0.00006     0.00024
57006    -0.00028     0.00043     0.00018
57037    -0.00040     0.00043    -0.00008
57068    -0.00083     0.00069    -0.00027
57096    -0.00099     0.00087    -0.00033
57127    -0.00084     0.00085    -0.00014
57157    -0.00041     0.00117     0.00028
57188     0.00021     0.00126     0.00073
57218     0.00075     0.00098     0.00106
57249     0.00096     0.00025     0.00081
57280     0.00086    -0.00010     0.00033
57310     0.00054    -0.00011    -0.00018
57341     0.00025    -0.00014    -0.00071
57371     0.00003    -0.00026    -0.00114
57402    -0.00036    -0.00019    -0.00110
57433    -0.00074     0.00011    -0.00102
57462    -0.00111     0.00039    -0.00084
57493    -0.00114     0.00041    -0.00055
57523    -0.00080     0.00041    -0.00028
57554    -0.00016     0.00040     0.00014
