# Hydrology loading displacements computed from the monthly GLDAS NOAH model
# This is a product of the Hydrology loading service: http://lacerta.gsfc.nasa.gov/hydlo/
# Displacements are with respect to the center of mass of the total earth
#
# Created for VieVS on 17.03.2017 at 11:46:08 local time
# OFFSET + TREND REMOVED!!! - Hana 
# mjd up (meters) eastwest (meters) northsouth (meters)
43888    -0.00023     0.00058    -0.00058
43919    -0.00164     0.00081    -0.00072
43947    -0.00202     0.00054    -0.00067
43978    -0.00113     0.00032    -0.00078
44008     0.00180    -0.00000    -0.00052
44039     0.00481    -0.00028     0.00004
44069     0.00587    -0.00029     0.00074
44100     0.00509     0.00001     0.00102
44131     0.00467     0.00006     0.00102
44161     0.00445    -0.00028     0.00094
44192     0.00294    -0.00015     0.00054
44222     0.00206     0.00022     0.00013
44253     0.00144     0.00039    -0.00030
44284     0.00066     0.00041    -0.00041
44313     0.00005     0.00046    -0.00041
44344     0.00119     0.00035    -0.00043
44374     0.00343    -0.00003     0.00003
44405     0.00535    -0.00034     0.00060
44435     0.00607    -0.00009     0.00127
44466     0.00590     0.00014     0.00182
44497     0.00540     0.00015     0.00161
44527     0.00490    -0.00006     0.00125
44558     0.00376    -0.00005     0.00083
44588     0.00260     0.00014     0.00048
44619     0.00215     0.00039     0.00046
44650     0.00139     0.00051     0.00044
44678     0.00056     0.00069     0.00025
44709     0.00148     0.00061     0.00010
44739     0.00363     0.00035     0.00013
44770     0.00646    -0.00035     0.00047
44800     0.00688    -0.00015     0.00103
44831     0.00578     0.00017     0.00146
44862     0.00526     0.00020     0.00149
44892     0.00429    -0.00009     0.00122
44923     0.00307    -0.00025     0.00088
44953     0.00183    -0.00024     0.00034
44984     0.00065     0.00004    -0.00033
45015    -0.00027     0.00019    -0.00053
45043    -0.00059     0.00017    -0.00046
45074     0.00124     0.00013    -0.00061
45104     0.00323     0.00015    -0.00021
45135     0.00652    -0.00023     0.00015
45165     0.00831    -0.00018     0.00064
45196     0.00697     0.00020     0.00099
45227     0.00544     0.00022     0.00111
45257     0.00466     0.00025     0.00096
45288     0.00274     0.00023     0.00070
45318     0.00109     0.00027     0.00006
45349    -0.00059     0.00021    -0.00031
45380    -0.00181     0.00027    -0.00074
45408    -0.00205    -0.00013    -0.00074
45439    -0.00063    -0.00047    -0.00064
45469     0.00139    -0.00089    -0.00011
45500     0.00393    -0.00096     0.00050
45530     0.00458    -0.00090     0.00125
45561     0.00399    -0.00046     0.00201
45592     0.00281    -0.00047     0.00232
45622     0.00172    -0.00075     0.00201
45653     0.00093    -0.00096     0.00141
45683    -0.00020    -0.00070     0.00053
45714    -0.00144    -0.00038     0.00033
45745    -0.00210    -0.00030     0.00010
45774    -0.00243    -0.00032     0.00001
45805    -0.00108    -0.00012    -0.00016
45835     0.00155    -0.00044     0.00009
45866     0.00355    -0.00074     0.00040
45896     0.00417    -0.00110     0.00096
45927     0.00304    -0.00099     0.00148
45958     0.00220    -0.00089     0.00136
45988     0.00157    -0.00091     0.00096
46019     0.00044    -0.00090     0.00031
46049    -0.00111    -0.00073    -0.00023
46080    -0.00225    -0.00027    -0.00099
46111    -0.00374     0.00029    -0.00118
46139    -0.00445     0.00012    -0.00113
46170    -0.00233     0.00028    -0.00095
46200    -0.00028     0.00005    -0.00061
46231     0.00199    -0.00038    -0.00004
46261     0.00266    -0.00011     0.00047
46292     0.00209     0.00014     0.00065
46323     0.00124     0.00005     0.00088
46353     0.00057    -0.00033     0.00063
46384    -0.00049    -0.00039     0.00014
46414    -0.00169    -0.00003    -0.00046
46445    -0.00318     0.00037    -0.00064
46476    -0.00431     0.00048    -0.00097
46504    -0.00473     0.00063    -0.00113
46535    -0.00313     0.00059    -0.00088
46565    -0.00065     0.00009    -0.00055
46596     0.00239    -0.00035    -0.00026
46626     0.00310    -0.00064     0.00033
46657     0.00335    -0.00067     0.00109
46688     0.00364    -0.00062     0.00096
46718     0.00389    -0.00063     0.00054
46749     0.00251    -0.00043     0.00021
46779     0.00083    -0.00034    -0.00032
46810    -0.00055    -0.00027    -0.00070
46841    -0.00167    -0.00033    -0.00083
46869    -0.00239    -0.00038    -0.00101
46900    -0.00118    -0.00036    -0.00102
46930     0.00100    -0.00075    -0.00061
46961     0.00311    -0.00083    -0.00015
46991     0.00474    -0.00106     0.00035
47022     0.00409    -0.00080     0.00061
47053     0.00281    -0.00048     0.00078
47083     0.00156    -0.00047     0.00084
47114     0.00027    -0.00065     0.00060
47144    -0.00096    -0.00050     0.00003
47175    -0.00274    -0.00035    -0.00040
47206    -0.00386    -0.00001    -0.00065
47235    -0.00433     0.00042    -0.00063
47266    -0.00232     0.00023    -0.00038
47296    -0.00054    -0.00006     0.00005
47327     0.00172    -0.00026     0.00054
47357     0.00213     0.00004     0.00113
47388     0.00135     0.00049     0.00157
47419     0.00046     0.00075     0.00149
47449     0.00038     0.00045     0.00126
47480    -0.00020     0.00037     0.00075
47510    -0.00143     0.00045     0.00021
47541    -0.00297     0.00069    -0.00023
47572    -0.00428     0.00082    -0.00040
47600    -0.00467     0.00066    -0.00033
47631    -0.00311     0.00056     0.00001
47661    -0.00097     0.00037     0.00033
47692     0.00160    -0.00016     0.00070
47722     0.00306     0.00005     0.00118
47753     0.00296     0.00042     0.00145
47784     0.00275     0.00042     0.00127
47814     0.00210     0.00033     0.00106
47845     0.00087     0.00017     0.00060
47875    -0.00053     0.00064     0.00003
47906    -0.00183     0.00096    -0.00050
47937    -0.00316     0.00111    -0.00087
47965    -0.00357     0.00071    -0.00096
47996    -0.00215     0.00052    -0.00067
48026     0.00006     0.00031    -0.00041
48057     0.00222    -0.00021    -0.00002
48087     0.00287    -0.00007     0.00031
48118     0.00199     0.00013     0.00052
48149     0.00101     0.00019     0.00057
48179     0.00036    -0.00007     0.00036
48210    -0.00083    -0.00017    -0.00015
48240    -0.00242     0.00001    -0.00071
48271    -0.00392     0.00017    -0.00103
48302    -0.00485     0.00025    -0.00079
48330    -0.00549     0.00052    -0.00112
48361    -0.00390     0.00064    -0.00126
48391    -0.00124     0.00055    -0.00123
48422     0.00132     0.00036    -0.00062
48452     0.00254     0.00032    -0.00001
48483     0.00228     0.00047     0.00054
48514     0.00130     0.00014     0.00050
48544     0.00055     0.00004     0.00032
48575    -0.00058    -0.00013     0.00001
48605    -0.00218    -0.00021    -0.00045
48636    -0.00356    -0.00008    -0.00101
48667    -0.00463    -0.00007    -0.00137
48696    -0.00498    -0.00032    -0.00164
48727    -0.00362    -0.00021    -0.00166
48757    -0.00133    -0.00045    -0.00116
48788     0.00157    -0.00069    -0.00065
48818     0.00283    -0.00072    -0.00029
48849     0.00225    -0.00046     0.00016
48880     0.00105    -0.00031     0.00014
48910     0.00022    -0.00045     0.00010
48941    -0.00102    -0.00037    -0.00047
48971    -0.00175    -0.00029    -0.00087
49002    -0.00277    -0.00012    -0.00112
49033    -0.00407     0.00007    -0.00106
49061    -0.00422     0.00015    -0.00127
49092    -0.00313     0.00011    -0.00138
49122    -0.00169    -0.00007    -0.00092
49153     0.00090    -0.00038    -0.00052
49183     0.00177    -0.00052    -0.00049
49214     0.00009    -0.00017    -0.00022
49245    -0.00033    -0.00010    -0.00019
49275    -0.00075    -0.00019    -0.00026
49306    -0.00171    -0.00022    -0.00073
49336    -0.00290    -0.00007    -0.00115
49367    -0.00419     0.00032    -0.00166
49398    -0.00506     0.00056    -0.00186
49426    -0.00520     0.00038    -0.00175
49457    -0.00390     0.00030    -0.00177
49487    -0.00242     0.00013    -0.00153
49518    -0.00104    -0.00006    -0.00121
49548    -0.00211     0.00007    -0.00093
49579    -0.00280     0.00054    -0.00057
49610    -0.00385     0.00073    -0.00040
49640    -0.00386     0.00070    -0.00078
49671    -0.00503     0.00077    -0.00126
49701    -0.00696     0.00072    -0.00171
49732    -0.00855     0.00068    -0.00182
49763    -0.00971     0.00069    -0.00171
49791    -0.00962     0.00073    -0.00166
49822    -0.00765     0.00077    -0.00176
49852    -0.00585     0.00050    -0.00156
49883    -0.00400     0.00016    -0.00112
49913    -0.00295     0.00014    -0.00051
49944    -0.00387     0.00050    -0.00017
49975    -0.00443     0.00054     0.00007
50005    -0.00456     0.00043    -0.00017
50036    -0.00554     0.00029    -0.00064
50066    -0.00625     0.00055    -0.00118
50097    -0.00761     0.00086    -0.00154
50128    -0.00894     0.00099    -0.00170
50157    -0.00955     0.00092    -0.00146
50188    -0.00830     0.00083    -0.00117
50218    -0.00498     0.00037    -0.00091
50249    -0.00102     0.00010    -0.00016
50279     0.00295    -0.00032     0.00044
50310     0.00602    -0.00061     0.00091
50341     0.00697    -0.00061     0.00105
50371     0.00628    -0.00059     0.00102
50402     0.00502    -0.00047     0.00068
50432     0.00329    -0.00028     0.00038
50463     0.00141    -0.00004    -0.00002
50494    -0.00055     0.00010    -0.00044
50522    -0.00179     0.00041    -0.00082
50553    -0.00089     0.00099    -0.00097
50583    -0.00047     0.00113    -0.00089
50614     0.00046     0.00072    -0.00062
50644     0.00056     0.00025    -0.00014
50675    -0.00137     0.00008     0.00038
50706    -0.00311     0.00007     0.00039
50736    -0.00462     0.00033    -0.00007
50767    -0.00639     0.00079    -0.00059
50797    -0.00803     0.00123    -0.00108
50828    -0.00955     0.00128    -0.00141
50859    -0.01055     0.00095    -0.00163
50887    -0.01088     0.00058    -0.00183
50918    -0.00945     0.00031    -0.00182
50948    -0.00753    -0.00018    -0.00144
50979    -0.00560    -0.00045    -0.00098
51009    -0.00592    -0.00025    -0.00031
51040    -0.00652     0.00040     0.00011
51071    -0.00642     0.00055     0.00041
51101    -0.00702     0.00043     0.00010
51132    -0.00813     0.00020    -0.00040
51162    -0.00918     0.00025    -0.00085
51193    -0.00979     0.00039    -0.00123
51224    -0.00959     0.00051    -0.00140
51252    -0.00921     0.00058    -0.00130
51283    -0.00736     0.00054    -0.00124
51313    -0.00519     0.00020    -0.00110
51344    -0.00294    -0.00039    -0.00062
51374    -0.00204    -0.00027    -0.00030
51405    -0.00226     0.00017     0.00033
51436    -0.00191     0.00019     0.00052
51466    -0.00194     0.00018     0.00039
51497    -0.00260     0.00021     0.00026
51527    -0.00300     0.00037    -0.00007
51558    -0.00315     0.00120    -0.00060
51589    -0.00371     0.00151    -0.00080
51618    -0.00437     0.00149    -0.00068
51649    -0.00413     0.00164    -0.00070
51679    -0.00345     0.00118    -0.00013
51710    -0.00084     0.00026     0.00014
51740     0.00098    -0.00011     0.00025
51771     0.00094    -0.00010     0.00071
51802     0.00023    -0.00013     0.00063
51832    -0.00012    -0.00008     0.00049
51863    -0.00107     0.00003     0.00013
51893    -0.00190     0.00037    -0.00000
51924    -0.00299     0.00024    -0.00048
51955    -0.00391    -0.00010    -0.00051
51983    -0.00411    -0.00014    -0.00060
52014    -0.00293     0.00002    -0.00047
52044    -0.00144    -0.00040    -0.00005
52075     0.00053    -0.00084     0.00028
52105     0.00144    -0.00114     0.00101
52136     0.00178    -0.00103     0.00166
52167     0.00185    -0.00115     0.00177
52197     0.00110    -0.00116     0.00170
52228     0.00001    -0.00090     0.00151
52258    -0.00048    -0.00065     0.00086
52289    -0.00123    -0.00026     0.00044
52320    -0.00170    -0.00027     0.00027
52348    -0.00187    -0.00038     0.00015
52379    -0.00126    -0.00036    -0.00014
52409     0.00002    -0.00074    -0.00014
52440     0.00262    -0.00126     0.00022
52470     0.00353    -0.00143     0.00085
52501     0.00502    -0.00129     0.00128
52532     0.00487    -0.00117     0.00146
52562     0.00366    -0.00088     0.00107
52593     0.00237    -0.00043     0.00051
52623     0.00184    -0.00028     0.00008
52654     0.00163     0.00003    -0.00026
52685     0.00147     0.00013    -0.00047
52713     0.00186     0.00006    -0.00059
52744     0.00248     0.00008    -0.00062
52774     0.00344    -0.00039    -0.00055
52805     0.00550    -0.00086    -0.00030
52835     0.00661    -0.00101     0.00037
52866     0.00379    -0.00066     0.00108
52897     0.00197    -0.00046     0.00123
52927     0.00096    -0.00054     0.00111
52958     0.00009    -0.00045     0.00058
52988    -0.00040    -0.00026     0.00018
53019    -0.00066     0.00006    -0.00020
53050    -0.00090     0.00036    -0.00038
53079    -0.00080     0.00041    -0.00046
53110    -0.00038     0.00059    -0.00044
53140     0.00041     0.00023    -0.00035
53171     0.00197    -0.00033     0.00007
53201     0.00282    -0.00054     0.00048
53232     0.00247    -0.00040     0.00101
53263     0.00129    -0.00050     0.00126
53293     0.00055    -0.00054     0.00112
53324     0.00002    -0.00037     0.00058
53354    -0.00067     0.00019     0.00024
53385    -0.00108     0.00037    -0.00014
53416    -0.00123     0.00042    -0.00069
53444    -0.00103     0.00048    -0.00108
53475    -0.00067     0.00032    -0.00098
53505    -0.00013     0.00028    -0.00068
53536     0.00118    -0.00010    -0.00011
53566     0.00229    -0.00045     0.00071
53597     0.00183    -0.00063     0.00118
53628     0.00147    -0.00078     0.00140
53658     0.00129    -0.00095     0.00113
53689     0.00063    -0.00106     0.00090
53719     0.00060    -0.00071     0.00009
53750     0.00058    -0.00038    -0.00041
53781     0.00039    -0.00012    -0.00065
53809     0.00051     0.00021    -0.00077
53840     0.00107     0.00031    -0.00064
53870     0.00181    -0.00010    -0.00034
53901     0.00275    -0.00057     0.00027
53931     0.00304    -0.00108     0.00108
53962     0.00308    -0.00085     0.00164
53993     0.00276    -0.00076     0.00172
54023     0.00264    -0.00084     0.00125
54054     0.00192    -0.00045     0.00069
54084     0.00125    -0.00022     0.00030
54115     0.00087    -0.00016     0.00006
54146     0.00034    -0.00001    -0.00001
54174     0.00025    -0.00014    -0.00025
54205     0.00120    -0.00025    -0.00041
54235     0.00205    -0.00042    -0.00009
54266     0.00285    -0.00080     0.00059
54296     0.00370    -0.00088     0.00127
54327     0.00388    -0.00047     0.00161
54358     0.00347    -0.00028     0.00155
54388     0.00303    -0.00035     0.00136
54419     0.00286     0.00005     0.00111
54449     0.00257     0.00032     0.00054
54480     0.00245     0.00066     0.00001
54511     0.00229     0.00064    -0.00039
54540     0.00215     0.00052    -0.00080
54571     0.00226     0.00044    -0.00081
54601     0.00326     0.00002    -0.00053
54632     0.00394    -0.00032    -0.00005
54662     0.00392    -0.00031     0.00054
54693     0.00325     0.00001     0.00114
54724     0.00201     0.00004     0.00119
54754     0.00144    -0.00004     0.00100
54785     0.00040    -0.00006     0.00087
54815     0.00004     0.00010     0.00039
54846    -0.00017     0.00027     0.00002
54877    -0.00035     0.00062    -0.00009
54905    -0.00047     0.00069    -0.00038
54936     0.00022     0.00058    -0.00062
54966     0.00117     0.00014    -0.00032
54997     0.00231    -0.00034     0.00019
55027     0.00292    -0.00042     0.00075
55058     0.00269    -0.00025     0.00121
55089     0.00214    -0.00009     0.00147
55119     0.00163    -0.00020     0.00123
55150     0.00110     0.00025     0.00062
55180     0.00048     0.00060     0.00019
55211     0.00002     0.00090    -0.00009
55242    -0.00034     0.00072    -0.00035
55270    -0.00035     0.00083    -0.00033
55301     0.00021     0.00066    -0.00033
55331     0.00098     0.00043    -0.00018
55362     0.00242    -0.00003     0.00013
55392     0.00336    -0.00034     0.00083
55423     0.00249    -0.00013     0.00159
55454     0.00170    -0.00018     0.00176
55484     0.00071    -0.00037     0.00163
55515     0.00003    -0.00035     0.00117
55545    -0.00102    -0.00014     0.00062
55576    -0.00127     0.00011     0.00005
55607    -0.00140     0.00014    -0.00024
55635    -0.00111     0.00011    -0.00049
55666    -0.00014    -0.00012    -0.00060
55696     0.00091    -0.00035    -0.00044
55727     0.00274    -0.00083     0.00008
55757     0.00346    -0.00115     0.00075
55788     0.00330    -0.00101     0.00149
55819     0.00303    -0.00084     0.00176
55849     0.00301    -0.00045     0.00149
55880     0.00252    -0.00021     0.00110
55910     0.00215    -0.00017     0.00062
55941     0.00171     0.00006     0.00027
55972     0.00163     0.00008     0.00001
56001     0.00191    -0.00017     0.00000
56032     0.00228    -0.00022    -0.00013
56062     0.00264    -0.00032    -0.00002
56093     0.00363    -0.00041     0.00037
56123     0.00371    -0.00013     0.00089
56154     0.00313     0.00021     0.00138
56185     0.00219     0.00034     0.00170
56215     0.00144     0.00039     0.00138
56246     0.00009     0.00074     0.00099
56276    -0.00076     0.00098     0.00047
56307    -0.00106     0.00110    -0.00004
56338    -0.00128     0.00112    -0.00040
56366    -0.00107     0.00096    -0.00055
56397    -0.00034     0.00107    -0.00059
56427     0.00096     0.00067    -0.00036
56458     0.00171     0.00006    -0.00011
56488     0.00209    -0.00017     0.00045
56519     0.00233    -0.00014     0.00082
56550     0.00238    -0.00025     0.00090
56580     0.00196    -0.00032     0.00067
56611     0.00171    -0.00023     0.00014
56641     0.00130     0.00003    -0.00026
56672     0.00117     0.00040    -0.00050
56703     0.00133     0.00060    -0.00074
56731     0.00190     0.00073    -0.00108
56762     0.00250     0.00057    -0.00105
56792     0.00271     0.00052    -0.00095
56823     0.00344     0.00009    -0.00059
56853     0.00422    -0.00016    -0.00011
56884     0.00397     0.00002     0.00064
56915     0.00313     0.00008     0.00078
56945     0.00243     0.00012     0.00046
56976     0.00165     0.00013    -0.00003
57006     0.00111     0.00017    -0.00058
57037     0.00031     0.00017    -0.00069
57068    -0.00027     0.00018    -0.00113
57096    -0.00043     0.00017    -0.00141
57127    -0.00008     0.00020    -0.00138
57157     0.00072    -0.00010    -0.00120
57188     0.00206    -0.00045    -0.00084
57218     0.00309    -0.00059    -0.00037
57249     0.00180    -0.00040     0.00021
57280     0.00038    -0.00042     0.00040
57310    -0.00081    -0.00047     0.00034
57341    -0.00195    -0.00041    -0.00004
57371    -0.00337    -0.00029    -0.00030
57402    -0.00392    -0.00001    -0.00066
57433    -0.00415     0.00012    -0.00105
57462    -0.00407     0.00034    -0.00144
57493    -0.00320     0.00051    -0.00156
57523    -0.00261     0.00037    -0.00130
57554    -0.00132     0.00005    -0.00087
