# Hydrology loading displacements computed from the monthly GLDAS NOAH model
# This is a product of the Hydrology loading service: http://lacerta.gsfc.nasa.gov/hydlo/
# Displacements are with respect to the center of mass of the total earth
#
# Created for VieVS on 17.03.2017 at 11:46:08 local time
# OFFSET + TREND REMOVED!!! - Hana 
# mjd up (meters) eastwest (meters) northsouth (meters)
43888    -0.00271    -0.00051    -0.00044
43919    -0.00336    -0.00082    -0.00111
43947    -0.00304    -0.00081    -0.00097
43978    -0.00282    -0.00078    -0.00053
44008    -0.00178    -0.00058     0.00059
44039    -0.00068    -0.00027     0.00161
44069     0.00094     0.00030     0.00181
44100     0.00142     0.00077     0.00150
44131     0.00172     0.00080     0.00127
44161     0.00173     0.00074     0.00110
44192     0.00113     0.00029     0.00066
44222     0.00100    -0.00034     0.00012
44253    -0.00048    -0.00094    -0.00006
44284    -0.00328    -0.00107    -0.00027
44313    -0.00372    -0.00100    -0.00059
44344    -0.00239    -0.00091    -0.00017
44374    -0.00139    -0.00059     0.00077
44405    -0.00006    -0.00015     0.00159
44435     0.00148     0.00032     0.00164
44466     0.00225     0.00066     0.00133
44497     0.00180     0.00086     0.00105
44527     0.00123     0.00083     0.00091
44558     0.00092     0.00047     0.00041
44588     0.00050     0.00002    -0.00003
44619     0.00055    -0.00034    -0.00038
44650     0.00032    -0.00072    -0.00060
44678    -0.00022    -0.00101    -0.00092
44709     0.00016    -0.00104    -0.00062
44739     0.00053    -0.00093     0.00020
44770     0.00082    -0.00031     0.00150
44800     0.00176     0.00041     0.00155
44831     0.00245     0.00089     0.00123
44862     0.00238     0.00105     0.00099
44892     0.00165     0.00120     0.00057
44923     0.00119     0.00103     0.00019
44953     0.00024     0.00051    -0.00020
44984    -0.00080    -0.00024    -0.00081
45015    -0.00130    -0.00045    -0.00134
45043    -0.00136    -0.00057    -0.00138
45074    -0.00143    -0.00088    -0.00061
45104    -0.00047    -0.00080     0.00025
45135     0.00008    -0.00058     0.00173
45165     0.00084    -0.00033     0.00261
45196     0.00163     0.00026     0.00203
45227     0.00161     0.00059     0.00166
45257     0.00120     0.00040     0.00124
45288     0.00028     0.00030     0.00039
45318    -0.00230     0.00015    -0.00038
45349    -0.00296    -0.00012    -0.00093
45380    -0.00483    -0.00051    -0.00132
45408    -0.00590    -0.00031    -0.00123
45439    -0.00487    -0.00018    -0.00050
45469    -0.00354     0.00013     0.00037
45500    -0.00190     0.00040     0.00152
45530    -0.00047     0.00106     0.00202
45561     0.00011     0.00153     0.00168
45592     0.00017     0.00193     0.00122
45622    -0.00094     0.00229     0.00083
45653    -0.00173     0.00195     0.00060
45683    -0.00376     0.00123     0.00011
45714    -0.00379     0.00086    -0.00055
45745    -0.00324     0.00059    -0.00079
45774    -0.00271     0.00041    -0.00071
45805    -0.00209    -0.00018    -0.00011
45835    -0.00128    -0.00004     0.00092
45866    -0.00052     0.00038     0.00175
45896     0.00029     0.00115     0.00205
45927     0.00065     0.00173     0.00188
45958     0.00092     0.00181     0.00162
45988     0.00040     0.00169     0.00122
46019    -0.00076     0.00121     0.00093
46049    -0.00270     0.00076     0.00047
46080    -0.00446    -0.00002     0.00006
46111    -0.00415    -0.00053    -0.00071
46139    -0.00361    -0.00040    -0.00097
46170    -0.00251    -0.00062    -0.00038
46200    -0.00154    -0.00043     0.00026
46231    -0.00048     0.00003     0.00135
46261     0.00087     0.00025     0.00157
46292     0.00135     0.00058     0.00129
46323     0.00131     0.00095     0.00108
46353     0.00017     0.00133     0.00085
46384    -0.00092     0.00114     0.00045
46414    -0.00244     0.00050    -0.00007
46445    -0.00182    -0.00010    -0.00086
46476    -0.00224    -0.00050    -0.00123
46504    -0.00223    -0.00098    -0.00128
46535    -0.00142    -0.00100    -0.00073
46565    -0.00078    -0.00078     0.00037
46596    -0.00011    -0.00057     0.00173
46626     0.00110     0.00025     0.00205
46657     0.00224     0.00066     0.00180
46688     0.00195     0.00067     0.00166
46718     0.00106     0.00052     0.00145
46749     0.00074     0.00034     0.00079
46779     0.00002     0.00000     0.00016
46810    -0.00042    -0.00033    -0.00031
46841    -0.00048    -0.00048    -0.00073
46869    -0.00088    -0.00053    -0.00104
46900    -0.00032    -0.00076    -0.00058
46930     0.00045    -0.00054     0.00034
46961     0.00113    -0.00031     0.00107
46991     0.00190     0.00022     0.00180
47022     0.00238     0.00062     0.00164
47053     0.00268     0.00080     0.00113
47083     0.00276     0.00070     0.00065
47114     0.00175     0.00064     0.00038
47144     0.00098     0.00010     0.00003
47175     0.00010    -0.00034    -0.00052
47206     0.00010    -0.00073    -0.00104
47235     0.00070    -0.00107    -0.00135
47266     0.00103    -0.00097    -0.00073
47296     0.00170    -0.00070    -0.00008
47327     0.00269    -0.00048     0.00105
47357     0.00347    -0.00002     0.00122
47388     0.00388     0.00042     0.00067
47419     0.00374     0.00078     0.00012
47449     0.00331     0.00079     0.00001
47480     0.00254     0.00037    -0.00020
47510     0.00186    -0.00019    -0.00064
47541     0.00112    -0.00064    -0.00121
47572     0.00096    -0.00087    -0.00170
47600     0.00103    -0.00076    -0.00186
47631     0.00173    -0.00067    -0.00143
47661     0.00231    -0.00059    -0.00048
47692     0.00256    -0.00008     0.00088
47722     0.00361     0.00022     0.00141
47753     0.00416     0.00037     0.00135
47784     0.00383     0.00058     0.00107
47814     0.00357     0.00055     0.00052
47845     0.00306     0.00032     0.00005
47875     0.00295    -0.00059    -0.00068
47906     0.00244    -0.00116    -0.00129
47937     0.00188    -0.00139    -0.00187
47965     0.00166    -0.00112    -0.00196
47996     0.00208    -0.00091    -0.00133
48026     0.00227    -0.00075    -0.00028
48057     0.00264    -0.00020     0.00078
48087     0.00338     0.00032     0.00107
48118     0.00367     0.00072     0.00109
48149     0.00368     0.00078     0.00084
48179     0.00296     0.00098     0.00026
48210     0.00240     0.00076    -0.00039
48240     0.00187     0.00029    -0.00116
48271     0.00140     0.00004    -0.00177
48302     0.00186    -0.00007    -0.00218
48330     0.00073    -0.00064    -0.00243
48361     0.00074    -0.00095    -0.00180
48391     0.00092    -0.00100    -0.00075
48422     0.00174    -0.00058     0.00046
48452     0.00257    -0.00011     0.00113
48483     0.00332     0.00035     0.00096
48514     0.00290     0.00073     0.00086
48544     0.00254     0.00073     0.00046
48575     0.00159     0.00076     0.00006
48605     0.00044     0.00070    -0.00057
48636    -0.00077     0.00033    -0.00116
48667    -0.00168    -0.00003    -0.00145
48696    -0.00239    -0.00016    -0.00140
48727    -0.00198    -0.00043    -0.00100
48757    -0.00090    -0.00020    -0.00002
48788    -0.00024     0.00012     0.00113
48818     0.00060     0.00051     0.00157
48849     0.00121     0.00093     0.00128
48880     0.00125     0.00099     0.00098
48910     0.00129     0.00102     0.00049
48941     0.00044     0.00066    -0.00014
48971    -0.00058     0.00028    -0.00033
49002    -0.00274     0.00005    -0.00068
49033    -0.00378    -0.00014    -0.00116
49061    -0.00371    -0.00029    -0.00144
49092    -0.00310    -0.00046    -0.00108
49122    -0.00208    -0.00024    -0.00045
49153    -0.00132     0.00008     0.00060
49183    -0.00078     0.00069     0.00086
49214     0.00020     0.00105     0.00059
49245     0.00024     0.00124     0.00016
49275     0.00016     0.00115    -0.00013
49306    -0.00038     0.00088    -0.00049
49336    -0.00086     0.00046    -0.00090
49367    -0.00094    -0.00034    -0.00146
49398    -0.00122    -0.00077    -0.00181
49426    -0.00116    -0.00070    -0.00190
49457    -0.00087    -0.00077    -0.00140
49487    -0.00055    -0.00071    -0.00057
49518     0.00017    -0.00053     0.00027
49548     0.00106     0.00001     0.00026
49579     0.00197     0.00022    -0.00008
49610     0.00200     0.00039    -0.00053
49640     0.00134     0.00015    -0.00072
49671     0.00052    -0.00023    -0.00126
49701    -0.00028    -0.00035    -0.00201
49732    -0.00155    -0.00049    -0.00248
49763    -0.00184    -0.00055    -0.00298
49791    -0.00206    -0.00071    -0.00304
49822    -0.00182    -0.00094    -0.00227
49852    -0.00161    -0.00083    -0.00117
49883    -0.00116    -0.00038    -0.00015
49913     0.00010     0.00016     0.00010
49944     0.00107     0.00056    -0.00049
49975     0.00124     0.00084    -0.00094
50005     0.00093     0.00075    -0.00119
50036     0.00036     0.00048    -0.00160
50066    -0.00011    -0.00031    -0.00179
50097    -0.00040    -0.00090    -0.00245
50128    -0.00080    -0.00123    -0.00305
50157    -0.00072    -0.00127    -0.00336
50188    -0.00038    -0.00133    -0.00286
50218    -0.00004    -0.00133    -0.00123
50249     0.00070    -0.00134     0.00049
50279     0.00124    -0.00135     0.00206
50310     0.00188    -0.00126     0.00299
50341     0.00198    -0.00141     0.00322
50371     0.00202    -0.00146     0.00279
50402     0.00133    -0.00167     0.00218
50432     0.00074    -0.00179     0.00125
50463    -0.00006    -0.00195     0.00030
50494    -0.00083    -0.00188    -0.00073
50522    -0.00110    -0.00192    -0.00156
50553    -0.00094    -0.00198    -0.00153
50583    -0.00075    -0.00172    -0.00115
50614    -0.00036    -0.00124    -0.00023
50644     0.00035    -0.00046     0.00007
50675     0.00089     0.00028    -0.00002
50706     0.00031     0.00074    -0.00048
50736    -0.00078     0.00074    -0.00130
50767    -0.00169     0.00042    -0.00229
50797    -0.00262    -0.00011    -0.00312
50828    -0.00362    -0.00036    -0.00359
50859    -0.00502    -0.00055    -0.00363
50887    -0.00536    -0.00046    -0.00380
50918    -0.00499    -0.00043    -0.00323
50948    -0.00409    -0.00017    -0.00202
50979    -0.00326     0.00018    -0.00078
51009    -0.00190     0.00087    -0.00078
51040    -0.00056     0.00114    -0.00110
51071    -0.00027     0.00131    -0.00156
51101    -0.00082     0.00134    -0.00206
51132    -0.00183     0.00115    -0.00226
51162    -0.00242     0.00060    -0.00246
51193    -0.00262     0.00007    -0.00279
51224    -0.00301    -0.00033    -0.00285
51252    -0.00242    -0.00051    -0.00279
51283    -0.00222    -0.00056    -0.00201
51313    -0.00191    -0.00028    -0.00107
51344    -0.00133     0.00029    -0.00010
51374    -0.00101     0.00072     0.00033
51405     0.00010     0.00091     0.00001
51436     0.00018     0.00102    -0.00021
51466     0.00022     0.00097    -0.00057
51497     0.00026     0.00069    -0.00078
51527    -0.00002     0.00015    -0.00094
51558     0.00016    -0.00107    -0.00106
51589     0.00009    -0.00169    -0.00114
51618    -0.00041    -0.00173    -0.00112
51649    -0.00008    -0.00180    -0.00106
51679     0.00060    -0.00125    -0.00078
51710     0.00065    -0.00039    -0.00020
51740     0.00105     0.00013     0.00038
51771     0.00179     0.00053     0.00033
51802     0.00185     0.00049     0.00022
51832     0.00128     0.00054    -0.00028
51863     0.00009     0.00037    -0.00047
51893     0.00029    -0.00019    -0.00074
51924    -0.00040    -0.00047    -0.00093
51955    -0.00103    -0.00025    -0.00112
51983    -0.00168    -0.00040    -0.00115
52014    -0.00106    -0.00058    -0.00090
52044    -0.00035    -0.00025    -0.00010
52075     0.00036     0.00017     0.00056
52105     0.00117     0.00069     0.00109
52136     0.00188     0.00120     0.00109
52167     0.00175     0.00136     0.00094
52197     0.00169     0.00139     0.00051
52228     0.00152     0.00107     0.00003
52258     0.00061     0.00046    -0.00010
52289     0.00043    -0.00024    -0.00040
52320     0.00038    -0.00041    -0.00063
52348     0.00036    -0.00040    -0.00078
52379     0.00035    -0.00065    -0.00043
52409     0.00050    -0.00033     0.00035
52440     0.00091     0.00009     0.00142
52470     0.00162     0.00071     0.00180
52501     0.00229     0.00104     0.00171
52532     0.00208     0.00119     0.00138
52562     0.00159     0.00109     0.00069
52593     0.00104     0.00059     0.00012
52623     0.00056     0.00014    -0.00009
52654     0.00036    -0.00050    -0.00023
52685    -0.00010    -0.00086    -0.00031
52713    -0.00077    -0.00100    -0.00012
52744    -0.00049    -0.00120     0.00023
52774    -0.00043    -0.00088     0.00095
52805     0.00002    -0.00046     0.00172
52835     0.00104     0.00024     0.00186
52866     0.00192     0.00066     0.00157
52897     0.00199     0.00098     0.00100
52927     0.00165     0.00107     0.00057
52958     0.00094     0.00073     0.00014
52988     0.00058     0.00032    -0.00012
53019     0.00037    -0.00035    -0.00025
53050     0.00027    -0.00081    -0.00035
53079    -0.00027    -0.00097    -0.00036
53110     0.00020    -0.00116    -0.00031
53140     0.00049    -0.00087     0.00025
53171     0.00067    -0.00020     0.00094
53201     0.00128     0.00031     0.00136
53232     0.00197     0.00074     0.00111
53263     0.00181     0.00111     0.00069
53293     0.00097     0.00107     0.00035
53324    -0.00067     0.00063     0.00019
53354    -0.00105     0.00001    -0.00022
53385    -0.00273    -0.00058    -0.00025
53416    -0.00367    -0.00094    -0.00029
53444    -0.00408    -0.00129    -0.00035
53475    -0.00333    -0.00123    -0.00004
53505    -0.00261    -0.00109     0.00041
53536    -0.00190    -0.00060     0.00131
53566    -0.00066     0.00021     0.00166
53597    -0.00002     0.00097     0.00144
53628     0.00035     0.00131     0.00113
53658    -0.00024     0.00136     0.00098
53689    -0.00056     0.00119     0.00078
53719    -0.00098     0.00025     0.00082
53750    -0.00144    -0.00054     0.00088
53781    -0.00140    -0.00086     0.00059
53809    -0.00141    -0.00125     0.00042
53840    -0.00120    -0.00144     0.00067
53870    -0.00075    -0.00098     0.00106
53901    -0.00006    -0.00027     0.00163
53931     0.00083     0.00061     0.00204
53962     0.00144     0.00095     0.00179
53993     0.00128     0.00122     0.00127
54023     0.00072     0.00099     0.00113
54054     0.00036     0.00027     0.00070
54084     0.00006    -0.00022     0.00044
54115    -0.00038    -0.00046     0.00032
54146    -0.00032    -0.00069    -0.00002
54174    -0.00035    -0.00079     0.00001
54205    -0.00044    -0.00087     0.00047
54235    -0.00005    -0.00070     0.00086
54266     0.00062    -0.00009     0.00138
54296     0.00153     0.00064     0.00135
54327     0.00231     0.00082     0.00096
54358     0.00232     0.00100     0.00037
54388     0.00179     0.00096     0.00025
54419     0.00172     0.00037     0.00002
54449     0.00076    -0.00021    -0.00014
54480    -0.00003    -0.00097    -0.00013
54511    -0.00083    -0.00133    -0.00015
54540    -0.00096    -0.00154    -0.00020
54571    -0.00062    -0.00145    -0.00016
54601    -0.00027    -0.00109     0.00051
54632     0.00026    -0.00047     0.00112
54662     0.00119     0.00014     0.00121
54693     0.00196     0.00053     0.00078
54724     0.00169     0.00082     0.00021
54754     0.00137     0.00082    -0.00018
54785     0.00100     0.00074    -0.00055
54815     0.00005     0.00011    -0.00060
54846    -0.00048    -0.00034    -0.00070
54877    -0.00068    -0.00085    -0.00091
54905    -0.00088    -0.00112    -0.00099
54936    -0.00078    -0.00114    -0.00076
54966    -0.00053    -0.00076    -0.00012
54997     0.00005    -0.00027     0.00078
55027     0.00096     0.00030     0.00104
55058     0.00170     0.00063     0.00083
55089     0.00187     0.00081     0.00047
55119     0.00118     0.00088     0.00018
55150     0.00072     0.00017    -0.00026
55180     0.00008    -0.00051    -0.00050
55211    -0.00072    -0.00096    -0.00079
55242    -0.00253    -0.00090    -0.00085
55270    -0.00227    -0.00109    -0.00094
55301    -0.00175    -0.00111    -0.00061
55331    -0.00134    -0.00083    -0.00009
55362    -0.00078    -0.00033     0.00060
55392     0.00016     0.00038     0.00101
55423     0.00129     0.00087     0.00069
55454     0.00154     0.00131    -0.00000
55484     0.00107     0.00147    -0.00044
55515     0.00048     0.00101    -0.00069
55545    -0.00066     0.00038    -0.00093
55576    -0.00207    -0.00033    -0.00080
55607    -0.00208    -0.00065    -0.00093
55635    -0.00250    -0.00093    -0.00081
55666    -0.00249    -0.00097    -0.00033
55696    -0.00210    -0.00067     0.00033
55727    -0.00135     0.00004     0.00113
55757    -0.00034     0.00081     0.00140
55788     0.00065     0.00127     0.00116
55819     0.00103     0.00151     0.00062
55849     0.00093     0.00113     0.00029
55880     0.00060     0.00064     0.00006
55910     0.00004     0.00031    -0.00011
55941    -0.00016    -0.00017    -0.00034
55972    -0.00080    -0.00038    -0.00035
56001    -0.00084    -0.00031    -0.00018
56032    -0.00096    -0.00046     0.00013
56062    -0.00054    -0.00034     0.00048
56093     0.00025     0.00004     0.00126
56123     0.00134     0.00053     0.00141
56154     0.00212     0.00099     0.00094
56185     0.00238     0.00135     0.00014
56215     0.00193     0.00112    -0.00014
56246     0.00166     0.00070    -0.00068
56276     0.00102     0.00013    -0.00090
56307     0.00026    -0.00027    -0.00102
56338    -0.00003    -0.00056    -0.00119
56366    -0.00011    -0.00066    -0.00111
56397     0.00015    -0.00087    -0.00082
56427     0.00044    -0.00065    -0.00006
56458     0.00049    -0.00008     0.00076
56488     0.00119     0.00068     0.00110
56519     0.00159     0.00120     0.00102
56550     0.00127     0.00145     0.00090
56580     0.00078     0.00142     0.00068
56611     0.00022     0.00094     0.00065
56641    -0.00037     0.00050     0.00057
56672    -0.00035    -0.00003     0.00045
56703    -0.00042    -0.00044     0.00049
56731    -0.00074    -0.00094     0.00077
56762    -0.00048    -0.00097     0.00114
56792    -0.00016    -0.00090     0.00145
56823     0.00006    -0.00041     0.00194
56853     0.00072     0.00022     0.00207
56884     0.00153     0.00063     0.00165
56915     0.00135     0.00098     0.00101
56945     0.00079     0.00090     0.00051
56976     0.00032     0.00053     0.00016
57006    -0.00063     0.00001     0.00015
57037    -0.00103    -0.00007    -0.00017
57068    -0.00143    -0.00034    -0.00040
57096    -0.00159    -0.00051    -0.00047
57127    -0.00123    -0.00058    -0.00033
57157    -0.00133    -0.00036     0.00039
57188    -0.00103     0.00008     0.00116
57218    -0.00029     0.00043     0.00159
57249     0.00064     0.00083     0.00125
57280     0.00085     0.00111     0.00074
57310     0.00038     0.00124     0.00027
57341    -0.00032     0.00124    -0.00037
57371    -0.00089     0.00116    -0.00095
57402    -0.00153     0.00057    -0.00114
57433    -0.00159     0.00005    -0.00116
57462    -0.00157    -0.00050    -0.00114
57493    -0.00133    -0.00075    -0.00094
57523    -0.00095    -0.00051    -0.00053
57554    -0.00022    -0.00003     0.00010
