# Hydrology loading displacements computed from the monthly GLDAS NOAH model
# This is a product of the Hydrology loading service: http://lacerta.gsfc.nasa.gov/hydlo/
# Displacements are with respect to the center of mass of the total earth
#
# Created for VieVS on 17.03.2017 at 11:46:08 local time
# OFFSET + TREND REMOVED!!! - Hana 
# mjd up (meters) eastwest (meters) northsouth (meters)
43888    -0.00475    -0.00086    -0.00050
43919    -0.00597    -0.00124    -0.00103
43947    -0.00637    -0.00113    -0.00084
43978    -0.00556    -0.00095    -0.00048
44008    -0.00313    -0.00047     0.00057
44039    -0.00036     0.00009     0.00141
44069     0.00259     0.00058     0.00141
44100     0.00213     0.00065     0.00114
44131     0.00205     0.00106     0.00080
44161     0.00198     0.00152     0.00059
44192    -0.00021     0.00090     0.00027
44222    -0.00178     0.00017     0.00000
44253    -0.00260    -0.00033    -0.00015
44284    -0.00260    -0.00057    -0.00044
44313    -0.00353    -0.00058    -0.00072
44344    -0.00359    -0.00039    -0.00017
44374    -0.00049     0.00013     0.00064
44405     0.00174     0.00057     0.00160
44435     0.00501     0.00096     0.00158
44466     0.00671     0.00107     0.00161
44497     0.00668     0.00093     0.00164
44527     0.00563     0.00095     0.00148
44558     0.00374     0.00066     0.00089
44588     0.00188     0.00023     0.00039
44619     0.00199    -0.00013     0.00020
44650     0.00007    -0.00033    -0.00026
44678    -0.00057    -0.00063    -0.00057
44709    -0.00098    -0.00052    -0.00020
44739    -0.00143    -0.00046     0.00075
44770    -0.00104     0.00023     0.00148
44800     0.00254     0.00042     0.00146
44831     0.00443     0.00033     0.00113
44862     0.00431     0.00037     0.00103
44892     0.00394     0.00050     0.00081
44923     0.00223     0.00044     0.00026
44953    -0.00034     0.00015    -0.00019
44984    -0.00401    -0.00024    -0.00091
45015    -0.00707    -0.00051    -0.00134
45043    -0.00580    -0.00043    -0.00120
45074    -0.00414    -0.00036    -0.00046
45104    -0.00148    -0.00035     0.00032
45135    -0.00112    -0.00018     0.00187
45165     0.00111     0.00001     0.00276
45196     0.00400     0.00019     0.00191
45227     0.00417     0.00035     0.00125
45257     0.00362     0.00005     0.00089
45288     0.00175    -0.00016     0.00017
45318    -0.00431    -0.00059    -0.00074
45349    -0.00470    -0.00057    -0.00109
45380    -0.00557    -0.00074    -0.00143
45408    -0.00515    -0.00047    -0.00134
45439    -0.00583    -0.00007    -0.00072
45469    -0.00502     0.00045     0.00001
45500    -0.00160     0.00080     0.00126
45530     0.00353     0.00122     0.00158
45561     0.00898     0.00130     0.00124
45592     0.01080     0.00146     0.00085
45622     0.00832     0.00154     0.00057
45653     0.00322     0.00138     0.00021
45683    -0.00323     0.00072    -0.00045
45714    -0.00425     0.00037    -0.00104
45745    -0.00485     0.00027    -0.00113
45774    -0.00599     0.00024    -0.00093
45805    -0.00576    -0.00003    -0.00016
45835    -0.00401     0.00028     0.00080
45866     0.00028     0.00070     0.00174
45896     0.00390     0.00144     0.00182
45927     0.00667     0.00192     0.00131
45958     0.00804     0.00187     0.00120
45988     0.00552     0.00130     0.00093
46019     0.00052     0.00072     0.00056
46049    -0.00309     0.00033    -0.00000
46080    -0.00543    -0.00036    -0.00003
46111    -0.00615    -0.00093    -0.00065
46139    -0.00643    -0.00088    -0.00065
46170    -0.00426    -0.00086     0.00004
46200    -0.00194    -0.00053     0.00049
46231     0.00016     0.00009     0.00141
46261     0.00351     0.00032     0.00154
46292     0.00461     0.00030     0.00107
46323     0.00522     0.00053     0.00085
46353     0.00389     0.00057     0.00063
46384    -0.00195     0.00036     0.00025
46414    -0.00509    -0.00014    -0.00011
46445    -0.00391    -0.00056    -0.00058
46476    -0.00563    -0.00075    -0.00094
46504    -0.00527    -0.00088    -0.00078
46535    -0.00249    -0.00084    -0.00017
46565    -0.00042    -0.00051     0.00102
46596     0.00018    -0.00026     0.00220
46626     0.00338     0.00026     0.00256
46657     0.00695     0.00059     0.00221
46688     0.00723     0.00053     0.00202
46718     0.00368    -0.00004     0.00222
46749     0.00125    -0.00025     0.00123
46779    -0.00249    -0.00039     0.00035
46810    -0.00366    -0.00054    -0.00018
46841    -0.00426    -0.00057    -0.00063
46869    -0.00469    -0.00071    -0.00110
46900    -0.00358    -0.00052    -0.00043
46930     0.00016     0.00003     0.00054
46961     0.00260     0.00011     0.00114
46991     0.00389     0.00068     0.00170
47022     0.00666     0.00066     0.00167
47053     0.00816     0.00065     0.00134
47083     0.00855     0.00064     0.00104
47114     0.00722     0.00055     0.00071
47144     0.00311    -0.00014     0.00052
47175    -0.00127    -0.00066    -0.00031
47206    -0.00358    -0.00092    -0.00070
47235    -0.00338    -0.00117    -0.00084
47266    -0.00188    -0.00083    -0.00031
47296     0.00208    -0.00027     0.00028
47327     0.00747     0.00024     0.00131
47357     0.01085     0.00036     0.00122
47388     0.01170     0.00036     0.00058
47419     0.01116     0.00050    -0.00005
47449     0.00947     0.00057    -0.00012
47480     0.00576     0.00039    -0.00023
47510     0.00254    -0.00016    -0.00066
47541    -0.00100    -0.00060    -0.00132
47572    -0.00264    -0.00083    -0.00183
47600    -0.00353    -0.00055    -0.00197
47631    -0.00286    -0.00029    -0.00143
47661    -0.00075     0.00016    -0.00038
47692    -0.00008     0.00073     0.00069
47722     0.00228     0.00094     0.00071
47753     0.00489     0.00083     0.00077
47784     0.00328     0.00073     0.00077
47814     0.00275     0.00099     0.00009
47845     0.00166     0.00104    -0.00017
47875     0.00075     0.00026    -0.00056
47906    -0.00143    -0.00036    -0.00113
47937    -0.00429    -0.00082    -0.00173
47965    -0.00403    -0.00080    -0.00172
47996    -0.00264    -0.00058    -0.00113
48026    -0.00283    -0.00055    -0.00007
48057    -0.00094     0.00011     0.00080
48087     0.00298     0.00047     0.00127
48118     0.00513     0.00067     0.00138
48149     0.00636     0.00096     0.00130
48179     0.00367     0.00112     0.00078
48210     0.00140     0.00101     0.00004
48240    -0.00234     0.00045    -0.00068
48271    -0.00502     0.00004    -0.00157
48302    -0.00430    -0.00012    -0.00208
48330    -0.00445    -0.00042    -0.00220
48361    -0.00374    -0.00056    -0.00157
48391    -0.00279    -0.00069    -0.00060
48422     0.00069    -0.00033     0.00047
48452     0.00479     0.00023     0.00089
48483     0.00840     0.00054     0.00065
48514     0.00834     0.00074     0.00049
48544     0.00774     0.00082     0.00048
48575     0.00424     0.00037     0.00027
48605    -0.00083     0.00019    -0.00064
48636    -0.00310    -0.00012    -0.00118
48667    -0.00383    -0.00030    -0.00133
48696    -0.00469    -0.00008    -0.00130
48727    -0.00412    -0.00007    -0.00068
48757    -0.00142     0.00041     0.00035
48788     0.00056     0.00085     0.00109
48818     0.00239     0.00110     0.00152
48849     0.00327     0.00115     0.00119
48880     0.00294     0.00107     0.00096
48910     0.00285     0.00112     0.00062
48941    -0.00039     0.00062     0.00020
48971    -0.00243     0.00012    -0.00008
49002    -0.00423    -0.00032    -0.00057
49033    -0.00463    -0.00060    -0.00119
49061    -0.00593    -0.00060    -0.00151
49092    -0.00544    -0.00061    -0.00109
49122    -0.00322    -0.00046    -0.00046
49153    -0.00078    -0.00016     0.00066
49183     0.00070    -0.00002     0.00103
49214     0.00382     0.00001     0.00070
49245     0.00361    -0.00011     0.00042
49275     0.00245    -0.00007     0.00027
49306    -0.00004    -0.00007    -0.00015
49336    -0.00290    -0.00015    -0.00066
49367    -0.00429    -0.00059    -0.00122
49398    -0.00621    -0.00089    -0.00164
49426    -0.00613    -0.00072    -0.00171
49457    -0.00563    -0.00059    -0.00113
49487    -0.00391    -0.00051    -0.00039
49518    -0.00148    -0.00030     0.00037
49548    -0.00033     0.00005     0.00037
49579     0.00183     0.00016    -0.00005
49610     0.00293     0.00024    -0.00052
49640     0.00261     0.00003    -0.00068
49671    -0.00010    -0.00061    -0.00116
49701    -0.00291    -0.00087    -0.00188
49732    -0.00470    -0.00099    -0.00242
49763    -0.00515    -0.00105    -0.00292
49791    -0.00535    -0.00118    -0.00298
49822    -0.00477    -0.00122    -0.00204
49852    -0.00558    -0.00111    -0.00117
49883    -0.00364    -0.00063    -0.00038
49913    -0.00021    -0.00015    -0.00023
49944     0.00126    -0.00013    -0.00086
49975     0.00309     0.00010    -0.00134
50005     0.00210     0.00030    -0.00154
50036    -0.00094     0.00029    -0.00176
50066    -0.00232    -0.00029    -0.00174
50097    -0.00407    -0.00100    -0.00235
50128    -0.00496    -0.00138    -0.00288
50157    -0.00538    -0.00147    -0.00308
50188    -0.00412    -0.00138    -0.00255
50218    -0.00281    -0.00088    -0.00093
50249    -0.00026    -0.00054     0.00069
50279     0.00355    -0.00005     0.00211
50310     0.00625     0.00033     0.00290
50341     0.00759     0.00021     0.00301
50371     0.00749     0.00008     0.00264
50402     0.00544    -0.00023     0.00203
50432     0.00295    -0.00053     0.00106
50463    -0.00013    -0.00090     0.00010
50494    -0.00345    -0.00128    -0.00090
50522    -0.00570    -0.00168    -0.00161
50553    -0.00484    -0.00215    -0.00159
50583    -0.00484    -0.00215    -0.00123
50614    -0.00402    -0.00154    -0.00046
50644    -0.00118    -0.00072    -0.00029
50675     0.00160    -0.00010    -0.00047
50706     0.00181     0.00011    -0.00095
50736     0.00011    -0.00041    -0.00175
50767    -0.00245    -0.00107    -0.00272
50797    -0.00456    -0.00187    -0.00343
50828    -0.00645    -0.00218    -0.00382
50859    -0.00694    -0.00203    -0.00390
50887    -0.00745    -0.00193    -0.00400
50918    -0.00697    -0.00155    -0.00346
50948    -0.00583    -0.00081    -0.00244
50979    -0.00431    -0.00024    -0.00133
51009    -0.00256     0.00014    -0.00136
51040     0.00027     0.00001    -0.00175
51071     0.00320    -0.00006    -0.00217
51101     0.00125    -0.00027    -0.00249
51132    -0.00071    -0.00061    -0.00257
51162    -0.00289    -0.00080    -0.00280
51193    -0.00633    -0.00096    -0.00317
51224    -0.00686    -0.00114    -0.00306
51252    -0.00608    -0.00117    -0.00289
51283    -0.00470    -0.00112    -0.00198
51313    -0.00336    -0.00092    -0.00117
51344    -0.00087    -0.00036    -0.00033
51374     0.00188    -0.00019    -0.00001
51405     0.00569    -0.00019    -0.00020
51436     0.00778    -0.00007    -0.00020
51466     0.00636     0.00010    -0.00050
51497     0.00575     0.00012    -0.00076
51527     0.00347    -0.00036    -0.00080
51558     0.00122    -0.00137    -0.00073
51589     0.00017    -0.00178    -0.00080
51618    -0.00102    -0.00191    -0.00098
51649    -0.00221    -0.00177    -0.00100
51679    -0.00053    -0.00130    -0.00063
51710     0.00073    -0.00044    -0.00004
51740     0.00044     0.00032     0.00029
51771     0.00162     0.00108     0.00009
51802     0.00298     0.00119    -0.00017
51832     0.00293     0.00086    -0.00053
51863     0.00130     0.00013    -0.00061
51893    -0.00083    -0.00045    -0.00080
51924    -0.00227    -0.00055    -0.00102
51955    -0.00395    -0.00041    -0.00138
51983    -0.00457    -0.00055    -0.00142
52014    -0.00280    -0.00061    -0.00095
52044     0.00037    -0.00011     0.00007
52075     0.00104     0.00038     0.00071
52105     0.00422     0.00097     0.00108
52136     0.00647     0.00129     0.00066
52167     0.00674     0.00125     0.00052
52197     0.00485     0.00108     0.00041
52228     0.00340     0.00068     0.00017
52258    -0.00087     0.00011    -0.00025
52289    -0.00170    -0.00037    -0.00049
52320    -0.00282    -0.00046    -0.00062
52348    -0.00333    -0.00034    -0.00066
52379    -0.00386    -0.00026    -0.00023
52409    -0.00410     0.00024     0.00055
52440    -0.00090     0.00086     0.00173
52470     0.00376     0.00132     0.00172
52501     0.00718     0.00123     0.00153
52532     0.00831     0.00110     0.00113
52562     0.00494     0.00089     0.00016
52593     0.00185     0.00055    -0.00042
52623    -0.00018     0.00037    -0.00061
52654    -0.00206    -0.00006    -0.00060
52685    -0.00316    -0.00028    -0.00065
52713    -0.00423    -0.00028    -0.00044
52744    -0.00357    -0.00031     0.00019
52774    -0.00419     0.00015     0.00081
52805    -0.00249     0.00073     0.00149
52835     0.00037     0.00118     0.00155
52866     0.00271     0.00171     0.00100
52897     0.00250     0.00171     0.00033
52927     0.00204     0.00175     0.00012
52958    -0.00026     0.00148    -0.00006
52988    -0.00271     0.00105    -0.00027
53019    -0.00403     0.00040    -0.00024
53050    -0.00434    -0.00010    -0.00034
53079    -0.00457    -0.00036    -0.00016
53110    -0.00337    -0.00056     0.00013
53140    -0.00303    -0.00018     0.00062
53171    -0.00283     0.00043     0.00116
53201    -0.00037     0.00072     0.00133
53232     0.00195     0.00106     0.00100
53263     0.00284     0.00155     0.00051
53293     0.00253     0.00148     0.00009
53324    -0.00194     0.00083    -0.00023
53354    -0.00472    -0.00003    -0.00060
53385    -0.00626    -0.00055    -0.00050
53416    -0.00630    -0.00082    -0.00043
53444    -0.00595    -0.00084    -0.00036
53475    -0.00522    -0.00060    -0.00013
53505    -0.00287    -0.00036     0.00046
53536    -0.00007     0.00014     0.00129
53566     0.00366     0.00096     0.00124
53597     0.00636     0.00134     0.00078
53628     0.00684     0.00142     0.00045
53658     0.00601     0.00143     0.00060
53689     0.00454     0.00143     0.00063
53719     0.00148     0.00094     0.00088
53750    -0.00108     0.00052     0.00098
53781    -0.00309     0.00020     0.00069
53809    -0.00382    -0.00033     0.00070
53840    -0.00335    -0.00053     0.00099
53870    -0.00208    -0.00013     0.00132
53901     0.00058     0.00065     0.00189
53931     0.00373     0.00150     0.00216
53962     0.00613     0.00144     0.00189
53993     0.00569     0.00146     0.00126
54023     0.00331     0.00146     0.00122
54054     0.00055     0.00089     0.00086
54084    -0.00154     0.00024     0.00073
54115    -0.00399    -0.00007     0.00042
54146    -0.00372    -0.00043     0.00012
54174    -0.00431    -0.00029     0.00033
54205    -0.00405    -0.00029     0.00096
54235    -0.00141    -0.00028     0.00133
54266     0.00310     0.00011     0.00185
54296     0.00637     0.00044     0.00157
54327     0.01003     0.00038     0.00122
54358     0.01062     0.00028     0.00071
54388     0.00924     0.00028     0.00054
54419     0.00737     0.00005     0.00031
54449     0.00382    -0.00028     0.00015
54480     0.00072    -0.00068     0.00016
54511    -0.00212    -0.00077     0.00005
54540    -0.00496    -0.00087    -0.00001
54571    -0.00527    -0.00095     0.00006
54601    -0.00333    -0.00055     0.00086
54632    -0.00138    -0.00017     0.00174
54662     0.00217     0.00021     0.00192
54693     0.00581     0.00013     0.00118
54724     0.00617    -0.00016     0.00054
54754     0.00622    -0.00017     0.00035
54785     0.00533    -0.00013    -0.00002
54815     0.00230    -0.00032    -0.00011
54846    -0.00065    -0.00049    -0.00028
54877    -0.00169    -0.00090    -0.00049
54905    -0.00297    -0.00096    -0.00044
54936    -0.00384    -0.00083    -0.00032
54966    -0.00391    -0.00049     0.00007
54997    -0.00171     0.00018     0.00096
55027     0.00161     0.00050     0.00125
55058     0.00384     0.00068     0.00092
55089     0.00577     0.00057     0.00047
55119     0.00209     0.00050    -0.00006
55150    -0.00129    -0.00035    -0.00026
55180    -0.00288    -0.00073    -0.00041
55211    -0.00396    -0.00123    -0.00064
55242    -0.00533    -0.00117    -0.00091
55270    -0.00503    -0.00140    -0.00081
55301    -0.00349    -0.00119    -0.00043
55331    -0.00320    -0.00075    -0.00001
55362    -0.00134    -0.00025     0.00080
55392     0.00197     0.00010     0.00120
55423     0.00584     0.00020     0.00081
55454     0.00786     0.00002     0.00002
55484     0.00833     0.00026    -0.00028
55515     0.00693     0.00016    -0.00049
55545     0.00295    -0.00004    -0.00086
55576     0.00079    -0.00052    -0.00082
55607    -0.00103    -0.00071    -0.00088
55635    -0.00421    -0.00064    -0.00090
55666    -0.00519    -0.00037    -0.00052
55696    -0.00522    -0.00013     0.00018
55727    -0.00160     0.00028     0.00122
55757     0.00153     0.00080     0.00124
55788     0.00591     0.00098     0.00112
55819     0.00755     0.00114     0.00048
55849     0.00649     0.00098     0.00033
55880     0.00409     0.00063     0.00023
55910    -0.00065     0.00053    -0.00027
55941    -0.00216     0.00011    -0.00053
55972    -0.00308    -0.00015    -0.00058
56001    -0.00292    -0.00005    -0.00050
56032    -0.00209    -0.00010    -0.00009
56062    -0.00076     0.00014     0.00051
56093     0.00354     0.00057     0.00133
56123     0.00851     0.00082     0.00133
56154     0.01066     0.00092     0.00070
56185     0.01006     0.00084    -0.00016
56215     0.00853     0.00072    -0.00030
56246     0.00703     0.00034    -0.00047
56276     0.00471    -0.00000    -0.00065
56307     0.00051    -0.00027    -0.00098
56338    -0.00225    -0.00055    -0.00112
56366    -0.00357    -0.00056    -0.00101
56397    -0.00390    -0.00084    -0.00059
56427    -0.00312    -0.00060     0.00003
56458    -0.00156    -0.00002     0.00083
56488     0.00061     0.00090     0.00088
56519     0.00348     0.00114     0.00050
56550     0.00603     0.00132     0.00034
56580     0.00452     0.00121     0.00015
56611     0.00222     0.00086     0.00038
56641    -0.00110     0.00062     0.00016
56672    -0.00373     0.00025     0.00021
56703    -0.00539     0.00002     0.00040
56731    -0.00553    -0.00024     0.00091
56762    -0.00538    -0.00030     0.00130
56792    -0.00365    -0.00022     0.00173
56823    -0.00189    -0.00002     0.00218
56853     0.00148     0.00037     0.00227
56884     0.00465     0.00053     0.00170
56915     0.00452     0.00033     0.00117
56945     0.00316     0.00006     0.00075
56976     0.00144    -0.00006     0.00047
57006    -0.00148    -0.00018     0.00044
57037    -0.00362    -0.00022    -0.00006
57068    -0.00491    -0.00029    -0.00020
57096    -0.00689    -0.00030    -0.00053
57127    -0.00632    -0.00029    -0.00033
57157    -0.00361    -0.00030     0.00047
57188    -0.00243    -0.00013     0.00131
57218    -0.00234     0.00031     0.00164
57249     0.00181     0.00048     0.00112
57280     0.00486     0.00059     0.00068
57310     0.00506     0.00087     0.00005
57341     0.00194     0.00058    -0.00085
57371    -0.00206     0.00012    -0.00159
57402    -0.00543    -0.00034    -0.00164
57433    -0.00600    -0.00034    -0.00148
57462    -0.00633    -0.00064    -0.00119
57493    -0.00556    -0.00087    -0.00075
57523    -0.00451    -0.00071    -0.00039
57554    -0.00101    -0.00031     0.00014
