# Hydrology loading displacements computed from the monthly GLDAS NOAH model
# This is a product of the Hydrology loading service: http://lacerta.gsfc.nasa.gov/hydlo/
# Displacements are with respect to the center of mass of the total earth
#
# Created for VieVS on 17.03.2017 at 11:46:08 local time
# OFFSET + TREND REMOVED!!! - Hana 
# mjd up (meters) eastwest (meters) northsouth (meters)
43888    -0.00348    -0.00038    -0.00093
43919    -0.00485    -0.00051    -0.00165
43947    -0.00532    -0.00035    -0.00148
43978    -0.00493    -0.00026    -0.00084
44008    -0.00314    -0.00017     0.00042
44039     0.00000    -0.00018     0.00157
44069     0.00335     0.00016     0.00174
44100     0.00555     0.00036     0.00129
44131     0.00566     0.00037     0.00117
44161     0.00528     0.00036     0.00112
44192     0.00325    -0.00003     0.00054
44222     0.00102    -0.00067    -0.00004
44253    -0.00155    -0.00102    -0.00055
44284    -0.00317    -0.00091    -0.00107
44313    -0.00389    -0.00073    -0.00138
44344    -0.00329    -0.00065    -0.00072
44374    -0.00124    -0.00038     0.00029
44405     0.00016     0.00014     0.00118
44435     0.00328     0.00039     0.00133
44466     0.00545     0.00053     0.00113
44497     0.00515     0.00064     0.00096
44527     0.00419     0.00058     0.00103
44558     0.00245     0.00024     0.00064
44588     0.00009    -0.00014     0.00004
44619    -0.00113    -0.00040    -0.00031
44650    -0.00226    -0.00056    -0.00071
44678    -0.00287    -0.00071    -0.00100
44709    -0.00271    -0.00065    -0.00066
44739    -0.00186    -0.00056     0.00027
44770    -0.00065     0.00000     0.00153
44800     0.00229     0.00042     0.00160
44831     0.00466     0.00067     0.00120
44862     0.00536     0.00068     0.00100
44892     0.00360     0.00085     0.00067
44923     0.00168     0.00078     0.00027
44953    -0.00136     0.00039    -0.00032
44984    -0.00399    -0.00006    -0.00104
45015    -0.00578    -0.00003    -0.00148
45043    -0.00605     0.00002    -0.00142
45074    -0.00549    -0.00015    -0.00066
45104    -0.00306    -0.00026     0.00024
45135    -0.00046    -0.00021     0.00165
45165     0.00171    -0.00015     0.00257
45196     0.00403     0.00015     0.00197
45227     0.00428     0.00044     0.00161
45257     0.00291     0.00038     0.00115
45288     0.00089     0.00039     0.00021
45318    -0.00261     0.00030    -0.00071
45349    -0.00512     0.00020    -0.00117
45380    -0.00695     0.00001    -0.00164
45408    -0.00804     0.00036    -0.00154
45439    -0.00742     0.00049    -0.00065
45469    -0.00534     0.00083     0.00026
45500    -0.00170     0.00078     0.00145
45530     0.00044     0.00129     0.00203
45561     0.00308     0.00148     0.00154
45592     0.00361     0.00176     0.00117
45622     0.00281     0.00197     0.00087
45653    -0.00039     0.00178     0.00065
45683    -0.00418     0.00142    -0.00029
45714    -0.00555     0.00120    -0.00100
45745    -0.00631     0.00101    -0.00109
45774    -0.00680     0.00095    -0.00097
45805    -0.00623     0.00042    -0.00037
45835    -0.00495     0.00051     0.00075
45866    -0.00305     0.00079     0.00166
45896     0.00050     0.00113     0.00207
45927     0.00356     0.00131     0.00177
45958     0.00403     0.00133     0.00165
45988     0.00289     0.00118     0.00133
46019    -0.00039     0.00082     0.00096
46049    -0.00313     0.00053     0.00035
46080    -0.00458    -0.00015    -0.00005
46111    -0.00516    -0.00057    -0.00082
46139    -0.00531    -0.00032    -0.00096
46170    -0.00417    -0.00053    -0.00033
46200    -0.00213    -0.00051     0.00040
46231     0.00035    -0.00014     0.00144
46261     0.00428    -0.00023     0.00156
46292     0.00578     0.00003     0.00115
46323     0.00519     0.00056     0.00101
46353     0.00343     0.00090     0.00096
46384     0.00078     0.00072     0.00064
46414    -0.00100     0.00024    -0.00016
46445    -0.00190    -0.00021    -0.00089
46476    -0.00370    -0.00038    -0.00145
46504    -0.00423    -0.00062    -0.00163
46535    -0.00333    -0.00064    -0.00089
46565    -0.00226    -0.00048     0.00033
46596     0.00086    -0.00060     0.00173
46626     0.00345     0.00008     0.00207
46657     0.00563     0.00041     0.00174
46688     0.00563     0.00039     0.00151
46718     0.00399     0.00032     0.00136
46749     0.00269     0.00008     0.00076
46779     0.00055    -0.00029     0.00017
46810    -0.00096    -0.00057    -0.00032
46841    -0.00217    -0.00060    -0.00078
46869    -0.00309    -0.00052    -0.00112
46900    -0.00223    -0.00072    -0.00052
46930    -0.00014    -0.00065     0.00056
46961     0.00231    -0.00057     0.00118
46991     0.00456    -0.00011     0.00184
47022     0.00574     0.00026     0.00163
47053     0.00640     0.00045     0.00113
47083     0.00652     0.00037     0.00074
47114     0.00547     0.00033     0.00044
47144     0.00261    -0.00020    -0.00004
47175     0.00075    -0.00058    -0.00082
47206    -0.00020    -0.00090    -0.00127
47235    -0.00001    -0.00115    -0.00148
47266     0.00020    -0.00108    -0.00079
47296     0.00152    -0.00080    -0.00018
47327     0.00345    -0.00068     0.00103
47357     0.00580    -0.00038     0.00128
47388     0.00748    -0.00005     0.00065
47419     0.00768     0.00029     0.00013
47449     0.00676     0.00032     0.00021
47480     0.00443    -0.00006     0.00007
47510     0.00228    -0.00053    -0.00044
47541     0.00033    -0.00082    -0.00113
47572    -0.00056    -0.00096    -0.00158
47600    -0.00167    -0.00070    -0.00175
47631    -0.00095    -0.00056    -0.00132
47661     0.00079    -0.00051    -0.00035
47692     0.00269    -0.00010     0.00095
47722     0.00545     0.00002     0.00145
47753     0.00712     0.00004     0.00129
47784     0.00657     0.00041     0.00108
47814     0.00608     0.00038     0.00065
47845     0.00411     0.00020     0.00047
47875     0.00260    -0.00066    -0.00015
47906     0.00080    -0.00119    -0.00077
47937    -0.00094    -0.00134    -0.00139
47965    -0.00123    -0.00103    -0.00144
47996    -0.00002    -0.00085    -0.00078
48026     0.00075    -0.00066     0.00018
48057     0.00123     0.00000     0.00123
48087     0.00433     0.00019     0.00152
48118     0.00620     0.00044     0.00135
48149     0.00654     0.00045     0.00114
48179     0.00562     0.00055     0.00071
48210     0.00349     0.00032     0.00027
48240     0.00106    -0.00015    -0.00027
48271    -0.00046    -0.00029    -0.00086
48302    -0.00095    -0.00031    -0.00129
48330    -0.00189    -0.00062    -0.00170
48361    -0.00165    -0.00088    -0.00115
48391    -0.00093    -0.00085    -0.00025
48422     0.00097    -0.00042     0.00072
48452     0.00338    -0.00007     0.00139
48483     0.00575     0.00020     0.00110
48514     0.00585     0.00045     0.00114
48544     0.00537     0.00046     0.00095
48575     0.00313     0.00051     0.00058
48605     0.00049     0.00041    -0.00005
48636    -0.00108     0.00001    -0.00063
48667    -0.00260    -0.00027    -0.00092
48696    -0.00313    -0.00026    -0.00087
48727    -0.00245    -0.00054    -0.00043
48757    -0.00048    -0.00042     0.00062
48788     0.00195    -0.00024     0.00167
48818     0.00357     0.00017     0.00194
48849     0.00560     0.00043     0.00145
48880     0.00580     0.00046     0.00117
48910     0.00531     0.00053     0.00084
48941     0.00321     0.00021     0.00022
48971     0.00150    -0.00025    -0.00016
49002    -0.00019    -0.00040    -0.00094
49033    -0.00103    -0.00043    -0.00167
49061    -0.00155    -0.00052    -0.00194
49092    -0.00178    -0.00061    -0.00151
49122    -0.00065    -0.00038    -0.00080
49153     0.00116    -0.00014     0.00019
49183     0.00264     0.00045     0.00066
49214     0.00411     0.00084     0.00040
49245     0.00453     0.00099     0.00007
49275     0.00418     0.00091    -0.00009
49306     0.00312     0.00062    -0.00026
49336     0.00119     0.00023    -0.00065
49367    -0.00062    -0.00045    -0.00123
49398    -0.00144    -0.00077    -0.00164
49426    -0.00193    -0.00065    -0.00181
49457    -0.00159    -0.00066    -0.00130
49487    -0.00060    -0.00059    -0.00052
49518     0.00067    -0.00043     0.00040
49548     0.00269    -0.00001     0.00044
49579     0.00481     0.00005     0.00006
49610     0.00515     0.00011    -0.00030
49640     0.00422    -0.00011    -0.00041
49671     0.00164    -0.00049    -0.00105
49701    -0.00070    -0.00057    -0.00183
49732    -0.00262    -0.00050    -0.00252
49763    -0.00392    -0.00035    -0.00316
49791    -0.00462    -0.00033    -0.00332
49822    -0.00458    -0.00048    -0.00252
49852    -0.00382    -0.00034    -0.00152
49883    -0.00198     0.00002    -0.00048
49913     0.00059     0.00047    -0.00011
49944     0.00237     0.00073    -0.00055
49975     0.00304     0.00090    -0.00088
50005     0.00215     0.00083    -0.00102
50036     0.00010     0.00056    -0.00121
50066    -0.00265    -0.00010    -0.00147
50097    -0.00453    -0.00049    -0.00223
50128    -0.00611    -0.00060    -0.00303
50157    -0.00665    -0.00045    -0.00343
50188    -0.00626    -0.00047    -0.00301
50218    -0.00546    -0.00055    -0.00134
50249    -0.00325    -0.00074     0.00036
50279    -0.00147    -0.00099     0.00181
50310     0.00040    -0.00104     0.00268
50341     0.00115    -0.00134     0.00282
50371     0.00075    -0.00137     0.00243
50402    -0.00112    -0.00136     0.00169
50432    -0.00314    -0.00128     0.00075
50463    -0.00518    -0.00124    -0.00022
50494    -0.00660    -0.00106    -0.00120
50522    -0.00719    -0.00114    -0.00193
50553    -0.00666    -0.00118    -0.00202
50583    -0.00560    -0.00091    -0.00169
50614    -0.00419    -0.00052    -0.00061
50644    -0.00226     0.00010    -0.00005
50675    -0.00011     0.00062    -0.00001
50706    -0.00009     0.00097    -0.00039
50736    -0.00173     0.00090    -0.00118
50767    -0.00375     0.00062    -0.00227
50797    -0.00531     0.00021    -0.00323
50828    -0.00743     0.00019    -0.00388
50859    -0.00897     0.00027    -0.00414
50887    -0.00969     0.00042    -0.00421
50918    -0.00900     0.00052    -0.00362
50948    -0.00752     0.00076    -0.00236
50979    -0.00604     0.00117    -0.00112
51009    -0.00344     0.00172    -0.00101
51040    -0.00017     0.00165    -0.00142
51071     0.00125     0.00156    -0.00187
51101     0.00020     0.00160    -0.00221
51132    -0.00207     0.00137    -0.00235
51162    -0.00498     0.00093    -0.00260
51193    -0.00700     0.00054    -0.00280
51224    -0.00836     0.00027    -0.00289
51252    -0.00809     0.00012    -0.00279
51283    -0.00675     0.00008    -0.00205
51313    -0.00528     0.00033    -0.00114
51344    -0.00290     0.00073    -0.00008
51374    -0.00051     0.00081     0.00046
51405     0.00190     0.00085     0.00001
51436     0.00261     0.00084    -0.00017
51466     0.00248     0.00080    -0.00044
51497     0.00087     0.00055    -0.00058
51527    -0.00132     0.00008    -0.00070
51558    -0.00325    -0.00091    -0.00085
51589    -0.00474    -0.00130    -0.00112
51618    -0.00580    -0.00120    -0.00134
51649    -0.00525    -0.00119    -0.00111
51679    -0.00348    -0.00068    -0.00075
51710    -0.00191    -0.00007     0.00012
51740     0.00070     0.00016     0.00083
51771     0.00326     0.00034     0.00070
51802     0.00341     0.00028     0.00065
51832     0.00268     0.00025     0.00016
51863     0.00062    -0.00004    -0.00012
51893    -0.00087    -0.00048    -0.00046
51924    -0.00271    -0.00070    -0.00064
51955    -0.00400    -0.00039    -0.00087
51983    -0.00456    -0.00047    -0.00100
52014    -0.00440    -0.00057    -0.00076
52044    -0.00267    -0.00028     0.00017
52075    -0.00053     0.00004     0.00098
52105     0.00206     0.00043     0.00148
52136     0.00390     0.00086     0.00137
52167     0.00443     0.00094     0.00121
52197     0.00401     0.00101     0.00087
52228     0.00248     0.00074     0.00040
52258    -0.00027     0.00010     0.00012
52289    -0.00164    -0.00055    -0.00022
52320    -0.00258    -0.00071    -0.00034
52348    -0.00316    -0.00065    -0.00040
52379    -0.00288    -0.00092     0.00005
52409    -0.00148    -0.00057     0.00089
52440     0.00054    -0.00014     0.00201
52470     0.00319     0.00034     0.00225
52501     0.00500     0.00069     0.00198
52532     0.00527     0.00086     0.00159
52562     0.00442     0.00078     0.00102
52593     0.00321     0.00030     0.00052
52623     0.00145    -0.00011     0.00033
52654    -0.00091    -0.00066    -0.00001
52685    -0.00245    -0.00092    -0.00019
52713    -0.00313    -0.00103    -0.00001
52744    -0.00295    -0.00119     0.00035
52774    -0.00184    -0.00085     0.00109
52805     0.00069    -0.00063     0.00199
52835     0.00361    -0.00007     0.00202
52866     0.00580     0.00029     0.00150
52897     0.00605     0.00064     0.00092
52927     0.00508     0.00068     0.00077
52958     0.00322     0.00035     0.00058
52988     0.00114    -0.00002     0.00026
53019    -0.00027    -0.00063    -0.00004
53050    -0.00130    -0.00103    -0.00022
53079    -0.00177    -0.00114    -0.00029
53110    -0.00062    -0.00138    -0.00020
53140     0.00065    -0.00110     0.00047
53171     0.00175    -0.00042     0.00116
53201     0.00409     0.00001     0.00146
53232     0.00560     0.00044     0.00104
53263     0.00480     0.00091     0.00081
53293     0.00370     0.00084     0.00055
53324     0.00188     0.00040     0.00031
53354     0.00038    -0.00020    -0.00011
53385    -0.00118    -0.00058    -0.00039
53416    -0.00215    -0.00096    -0.00036
53444    -0.00221    -0.00127    -0.00039
53475    -0.00219    -0.00123    -0.00008
53505    -0.00102    -0.00109     0.00017
53536     0.00026    -0.00056     0.00114
53566     0.00264     0.00013     0.00160
53597     0.00469     0.00073     0.00131
53628     0.00497     0.00114     0.00109
53658     0.00363     0.00123     0.00105
53689     0.00199     0.00105     0.00091
53719     0.00049     0.00015     0.00091
53750    -0.00220    -0.00053     0.00066
53781    -0.00318    -0.00079     0.00047
53809    -0.00348    -0.00104     0.00028
53840    -0.00300    -0.00108     0.00037
53870    -0.00114    -0.00068     0.00090
53901     0.00056    -0.00011     0.00156
53931     0.00373     0.00051     0.00190
53962     0.00575     0.00070     0.00151
53993     0.00611     0.00090     0.00102
54023     0.00519     0.00072     0.00098
54054     0.00299    -0.00008     0.00069
54084     0.00105    -0.00057     0.00047
54115    -0.00058    -0.00080     0.00036
54146    -0.00106    -0.00095     0.00005
54174    -0.00160    -0.00103     0.00017
54205    -0.00108    -0.00109     0.00063
54235     0.00039    -0.00093     0.00104
54266     0.00237    -0.00033     0.00160
54296     0.00468     0.00023     0.00145
54327     0.00639     0.00032     0.00089
54358     0.00651     0.00055     0.00035
54388     0.00450     0.00057     0.00037
54419     0.00294    -0.00001     0.00026
54449    -0.00052    -0.00058    -0.00002
54480    -0.00351    -0.00119    -0.00018
54511    -0.00535    -0.00138    -0.00028
54540    -0.00577    -0.00152    -0.00019
54571    -0.00510    -0.00137    -0.00006
54601    -0.00303    -0.00100     0.00069
54632    -0.00074    -0.00037     0.00121
54662     0.00264     0.00002     0.00124
54693     0.00453     0.00030     0.00069
54724     0.00441     0.00053     0.00022
54754     0.00350     0.00055    -0.00008
54785     0.00121     0.00054    -0.00043
54815    -0.00064    -0.00007    -0.00042
54846    -0.00364    -0.00042    -0.00062
54877    -0.00402    -0.00077    -0.00091
54905    -0.00502    -0.00092    -0.00107
54936    -0.00475    -0.00094    -0.00079
54966    -0.00325    -0.00061    -0.00016
54997    -0.00017    -0.00027     0.00068
55027     0.00281     0.00018     0.00090
55058     0.00466     0.00053     0.00054
55089     0.00504     0.00058     0.00018
55119     0.00364     0.00068     0.00000
55150     0.00036    -0.00009    -0.00021
55180    -0.00195    -0.00071    -0.00041
55211    -0.00458    -0.00103    -0.00095
55242    -0.00634    -0.00088    -0.00122
55270    -0.00622    -0.00099    -0.00133
55301    -0.00535    -0.00096    -0.00097
55331    -0.00371    -0.00057    -0.00047
55362    -0.00242    -0.00001     0.00011
55392     0.00109     0.00046     0.00054
55423     0.00405     0.00084     0.00014
55454     0.00392     0.00130    -0.00045
55484     0.00251     0.00149    -0.00077
55515    -0.00000     0.00110    -0.00105
55545    -0.00357     0.00067    -0.00154
55576    -0.00693     0.00019    -0.00160
55607    -0.00827    -0.00001    -0.00142
55635    -0.00938    -0.00021    -0.00133
55666    -0.00838    -0.00014    -0.00072
55696    -0.00636     0.00013    -0.00013
55727    -0.00373     0.00081     0.00047
55757    -0.00020     0.00122     0.00090
55788     0.00263     0.00145     0.00065
55819     0.00390     0.00157     0.00012
55849     0.00303     0.00121    -0.00017
55880     0.00165     0.00072    -0.00029
55910    -0.00030     0.00033    -0.00029
55941    -0.00257    -0.00016    -0.00051
55972    -0.00447    -0.00036    -0.00057
56001    -0.00538    -0.00023    -0.00031
56032    -0.00520    -0.00023    -0.00009
56062    -0.00315    -0.00004     0.00033
56093    -0.00103     0.00029     0.00119
56123     0.00198     0.00060     0.00126
56154     0.00460     0.00093     0.00061
56185     0.00571     0.00124    -0.00023
56215     0.00496     0.00102    -0.00039
56246     0.00278     0.00073    -0.00082
56276     0.00036     0.00030    -0.00110
56307    -0.00126    -0.00003    -0.00115
56338    -0.00190    -0.00029    -0.00123
56366    -0.00220    -0.00038    -0.00105
56397    -0.00168    -0.00060    -0.00076
56427     0.00017    -0.00049     0.00007
56458     0.00119     0.00004     0.00097
56488     0.00357     0.00063     0.00119
56519     0.00540     0.00102     0.00086
56550     0.00545     0.00115     0.00065
56580     0.00417     0.00114     0.00050
56611     0.00294     0.00073     0.00061
56641     0.00176     0.00032     0.00061
56672     0.00082    -0.00012     0.00063
56703    -0.00033    -0.00040     0.00056
56731    -0.00138    -0.00077     0.00074
56762    -0.00094    -0.00079     0.00112
56792     0.00024    -0.00077     0.00152
56823     0.00193    -0.00042     0.00213
56853     0.00412     0.00007     0.00211
56884     0.00606     0.00040     0.00140
56915     0.00600     0.00074     0.00077
56945     0.00491     0.00063     0.00038
56976     0.00285     0.00035     0.00026
57006     0.00054     0.00002     0.00026
57037    -0.00124     0.00007    -0.00005
57068    -0.00256    -0.00013    -0.00015
57096    -0.00277    -0.00032    -0.00013
57127    -0.00213    -0.00043     0.00008
57157    -0.00056    -0.00039     0.00073
57188     0.00159    -0.00010     0.00139
57218     0.00415     0.00010     0.00163
57249     0.00563     0.00051     0.00115
57280     0.00555     0.00083     0.00075
57310     0.00471     0.00099     0.00041
57341     0.00280     0.00098    -0.00015
57371     0.00008     0.00100    -0.00080
57402    -0.00199     0.00059    -0.00112
57433    -0.00334     0.00022    -0.00107
57462    -0.00407    -0.00025    -0.00094
57493    -0.00314    -0.00049    -0.00076
57523    -0.00121    -0.00034    -0.00044
57554     0.00107    -0.00001     0.00025
