# Hydrology loading displacements computed from the monthly GLDAS NOAH model
# This is a product of the Hydrology loading service: http://lacerta.gsfc.nasa.gov/hydlo/
# Displacements are with respect to the center of mass of the total earth
#
# Created for VieVS on 17.03.2017 at 11:46:08 local time
# OFFSET + TREND REMOVED!!! - Hana 
# mjd up (meters) eastwest (meters) northsouth (meters)
43888     0.00071     0.00035    -0.00100
43919     0.00081     0.00067    -0.00175
43947     0.00072     0.00045    -0.00177
43978     0.00061     0.00001    -0.00146
44008     0.00068    -0.00045    -0.00033
44039     0.00073    -0.00068     0.00100
44069     0.00002    -0.00026     0.00223
44100    -0.00039     0.00011     0.00263
44131    -0.00055     0.00003     0.00249
44161    -0.00061    -0.00013     0.00214
44192    -0.00020    -0.00008     0.00119
44222     0.00032     0.00013     0.00024
44253     0.00070     0.00014    -0.00056
44284     0.00068     0.00022    -0.00105
44313     0.00049     0.00037    -0.00132
44344     0.00046     0.00005    -0.00091
44374     0.00035    -0.00029     0.00023
44405     0.00013    -0.00039     0.00149
44435    -0.00030     0.00011     0.00247
44466    -0.00057     0.00051     0.00282
44497    -0.00076     0.00043     0.00256
44527    -0.00068     0.00004     0.00205
44558    -0.00045    -0.00002     0.00115
44588    -0.00012     0.00010     0.00031
44619     0.00024     0.00037    -0.00018
44650     0.00064     0.00053    -0.00065
44678     0.00075     0.00065    -0.00111
44709     0.00069     0.00048    -0.00092
44739     0.00085     0.00009    -0.00024
44770     0.00071    -0.00054     0.00114
44800    -0.00005    -0.00021     0.00218
44831    -0.00051     0.00033     0.00268
44862    -0.00069     0.00040     0.00263
44892    -0.00096     0.00018     0.00196
44923    -0.00099     0.00004     0.00121
44953    -0.00054    -0.00004     0.00013
44984     0.00001     0.00008    -0.00112
45015     0.00011     0.00032    -0.00179
45043     0.00014     0.00037    -0.00188
45074     0.00040    -0.00000    -0.00146
45104     0.00062    -0.00018    -0.00049
45135     0.00090    -0.00071     0.00089
45165     0.00094    -0.00075     0.00214
45196     0.00020    -0.00010     0.00253
45227    -0.00029     0.00002     0.00246
45257    -0.00011     0.00007     0.00177
45288    -0.00027     0.00026     0.00076
45318    -0.00012     0.00020    -0.00051
45349     0.00001     0.00015    -0.00145
45380     0.00019     0.00013    -0.00226
45408     0.00001    -0.00016    -0.00230
45439     0.00012    -0.00066    -0.00170
45469    -0.00008    -0.00090    -0.00054
45500    -0.00002    -0.00101     0.00103
45530    -0.00065    -0.00076     0.00246
45561    -0.00107     0.00001     0.00309
45592    -0.00163     0.00018     0.00313
45622    -0.00190    -0.00008     0.00252
45653    -0.00158    -0.00040     0.00161
45683    -0.00089    -0.00043     0.00016
45714    -0.00053    -0.00006    -0.00069
45745    -0.00036    -0.00011    -0.00114
45774    -0.00025    -0.00027    -0.00127
45805     0.00028    -0.00051    -0.00107
45835     0.00030    -0.00086    -0.00002
45866    -0.00001    -0.00110     0.00119
45896    -0.00062    -0.00098     0.00244
45927    -0.00099    -0.00060     0.00303
45958    -0.00122    -0.00051     0.00296
45988    -0.00111    -0.00060     0.00222
46019    -0.00063    -0.00080     0.00116
46049    -0.00028    -0.00075     0.00007
46080     0.00041    -0.00069    -0.00106
46111     0.00069    -0.00019    -0.00186
46139     0.00033    -0.00023    -0.00199
46170     0.00058    -0.00028    -0.00142
46200     0.00051    -0.00049    -0.00060
46231     0.00030    -0.00079     0.00084
46261     0.00013    -0.00036     0.00184
46292    -0.00014     0.00002     0.00214
46323    -0.00068     0.00001     0.00217
46353    -0.00087    -0.00026     0.00173
46384    -0.00065    -0.00043     0.00082
46414    -0.00016    -0.00029    -0.00029
46445     0.00017     0.00015    -0.00120
46476     0.00036     0.00020    -0.00195
46504     0.00052     0.00020    -0.00227
46535     0.00049     0.00003    -0.00169
46565     0.00056    -0.00047    -0.00064
46596     0.00082    -0.00095     0.00076
46626     0.00009    -0.00066     0.00206
46657    -0.00037    -0.00009     0.00263
46688    -0.00032    -0.00012     0.00242
46718     0.00007    -0.00023     0.00176
46749     0.00013    -0.00012     0.00091
46779     0.00041    -0.00012    -0.00015
46810     0.00059    -0.00005    -0.00094
46841     0.00066     0.00001    -0.00155
46869     0.00055    -0.00000    -0.00199
46900     0.00068    -0.00025    -0.00166
46930     0.00060    -0.00063    -0.00059
46961     0.00059    -0.00065     0.00049
46991     0.00012    -0.00076     0.00181
47022    -0.00036    -0.00041     0.00230
47053    -0.00073    -0.00007     0.00223
47083    -0.00083     0.00007     0.00180
47114    -0.00093    -0.00007     0.00117
47144    -0.00041    -0.00018     0.00014
47175     0.00000    -0.00007    -0.00094
47206     0.00029     0.00017    -0.00166
47235     0.00046     0.00048    -0.00191
47266     0.00055     0.00025    -0.00129
47296     0.00033     0.00013    -0.00037
47327     0.00021    -0.00010     0.00109
47357    -0.00011     0.00018     0.00200
47388    -0.00055     0.00080     0.00223
47419    -0.00103     0.00093     0.00202
47449    -0.00100     0.00068     0.00162
47480    -0.00060     0.00041     0.00073
47510    -0.00015     0.00034    -0.00032
47541     0.00017     0.00050    -0.00131
47572     0.00028     0.00062    -0.00196
47600     0.00011     0.00054    -0.00213
47631     0.00016     0.00049    -0.00155
47661     0.00022     0.00022    -0.00052
47692     0.00014    -0.00030     0.00094
47722    -0.00018    -0.00006     0.00214
47753    -0.00032     0.00036     0.00260
47784    -0.00061     0.00037     0.00242
47814    -0.00069     0.00041     0.00180
47845    -0.00060     0.00019     0.00091
47875     0.00017     0.00049    -0.00033
47906     0.00058     0.00068    -0.00138
47937     0.00067     0.00081    -0.00220
47965     0.00038     0.00058    -0.00232
47996     0.00040     0.00037    -0.00161
48026     0.00057     0.00002    -0.00061
48057     0.00013    -0.00034     0.00074
48087    -0.00034    -0.00016     0.00183
48118    -0.00061     0.00006     0.00240
48149    -0.00080     0.00012     0.00230
48179    -0.00099     0.00001     0.00162
48210    -0.00098    -0.00011     0.00060
48240    -0.00067    -0.00004    -0.00063
48271    -0.00044     0.00015    -0.00150
48302    -0.00035     0.00048    -0.00181
48330    -0.00015     0.00060    -0.00243
48361     0.00014     0.00034    -0.00213
48391     0.00045    -0.00008    -0.00136
48422     0.00030    -0.00021     0.00022
48452    -0.00012    -0.00026     0.00151
48483    -0.00063     0.00020     0.00215
48514    -0.00087     0.00004     0.00215
48544    -0.00096    -0.00010     0.00161
48575    -0.00091    -0.00027     0.00078
48605    -0.00078    -0.00029    -0.00023
48636    -0.00044    -0.00028    -0.00127
48667    -0.00020    -0.00038    -0.00199
48696    -0.00025    -0.00071    -0.00230
48727     0.00006    -0.00083    -0.00209
48757     0.00007    -0.00104    -0.00087
48788     0.00014    -0.00128     0.00050
48818    -0.00021    -0.00109     0.00152
48849    -0.00055    -0.00052     0.00200
48880    -0.00057    -0.00039     0.00179
48910    -0.00076    -0.00034     0.00134
48941    -0.00043    -0.00034     0.00018
48971    -0.00000    -0.00042    -0.00056
49002     0.00019    -0.00023    -0.00128
49033     0.00030     0.00016    -0.00186
49061     0.00032     0.00020    -0.00223
49092     0.00045    -0.00005    -0.00206
49122     0.00034    -0.00019    -0.00118
49153     0.00022    -0.00042     0.00015
49183    -0.00022    -0.00041     0.00103
49214    -0.00080     0.00002     0.00151
49245    -0.00095     0.00019     0.00131
49275    -0.00092     0.00010     0.00083
49306    -0.00079    -0.00011     0.00003
49336    -0.00050    -0.00015    -0.00086
49367     0.00015     0.00005    -0.00197
49398     0.00048     0.00025    -0.00259
49426     0.00036     0.00022    -0.00267
49457     0.00035    -0.00006    -0.00231
49487     0.00043    -0.00034    -0.00152
49518     0.00043    -0.00053    -0.00048
49548    -0.00019    -0.00020     0.00031
49579    -0.00056     0.00036     0.00075
49610    -0.00086     0.00055     0.00061
49640    -0.00067     0.00032     0.00001
49671    -0.00025     0.00033    -0.00106
49701    -0.00025     0.00038    -0.00210
49732    -0.00021     0.00051    -0.00287
49763    -0.00023     0.00075    -0.00339
49791    -0.00008     0.00085    -0.00361
49822     0.00017     0.00047    -0.00315
49852     0.00037     0.00003    -0.00224
49883     0.00016    -0.00033    -0.00099
49913    -0.00042    -0.00008     0.00014
49944    -0.00096     0.00056     0.00046
49975    -0.00125     0.00078     0.00042
50005    -0.00115     0.00062    -0.00010
50036    -0.00095     0.00038    -0.00099
50066    -0.00026     0.00033    -0.00190
50097     0.00025     0.00063    -0.00293
50128     0.00043     0.00091    -0.00374
50157     0.00048     0.00112    -0.00402
50188     0.00065     0.00101    -0.00356
50218     0.00112     0.00031    -0.00228
50249     0.00170    -0.00003    -0.00062
50279     0.00209    -0.00050     0.00084
50310     0.00234    -0.00071     0.00184
50341     0.00254    -0.00071     0.00200
50371     0.00255    -0.00058     0.00160
50402     0.00257    -0.00040     0.00076
50432     0.00250    -0.00009    -0.00023
50463     0.00253     0.00029    -0.00129
50494     0.00242     0.00064    -0.00232
50522     0.00231     0.00092    -0.00308
50553     0.00235     0.00118    -0.00289
50583     0.00217     0.00106    -0.00231
50614     0.00181     0.00052    -0.00121
50644     0.00097     0.00040    -0.00023
50675     0.00014     0.00049     0.00045
50706    -0.00037     0.00054     0.00027
50736    -0.00027     0.00076    -0.00074
50767    -0.00010     0.00110    -0.00196
50797     0.00033     0.00150    -0.00312
50828     0.00043     0.00161    -0.00395
50859     0.00034     0.00138    -0.00444
50887     0.00021     0.00115    -0.00481
50918     0.00011     0.00076    -0.00433
50948    -0.00014     0.00012    -0.00306
50979    -0.00038    -0.00034    -0.00163
51009    -0.00096     0.00007    -0.00063
51040    -0.00135     0.00070    -0.00001
51071    -0.00151     0.00106    -0.00005
51101    -0.00153     0.00091    -0.00079
51132    -0.00129     0.00052    -0.00166
51162    -0.00087     0.00038    -0.00246
51193    -0.00038     0.00039    -0.00327
51224    -0.00005     0.00043    -0.00366
51252     0.00008     0.00049    -0.00358
51283     0.00014     0.00018    -0.00289
51313     0.00007    -0.00023    -0.00197
51344    -0.00030    -0.00060    -0.00066
51374    -0.00044    -0.00054     0.00028
51405    -0.00080     0.00014     0.00076
51436    -0.00092     0.00029     0.00075
51466    -0.00088     0.00037     0.00034
51497    -0.00078     0.00033    -0.00010
51527    -0.00024     0.00030    -0.00077
51558     0.00085     0.00057    -0.00155
51589     0.00139     0.00077    -0.00202
51618     0.00147     0.00086    -0.00215
51649     0.00154     0.00085    -0.00209
51679     0.00106     0.00082    -0.00133
51710     0.00046     0.00035    -0.00034
51740     0.00009     0.00011     0.00065
51771    -0.00054     0.00023     0.00125
51802    -0.00060     0.00024     0.00118
51832    -0.00067     0.00031     0.00064
51863    -0.00017     0.00025    -0.00008
51893     0.00044     0.00054    -0.00066
51924     0.00057     0.00036    -0.00128
51955     0.00030     0.00022    -0.00157
51983     0.00041     0.00016    -0.00185
52014     0.00055     0.00018    -0.00163
52044     0.00033    -0.00017    -0.00064
52075     0.00004    -0.00039     0.00033
52105    -0.00041    -0.00035     0.00147
52136    -0.00099    -0.00003     0.00220
52167    -0.00108    -0.00005     0.00214
52197    -0.00114     0.00004     0.00171
52228    -0.00097     0.00023     0.00104
52258    -0.00036     0.00009     0.00020
52289     0.00016     0.00021    -0.00054
52320     0.00034     0.00018    -0.00096
52348     0.00031     0.00009    -0.00120
52379     0.00052    -0.00024    -0.00115
52409     0.00024    -0.00074    -0.00035
52440     0.00007    -0.00118     0.00089
52470    -0.00058    -0.00107     0.00203
52501    -0.00097    -0.00063     0.00257
52532    -0.00099    -0.00033     0.00243
52562    -0.00092    -0.00020     0.00159
52593    -0.00049    -0.00010     0.00061
52623    -0.00013    -0.00015    -0.00004
52654     0.00039    -0.00004    -0.00064
52685     0.00072    -0.00002    -0.00104
52713     0.00094    -0.00016    -0.00112
52744     0.00114    -0.00028    -0.00091
52774     0.00095    -0.00076    -0.00023
52805     0.00079    -0.00113     0.00076
52835     0.00009    -0.00079     0.00183
52866    -0.00047    -0.00026     0.00237
52897    -0.00091     0.00002     0.00223
52927    -0.00104    -0.00009     0.00173
52958    -0.00081    -0.00020     0.00086
52988    -0.00042    -0.00020     0.00017
53019     0.00024    -0.00014    -0.00050
53050     0.00071    -0.00002    -0.00090
53079     0.00089    -0.00004    -0.00111
53110     0.00110     0.00008    -0.00103
53140     0.00082    -0.00037    -0.00044
53171     0.00039    -0.00068     0.00054
53201    -0.00005    -0.00062     0.00152
53232    -0.00055    -0.00015     0.00203
53263    -0.00104    -0.00007     0.00186
53293    -0.00092    -0.00009     0.00130
53324    -0.00040    -0.00022     0.00043
53354     0.00025     0.00011    -0.00037
53385     0.00067     0.00016    -0.00102
53416     0.00092    -0.00004    -0.00157
53444     0.00111    -0.00014    -0.00192
53475     0.00105    -0.00034    -0.00161
53505     0.00090    -0.00044    -0.00098
53536     0.00065    -0.00077     0.00017
53566    -0.00009    -0.00062     0.00146
53597    -0.00087    -0.00028     0.00214
53628    -0.00126    -0.00008     0.00221
53658    -0.00124    -0.00029     0.00179
53689    -0.00113    -0.00048     0.00125
53719    -0.00028    -0.00077     0.00039
53750     0.00045    -0.00082    -0.00025
53781     0.00080    -0.00068    -0.00073
53809     0.00113    -0.00045    -0.00105
53840     0.00130    -0.00039    -0.00084
53870     0.00092    -0.00061    -0.00013
53901     0.00030    -0.00082     0.00100
53931    -0.00053    -0.00073     0.00234
53962    -0.00074    -0.00018     0.00276
53993    -0.00100    -0.00001     0.00253
54023    -0.00069    -0.00023     0.00193
54054    -0.00005    -0.00020     0.00093
54084     0.00033    -0.00022     0.00022
54115     0.00075    -0.00026    -0.00031
54146     0.00094    -0.00005    -0.00073
54174     0.00091    -0.00027    -0.00090
54205     0.00113    -0.00056    -0.00070
54235     0.00104    -0.00063    -0.00013
54266     0.00049    -0.00069     0.00096
54296    -0.00026    -0.00028     0.00194
54327    -0.00057     0.00038     0.00227
54358    -0.00092     0.00066     0.00200
54388    -0.00089     0.00049     0.00160
54419    -0.00033     0.00064     0.00098
54449     0.00033     0.00058     0.00014
54480     0.00101     0.00055    -0.00056
54511     0.00128     0.00040    -0.00107
54540     0.00150     0.00011    -0.00153
54571     0.00135    -0.00001    -0.00141
54601     0.00106    -0.00040    -0.00060
54632     0.00057    -0.00057     0.00046
54662    -0.00003    -0.00031     0.00143
54693    -0.00056     0.00026     0.00183
54724    -0.00084     0.00041     0.00154
54754    -0.00094     0.00038     0.00105
54785    -0.00103     0.00037     0.00048
54815    -0.00032     0.00019    -0.00029
54846     0.00020     0.00017    -0.00092
54877     0.00064     0.00046    -0.00137
54905     0.00075     0.00037    -0.00173
54936     0.00081     0.00012    -0.00167
54966     0.00060    -0.00022    -0.00092
54997     0.00024    -0.00056     0.00031
55027    -0.00040    -0.00037     0.00139
55058    -0.00077     0.00009     0.00183
55089    -0.00094     0.00039     0.00183
55119    -0.00093     0.00027     0.00131
55150    -0.00029     0.00036     0.00029
55180     0.00032     0.00041    -0.00051
55211     0.00074     0.00064    -0.00118
55242     0.00076     0.00046    -0.00159
55270     0.00095     0.00061    -0.00174
55301     0.00089     0.00038    -0.00143
55331     0.00067     0.00010    -0.00083
55362     0.00035    -0.00017     0.00015
55392    -0.00022    -0.00006     0.00138
55423    -0.00081     0.00055     0.00203
55454    -0.00136     0.00088     0.00184
55484    -0.00169     0.00080     0.00138
55515    -0.00128     0.00066     0.00056
55545    -0.00077     0.00060    -0.00039
55576    -0.00014     0.00048    -0.00113
55607     0.00028     0.00043    -0.00160
55635     0.00063     0.00026    -0.00188
55666     0.00084    -0.00009    -0.00167
55696     0.00068    -0.00041    -0.00092
55727     0.00010    -0.00052     0.00045
55757    -0.00057    -0.00041     0.00163
55788    -0.00106     0.00006     0.00226
55819    -0.00144     0.00042     0.00220
55849    -0.00114     0.00056     0.00166
55880    -0.00073     0.00052     0.00101
55910    -0.00033     0.00033     0.00034
55941     0.00012     0.00033    -0.00030
55972     0.00035     0.00018    -0.00065
56001     0.00036    -0.00002    -0.00061
56032     0.00047    -0.00025    -0.00051
56062     0.00037    -0.00043    -0.00008
56093     0.00011    -0.00060     0.00108
56123    -0.00051    -0.00023     0.00213
56154    -0.00113     0.00040     0.00255
56185    -0.00168     0.00092     0.00238
56215    -0.00147     0.00077     0.00175
56246    -0.00127     0.00087     0.00088
56276    -0.00084     0.00083     0.00011
56307    -0.00033     0.00069    -0.00055
56338     0.00002     0.00061    -0.00108
56366     0.00025     0.00041    -0.00126
56397     0.00051     0.00035    -0.00113
56427     0.00046     0.00000    -0.00034
56458     0.00014    -0.00050     0.00063
56488    -0.00066    -0.00040     0.00181
56519    -0.00117    -0.00002     0.00242
56550    -0.00137     0.00003     0.00246
56580    -0.00125    -0.00007     0.00199
56611    -0.00079    -0.00034     0.00134
56641    -0.00032    -0.00044     0.00074
56672     0.00029    -0.00032     0.00025
56703     0.00072    -0.00032    -0.00007
56731     0.00112    -0.00050    -0.00024
56762     0.00119    -0.00070     0.00002
56792     0.00113    -0.00082     0.00041
56823     0.00077    -0.00108     0.00119
56853     0.00012    -0.00091     0.00205
56884    -0.00039    -0.00018     0.00249
56915    -0.00072     0.00012     0.00219
56945    -0.00061     0.00017     0.00153
56976    -0.00036    -0.00001     0.00074
57006     0.00003    -0.00030     0.00004
57037     0.00023    -0.00024    -0.00051
57068     0.00048    -0.00039    -0.00113
57096     0.00062    -0.00053    -0.00141
57127     0.00069    -0.00055    -0.00123
57157     0.00068    -0.00092    -0.00057
57188     0.00044    -0.00118     0.00044
57218     0.00015    -0.00105     0.00141
57249    -0.00041    -0.00046     0.00186
57280    -0.00090    -0.00017     0.00179
57310    -0.00112    -0.00014     0.00131
57341    -0.00107    -0.00008     0.00045
57371    -0.00101     0.00004    -0.00035
57402    -0.00039     0.00014    -0.00105
57433     0.00004     0.00001    -0.00157
57462     0.00054    -0.00011    -0.00198
57493     0.00076    -0.00011    -0.00189
57523     0.00058    -0.00019    -0.00126
57554     0.00019    -0.00033    -0.00013
