# Hydrology loading displacements computed from the monthly GLDAS NOAH model
# This is a product of the Hydrology loading service: http://lacerta.gsfc.nasa.gov/hydlo/
# Displacements are with respect to the center of mass of the total earth
#
# Created for VieVS on 17.03.2017 at 11:46:08 local time
# OFFSET + TREND REMOVED!!! - Hana 
# mjd up (meters) eastwest (meters) northsouth (meters)
43888    -0.00291     0.00050     0.00014
43919    -0.00451     0.00069     0.00000
43947    -0.00393     0.00078    -0.00008
43978    -0.00273     0.00090    -0.00015
44008    -0.00051     0.00086     0.00025
44039     0.00147     0.00050     0.00076
44069     0.00400    -0.00072     0.00088
44100     0.00461    -0.00151     0.00095
44131     0.00442    -0.00147     0.00079
44161     0.00315    -0.00116     0.00045
44192     0.00080    -0.00046     0.00028
44222    -0.00139     0.00014     0.00051
44253    -0.00271     0.00076     0.00046
44284    -0.00352     0.00090     0.00031
44313    -0.00329     0.00067     0.00011
44344    -0.00211     0.00080     0.00019
44374     0.00027     0.00057     0.00031
44405     0.00231    -0.00002     0.00061
44435     0.00317    -0.00097     0.00089
44466     0.00378    -0.00177     0.00102
44497     0.00358    -0.00177     0.00082
44527     0.00213    -0.00115     0.00057
44558     0.00016    -0.00054     0.00035
44588    -0.00127    -0.00002     0.00030
44619    -0.00241     0.00027     0.00042
44650    -0.00275     0.00049     0.00052
44678    -0.00342     0.00057     0.00062
44709    -0.00204     0.00045     0.00058
44739    -0.00085     0.00055     0.00077
44770     0.00146     0.00043     0.00090
44800     0.00340    -0.00056     0.00080
44831     0.00431    -0.00152     0.00079
44862     0.00417    -0.00170     0.00073
44892     0.00164    -0.00135     0.00033
44923     0.00042    -0.00085    -0.00003
44953    -0.00167     0.00001    -0.00026
44984    -0.00398     0.00068    -0.00039
45015    -0.00400     0.00065    -0.00059
45043    -0.00402     0.00059    -0.00056
45074    -0.00245     0.00085    -0.00033
45104    -0.00023     0.00072     0.00015
45135     0.00242     0.00077     0.00065
45165     0.00446     0.00035     0.00122
45196     0.00493    -0.00080     0.00104
45227     0.00473    -0.00124     0.00078
45257     0.00241    -0.00085     0.00057
45288     0.00001    -0.00074     0.00010
45318    -0.00233    -0.00011    -0.00038
45349    -0.00340     0.00038    -0.00061
45380    -0.00407     0.00083    -0.00078
45408    -0.00362     0.00098    -0.00108
45439    -0.00272     0.00128    -0.00094
45469    -0.00115     0.00093    -0.00071
45500     0.00155     0.00045    -0.00004
45530     0.00426    -0.00061     0.00008
45561     0.00579    -0.00189     0.00017
45592     0.00541    -0.00240    -0.00012
45622     0.00427    -0.00217    -0.00047
45653     0.00304    -0.00144    -0.00078
45683     0.00031    -0.00049    -0.00093
45714    -0.00202    -0.00017    -0.00088
45745    -0.00299     0.00032    -0.00097
45774    -0.00237     0.00056    -0.00098
45805    -0.00148     0.00102    -0.00046
45835     0.00073     0.00094    -0.00026
45866     0.00227     0.00063    -0.00010
45896     0.00507    -0.00033     0.00000
45927     0.00617    -0.00112     0.00002
45958     0.00565    -0.00121    -0.00004
45988     0.00326    -0.00068    -0.00032
46019     0.00113    -0.00001    -0.00047
46049    -0.00096     0.00047    -0.00057
46080    -0.00220     0.00129    -0.00048
46111    -0.00353     0.00138    -0.00029
46139    -0.00336     0.00131    -0.00059
46170    -0.00251     0.00126    -0.00008
46200    -0.00083     0.00111     0.00007
46231     0.00103     0.00074     0.00046
46261     0.00268    -0.00014     0.00097
46292     0.00307    -0.00090     0.00110
46323     0.00331    -0.00129     0.00081
46353     0.00330    -0.00114     0.00035
46384     0.00196    -0.00051    -0.00005
46414    -0.00047     0.00014    -0.00000
46445    -0.00296     0.00052    -0.00004
46476    -0.00366     0.00092    -0.00042
46504    -0.00381     0.00114    -0.00044
46535    -0.00329     0.00116    -0.00015
46565    -0.00128     0.00109     0.00019
46596     0.00146     0.00106     0.00081
46626     0.00405    -0.00021     0.00081
46657     0.00461    -0.00131     0.00096
46688     0.00386    -0.00113     0.00090
46718     0.00319    -0.00068     0.00067
46749     0.00099    -0.00034     0.00059
46779    -0.00098     0.00020     0.00038
46810    -0.00234     0.00075     0.00010
46841    -0.00314     0.00100    -0.00023
46869    -0.00378     0.00119    -0.00045
46900    -0.00302     0.00135    -0.00018
46930    -0.00056     0.00123     0.00007
46961     0.00069     0.00089     0.00054
46991     0.00259     0.00029     0.00068
47022     0.00316    -0.00042     0.00071
47053     0.00287    -0.00092     0.00061
47083     0.00132    -0.00093     0.00036
47114    -0.00022    -0.00061    -0.00002
47144    -0.00152     0.00016    -0.00022
47175    -0.00322     0.00063    -0.00030
47206    -0.00390     0.00084    -0.00031
47235    -0.00377     0.00078    -0.00004
47266    -0.00261     0.00077     0.00014
47296    -0.00079     0.00030     0.00023
47327     0.00148    -0.00001     0.00057
47357     0.00264    -0.00082     0.00078
47388     0.00332    -0.00190     0.00084
47419     0.00296    -0.00220     0.00056
47449     0.00199    -0.00180     0.00033
47480     0.00079    -0.00103     0.00012
47510    -0.00122    -0.00011    -0.00006
47541    -0.00234     0.00024    -0.00008
47572    -0.00298     0.00034    -0.00010
47600    -0.00361     0.00041    -0.00038
47631    -0.00276     0.00027    -0.00022
47661    -0.00041     0.00013     0.00010
47692     0.00274    -0.00010     0.00034
47722     0.00498    -0.00089     0.00068
47753     0.00595    -0.00159     0.00088
47784     0.00578    -0.00174     0.00062
47814     0.00480    -0.00160     0.00032
47845     0.00266    -0.00101     0.00003
47875     0.00014    -0.00035     0.00025
47906    -0.00214     0.00013     0.00037
47937    -0.00407     0.00043     0.00021
47965    -0.00343     0.00049    -0.00021
47996    -0.00175     0.00041    -0.00008
48026     0.00056     0.00036     0.00015
48057     0.00297    -0.00004     0.00023
48087     0.00471    -0.00083     0.00044
48118     0.00624    -0.00151     0.00049
48149     0.00590    -0.00155     0.00039
48179     0.00456    -0.00134    -0.00007
48210     0.00217    -0.00072    -0.00065
48240    -0.00014    -0.00006    -0.00093
48271    -0.00236     0.00025    -0.00096
48302    -0.00270     0.00011    -0.00093
48330    -0.00378     0.00031    -0.00088
48361    -0.00281     0.00056    -0.00056
48391    -0.00131     0.00088    -0.00019
48422     0.00107     0.00032     0.00037
48452     0.00302    -0.00031     0.00069
48483     0.00401    -0.00125     0.00070
48514     0.00455    -0.00139     0.00033
48544     0.00293    -0.00105    -0.00002
48575     0.00085    -0.00051    -0.00047
48605    -0.00069    -0.00006    -0.00088
48636    -0.00227     0.00052    -0.00095
48667    -0.00295     0.00102    -0.00111
48696    -0.00301     0.00140    -0.00133
48727    -0.00266     0.00163    -0.00105
48757    -0.00071     0.00134    -0.00057
48788     0.00129     0.00112    -0.00020
48818     0.00304     0.00035    -0.00004
48849     0.00412    -0.00074     0.00014
48880     0.00338    -0.00083     0.00014
48910     0.00198    -0.00069    -0.00022
48941    -0.00064     0.00006    -0.00050
48971    -0.00218     0.00072    -0.00046
49002    -0.00283     0.00085    -0.00052
49033    -0.00311     0.00074    -0.00058
49061    -0.00299     0.00081    -0.00071
49092    -0.00281     0.00104    -0.00051
49122    -0.00113     0.00072    -0.00040
49153     0.00063     0.00033     0.00004
49183     0.00262    -0.00029    -0.00002
49214     0.00339    -0.00118     0.00006
49245     0.00285    -0.00133    -0.00019
49275     0.00054    -0.00089    -0.00044
49306    -0.00066    -0.00033    -0.00071
49336    -0.00256     0.00029    -0.00078
49367    -0.00438     0.00096    -0.00066
49398    -0.00461     0.00114    -0.00060
49426    -0.00433     0.00110    -0.00068
49457    -0.00361     0.00125    -0.00055
49487    -0.00175     0.00119    -0.00029
49518     0.00014     0.00096     0.00001
49548     0.00264    -0.00022    -0.00005
49579     0.00362    -0.00116    -0.00001
49610     0.00243    -0.00131    -0.00014
49640     0.00109    -0.00074    -0.00036
49671    -0.00143    -0.00011    -0.00052
49701    -0.00317     0.00027    -0.00084
49732    -0.00476     0.00054    -0.00114
49763    -0.00571     0.00052    -0.00131
49791    -0.00542     0.00054    -0.00132
49822    -0.00384     0.00087    -0.00100
49852    -0.00178     0.00098    -0.00077
49883     0.00024     0.00076    -0.00052
49913     0.00255    -0.00026    -0.00047
49944     0.00382    -0.00145    -0.00061
49975     0.00285    -0.00169    -0.00077
50005     0.00154    -0.00130    -0.00088
50036     0.00015    -0.00066    -0.00117
50066    -0.00194     0.00014    -0.00098
50097    -0.00441     0.00065    -0.00101
50128    -0.00573     0.00084    -0.00117
50157    -0.00619     0.00079    -0.00123
50188    -0.00525     0.00078    -0.00094
50218    -0.00350     0.00117    -0.00037
50249    -0.00115     0.00111     0.00070
50279     0.00062     0.00133     0.00136
50310     0.00208     0.00129     0.00185
50341     0.00190     0.00144     0.00210
50371     0.00042     0.00156     0.00192
50402    -0.00088     0.00171     0.00167
50432    -0.00247     0.00176     0.00118
50463    -0.00343     0.00174     0.00080
50494    -0.00489     0.00168     0.00042
50522    -0.00508     0.00153     0.00023
50553    -0.00434     0.00119     0.00058
50583    -0.00342     0.00097     0.00065
50614    -0.00176     0.00088     0.00067
50644    -0.00005     0.00021     0.00041
50675     0.00104    -0.00066     0.00013
50706     0.00091    -0.00096    -0.00033
50736    -0.00084    -0.00078    -0.00068
50767    -0.00340    -0.00052    -0.00102
50797    -0.00524    -0.00020    -0.00118
50828    -0.00596     0.00000    -0.00138
50859    -0.00552     0.00026    -0.00175
50887    -0.00587     0.00049    -0.00192
50918    -0.00545     0.00070    -0.00186
50948    -0.00290     0.00066    -0.00180
50979    -0.00086     0.00047    -0.00145
51009     0.00093    -0.00070    -0.00133
51040     0.00196    -0.00175    -0.00102
51071     0.00131    -0.00206    -0.00104
51101    -0.00050    -0.00158    -0.00150
51132    -0.00244    -0.00067    -0.00174
51162    -0.00334     0.00001    -0.00183
51193    -0.00467     0.00051    -0.00180
51224    -0.00492     0.00082    -0.00178
51252    -0.00480     0.00085    -0.00154
51283    -0.00334     0.00091    -0.00120
51313    -0.00154     0.00084    -0.00105
51344     0.00074     0.00046    -0.00088
51374     0.00284    -0.00009    -0.00061
51405     0.00347    -0.00113    -0.00044
51436     0.00316    -0.00140    -0.00044
51466     0.00145    -0.00128    -0.00052
51497     0.00012    -0.00091    -0.00061
51527    -0.00162    -0.00020    -0.00048
51558    -0.00303     0.00060     0.00031
51589    -0.00346     0.00098     0.00064
51618    -0.00333     0.00098     0.00069
51649    -0.00326     0.00092     0.00087
51679    -0.00152     0.00021     0.00061
51710     0.00077    -0.00030     0.00039
51740     0.00221    -0.00063     0.00049
51771     0.00255    -0.00111     0.00043
51802     0.00219    -0.00116     0.00053
51832     0.00068    -0.00108     0.00029
51863    -0.00076    -0.00046     0.00016
51893    -0.00137    -0.00020     0.00043
51924    -0.00203     0.00035     0.00010
51955    -0.00262     0.00047    -0.00029
51983    -0.00293     0.00073    -0.00041
52014    -0.00272     0.00074    -0.00011
52044    -0.00078     0.00052    -0.00004
52075     0.00196     0.00005     0.00007
52105     0.00391    -0.00072     0.00013
52136     0.00472    -0.00162     0.00012
52167     0.00435    -0.00152    -0.00005
52197     0.00296    -0.00142    -0.00023
52228     0.00152    -0.00123    -0.00017
52258     0.00013    -0.00042    -0.00005
52289    -0.00093     0.00013     0.00012
52320    -0.00211     0.00044     0.00019
52348    -0.00236     0.00061    -0.00004
52379    -0.00109     0.00092    -0.00004
52409     0.00056     0.00081    -0.00004
52440     0.00266     0.00053     0.00017
52470     0.00449    -0.00031     0.00023
52501     0.00482    -0.00105     0.00030
52532     0.00461    -0.00133     0.00012
52562     0.00304    -0.00113    -0.00012
52593     0.00016    -0.00049     0.00003
52623    -0.00140     0.00009     0.00001
52654    -0.00279     0.00066     0.00022
52685    -0.00302     0.00101     0.00020
52713    -0.00241     0.00119     0.00027
52744    -0.00092     0.00121     0.00044
52774     0.00084     0.00112     0.00046
52805     0.00312     0.00087     0.00061
52835     0.00506    -0.00026     0.00061
52866     0.00589    -0.00127     0.00054
52897     0.00575    -0.00169     0.00017
52927     0.00484    -0.00144    -0.00028
52958     0.00277    -0.00083    -0.00053
52988     0.00068    -0.00029    -0.00042
53019    -0.00120     0.00044    -0.00008
53050    -0.00218     0.00089     0.00025
53079    -0.00229     0.00111     0.00027
53110    -0.00208     0.00106     0.00060
53140    -0.00076     0.00106     0.00051
53171     0.00187     0.00060     0.00035
53201     0.00357    -0.00009     0.00054
53232     0.00399    -0.00102     0.00052
53263     0.00360    -0.00138     0.00012
53293     0.00249    -0.00112    -0.00009
53324     0.00065    -0.00036    -0.00016
53354    -0.00070     0.00006     0.00014
53385    -0.00187     0.00057     0.00023
53416    -0.00253     0.00123     0.00013
53444    -0.00284     0.00162     0.00013
53475    -0.00242     0.00164     0.00020
53505    -0.00129     0.00144     0.00031
53536     0.00125     0.00101     0.00045
53566     0.00366    -0.00004     0.00034
53597     0.00440    -0.00101     0.00013
53628     0.00440    -0.00148    -0.00015
53658     0.00362    -0.00126    -0.00044
53689     0.00215    -0.00086    -0.00059
53719     0.00079     0.00031    -0.00033
53750    -0.00015     0.00107    -0.00007
53781    -0.00090     0.00135     0.00001
53809    -0.00170     0.00151     0.00020
53840    -0.00129     0.00150     0.00051
53870     0.00004     0.00117     0.00047
53901     0.00216     0.00061     0.00042
53931     0.00497    -0.00053     0.00031
53962     0.00551    -0.00128     0.00035
53993     0.00469    -0.00144     0.00008
54023     0.00329    -0.00090    -0.00007
54054     0.00159    -0.00023     0.00010
54084    -0.00011     0.00031     0.00022
54115    -0.00123     0.00083     0.00038
54146    -0.00216     0.00100     0.00043
54174    -0.00256     0.00135     0.00032
54205    -0.00105     0.00155     0.00035
54235     0.00040     0.00120     0.00049
54266     0.00178     0.00051     0.00053
54296     0.00218    -0.00059     0.00069
54327     0.00243    -0.00150     0.00087
54358     0.00238    -0.00186     0.00053
54388     0.00173    -0.00155     0.00033
54419     0.00064    -0.00107     0.00061
54449    -0.00121    -0.00028     0.00076
54480    -0.00236     0.00034     0.00102
54511    -0.00265     0.00081     0.00090
54540    -0.00307     0.00139     0.00077
54571    -0.00290     0.00143     0.00064
54601    -0.00110     0.00125     0.00055
54632     0.00076     0.00069     0.00044
54662     0.00235    -0.00039     0.00061
54693     0.00251    -0.00141     0.00077
54724     0.00178    -0.00167     0.00054
54754     0.00074    -0.00145     0.00026
54785    -0.00064    -0.00118    -0.00011
54815    -0.00193    -0.00019    -0.00010
54846    -0.00270     0.00034    -0.00008
54877    -0.00382     0.00062     0.00010
54905    -0.00377     0.00095     0.00008
54936    -0.00290     0.00107     0.00006
54966    -0.00131     0.00083     0.00009
54997     0.00098     0.00049     0.00024
55027     0.00255    -0.00042     0.00045
55058     0.00288    -0.00137     0.00066
55089     0.00302    -0.00185     0.00055
55119     0.00232    -0.00154     0.00021
55150    -0.00013    -0.00085     0.00044
55180    -0.00194    -0.00011     0.00057
55211    -0.00343     0.00031     0.00051
55242    -0.00406     0.00073     0.00012
55270    -0.00421     0.00083     0.00020
55301    -0.00327     0.00083     0.00034
55331    -0.00147     0.00066     0.00031
55362     0.00059     0.00031     0.00024
55392     0.00308    -0.00070     0.00034
55423     0.00361    -0.00180     0.00042
55454     0.00268    -0.00231     0.00006
55484     0.00119    -0.00218    -0.00035
55515    -0.00079    -0.00145    -0.00048
55545    -0.00241    -0.00065    -0.00069
55576    -0.00381     0.00017    -0.00045
55607    -0.00417     0.00057    -0.00037
55635    -0.00382     0.00095    -0.00036
55666    -0.00246     0.00114    -0.00031
55696    -0.00022     0.00089    -0.00026
55727     0.00174     0.00017    -0.00011
55757     0.00330    -0.00065    -0.00007
55788     0.00376    -0.00151    -0.00006
55819     0.00339    -0.00204    -0.00017
55849     0.00266    -0.00186     0.00003
55880     0.00133    -0.00140     0.00010
55910    -0.00032    -0.00066     0.00009
55941    -0.00200     0.00006     0.00019
55972    -0.00235     0.00049     0.00014
56001    -0.00193     0.00070     0.00006
56032    -0.00143     0.00090     0.00011
56062    -0.00124     0.00082     0.00021
56093     0.00027     0.00042     0.00049
56123     0.00133    -0.00061     0.00081
56154     0.00223    -0.00179     0.00075
56185     0.00216    -0.00259     0.00048
56215     0.00052    -0.00202     0.00028
56246    -0.00136    -0.00154     0.00008
56276    -0.00288    -0.00083     0.00006
56307    -0.00371    -0.00011     0.00004
56338    -0.00438     0.00041    -0.00003
56366    -0.00423     0.00077    -0.00014
56397    -0.00352     0.00089     0.00008
56427    -0.00161     0.00079     0.00023
56458     0.00036     0.00065     0.00005
56488     0.00314    -0.00039    -0.00005
56519     0.00454    -0.00141    -0.00005
56550     0.00470    -0.00165    -0.00017
56580     0.00376    -0.00138    -0.00036
56611     0.00226    -0.00055    -0.00029
56641     0.00146     0.00006    -0.00014
56672     0.00008     0.00047     0.00020
56703    -0.00093     0.00087     0.00037
56731    -0.00076     0.00131     0.00064
56762     0.00027     0.00135     0.00078
56792     0.00086     0.00131     0.00090
56823     0.00238     0.00098     0.00089
56853     0.00391     0.00021     0.00069
56884     0.00412    -0.00082     0.00061
56915     0.00380    -0.00125     0.00026
56945     0.00255    -0.00102     0.00002
56976     0.00078    -0.00042    -0.00010
57006    -0.00068     0.00039    -0.00014
57037    -0.00201     0.00074    -0.00020
57068    -0.00284     0.00129    -0.00039
57096    -0.00280     0.00157    -0.00044
57127    -0.00185     0.00153    -0.00027
57157    -0.00030     0.00155    -0.00014
57188     0.00218     0.00111     0.00002
57218     0.00435     0.00036     0.00025
57249     0.00470    -0.00072     0.00017
57280     0.00391    -0.00120    -0.00017
57310     0.00293    -0.00113    -0.00061
57341     0.00143    -0.00092    -0.00087
57371    -0.00022    -0.00069    -0.00097
57402    -0.00180    -0.00015    -0.00077
57433    -0.00303     0.00058    -0.00073
57462    -0.00353     0.00119    -0.00058
57493    -0.00312     0.00126    -0.00031
57523    -0.00170     0.00101    -0.00028
57554    -0.00027     0.00065    -0.00026
