# Hydrology loading displacements computed from the monthly GLDAS NOAH model
# This is a product of the Hydrology loading service: http://lacerta.gsfc.nasa.gov/hydlo/
# Displacements are with respect to the center of mass of the total earth
#
# Created for VieVS on 17.03.2017 at 11:46:08 local time
# OFFSET + TREND REMOVED!!! - Hana 
# mjd up (meters) eastwest (meters) northsouth (meters)
43888    -0.00258     0.00046    -0.00011
43919    -0.00475     0.00064     0.00003
43947    -0.00404     0.00077    -0.00017
43978    -0.00267     0.00084    -0.00033
44008     0.00050     0.00072    -0.00030
44039     0.00370     0.00041    -0.00007
44069     0.00541    -0.00062     0.00054
44100     0.00603    -0.00120     0.00079
44131     0.00614    -0.00126     0.00066
44161     0.00531    -0.00114     0.00038
44192     0.00287    -0.00064     0.00008
44222     0.00039     0.00001     0.00013
44253    -0.00183     0.00053     0.00004
44284    -0.00321     0.00073    -0.00004
44313    -0.00398     0.00072    -0.00010
44344    -0.00295     0.00075    -0.00004
44374    -0.00047     0.00040     0.00019
44405     0.00217    -0.00031     0.00064
44435     0.00389    -0.00120     0.00123
44466     0.00470    -0.00171     0.00143
44497     0.00462    -0.00168     0.00122
44527     0.00376    -0.00131     0.00084
44558     0.00160    -0.00082     0.00055
44588    -0.00096    -0.00036     0.00054
44619    -0.00280    -0.00013     0.00055
44650    -0.00397     0.00020     0.00066
44678    -0.00466     0.00058     0.00062
44709    -0.00309     0.00076     0.00043
44739    -0.00106     0.00076     0.00043
44770     0.00241     0.00038     0.00047
44800     0.00412    -0.00060     0.00080
44831     0.00513    -0.00135     0.00096
44862     0.00494    -0.00153     0.00099
44892     0.00378    -0.00157     0.00056
44923     0.00155    -0.00125     0.00035
44953    -0.00136    -0.00067     0.00020
44984    -0.00373     0.00012    -0.00017
45015    -0.00488     0.00040    -0.00040
45043    -0.00499     0.00049    -0.00054
45074    -0.00349     0.00082    -0.00051
45104    -0.00093     0.00074    -0.00023
45135     0.00258     0.00073     0.00001
45165     0.00454     0.00043     0.00075
45196     0.00479    -0.00040     0.00100
45227     0.00502    -0.00087     0.00079
45257     0.00396    -0.00067     0.00054
45288     0.00208    -0.00059     0.00009
45318    -0.00009    -0.00021    -0.00043
45349    -0.00259     0.00020    -0.00075
45380    -0.00461     0.00075    -0.00086
45408    -0.00473     0.00083    -0.00116
45439    -0.00251     0.00083    -0.00130
45469     0.00006     0.00043    -0.00110
45500     0.00278    -0.00004    -0.00049
45530     0.00478    -0.00104     0.00011
45561     0.00504    -0.00183     0.00072
45592     0.00531    -0.00231     0.00055
45622     0.00470    -0.00224     0.00001
45653     0.00345    -0.00160    -0.00057
45683     0.00093    -0.00076    -0.00111
45714    -0.00129    -0.00051    -0.00093
45745    -0.00254    -0.00039    -0.00095
45774    -0.00269    -0.00015    -0.00101
45805    -0.00175     0.00055    -0.00079
45835     0.00057     0.00039    -0.00058
45866     0.00327    -0.00017    -0.00023
45896     0.00543    -0.00105     0.00025
45927     0.00606    -0.00158     0.00049
45958     0.00601    -0.00174     0.00050
45988     0.00499    -0.00154     0.00023
46019     0.00348    -0.00074    -0.00033
46049     0.00140    -0.00009    -0.00062
46080    -0.00094     0.00078    -0.00074
46111    -0.00380     0.00123    -0.00046
46139    -0.00439     0.00111    -0.00064
46170    -0.00268     0.00111    -0.00041
46200    -0.00036     0.00084    -0.00026
46231     0.00208     0.00027     0.00026
46261     0.00328    -0.00030     0.00109
46292     0.00439    -0.00076     0.00116
46323     0.00462    -0.00120     0.00094
46353     0.00410    -0.00102     0.00042
46384     0.00241    -0.00060    -0.00013
46414    -0.00006     0.00007    -0.00028
46445    -0.00308     0.00041    -0.00003
46476    -0.00487     0.00072    -0.00031
46504    -0.00515     0.00104    -0.00031
46535    -0.00319     0.00095    -0.00013
46565    -0.00021     0.00092    -0.00015
46596     0.00308     0.00083     0.00010
46626     0.00515    -0.00030     0.00058
46657     0.00592    -0.00113     0.00092
46688     0.00600    -0.00108     0.00082
46718     0.00533    -0.00060     0.00051
46749     0.00359    -0.00030     0.00021
46779     0.00178     0.00031    -0.00018
46810    -0.00116     0.00070    -0.00032
46841    -0.00299     0.00090    -0.00041
46869    -0.00420     0.00106    -0.00062
46900    -0.00326     0.00125    -0.00056
46930    -0.00092     0.00095    -0.00030
46961     0.00117     0.00052     0.00024
46991     0.00366    -0.00010     0.00058
47022     0.00459    -0.00079     0.00084
47053     0.00446    -0.00110     0.00085
47083     0.00373    -0.00111     0.00065
47114     0.00231    -0.00094     0.00014
47144     0.00023    -0.00034    -0.00013
47175    -0.00206     0.00036    -0.00042
47206    -0.00351     0.00076    -0.00050
47235    -0.00450     0.00087    -0.00021
47266    -0.00325     0.00077     0.00002
47296    -0.00111     0.00042     0.00023
47327     0.00121    -0.00005     0.00077
47357     0.00261    -0.00063     0.00119
47388     0.00339    -0.00128     0.00128
47419     0.00300    -0.00165     0.00120
47449     0.00259    -0.00150     0.00077
47480     0.00085    -0.00078     0.00017
47510    -0.00174    -0.00014     0.00004
47541    -0.00364     0.00050    -0.00008
47572    -0.00446     0.00086    -0.00013
47600    -0.00462     0.00070    -0.00033
47631    -0.00300     0.00050    -0.00018
47661    -0.00050     0.00032     0.00006
47692     0.00237    -0.00007     0.00031
47722     0.00421    -0.00067     0.00097
47753     0.00502    -0.00108     0.00131
47784     0.00472    -0.00134     0.00119
47814     0.00332    -0.00127     0.00086
47845     0.00175    -0.00085     0.00033
47875    -0.00114     0.00022     0.00018
47906    -0.00308     0.00086     0.00008
47937    -0.00470     0.00118    -0.00008
47965    -0.00462     0.00113    -0.00040
47996    -0.00286     0.00095    -0.00029
48026    -0.00073     0.00089    -0.00015
48057     0.00190     0.00018     0.00029
48087     0.00384    -0.00051     0.00076
48118     0.00495    -0.00092     0.00096
48149     0.00463    -0.00105     0.00094
48179     0.00366    -0.00102     0.00048
48210     0.00161    -0.00064     0.00000
48240    -0.00094    -0.00018    -0.00039
48271    -0.00288     0.00022    -0.00054
48302    -0.00425     0.00032    -0.00047
48330    -0.00540     0.00076    -0.00062
48361    -0.00435     0.00103    -0.00057
48391    -0.00264     0.00104    -0.00032
48422    -0.00016     0.00036     0.00031
48452     0.00243    -0.00035     0.00068
48483     0.00340    -0.00115     0.00102
48514     0.00370    -0.00126     0.00075
48544     0.00293    -0.00123     0.00038
48575     0.00139    -0.00101    -0.00013
48605    -0.00062    -0.00059    -0.00070
48636    -0.00276     0.00011    -0.00104
48667    -0.00420     0.00075    -0.00128
48696    -0.00462     0.00106    -0.00155
48727    -0.00375     0.00121    -0.00136
48757    -0.00116     0.00095    -0.00097
48788     0.00126     0.00063    -0.00040
48818     0.00317    -0.00002    -0.00011
48849     0.00442    -0.00058     0.00006
48880     0.00449    -0.00064     0.00001
48910     0.00327    -0.00076    -0.00014
48941     0.00063    -0.00025    -0.00038
48971    -0.00131     0.00036    -0.00067
49002    -0.00282     0.00075    -0.00093
49033    -0.00432     0.00093    -0.00092
49061    -0.00516     0.00100    -0.00092
49092    -0.00457     0.00107    -0.00073
49122    -0.00238     0.00079    -0.00066
49153     0.00023     0.00043    -0.00018
49183     0.00205    -0.00020     0.00015
49214     0.00289    -0.00090     0.00039
49245     0.00242    -0.00114     0.00039
49275     0.00183    -0.00109     0.00014
49306     0.00062    -0.00058    -0.00041
49336    -0.00129    -0.00008    -0.00071
49367    -0.00381     0.00074    -0.00059
49398    -0.00532     0.00122    -0.00055
49426    -0.00572     0.00123    -0.00061
49457    -0.00453     0.00125    -0.00061
49487    -0.00262     0.00124    -0.00046
49518    -0.00023     0.00090    -0.00002
49548     0.00199     0.00017     0.00000
49579     0.00300    -0.00038     0.00017
49610     0.00283    -0.00075     0.00007
49640     0.00213    -0.00044    -0.00030
49671    -0.00029     0.00017    -0.00078
49701    -0.00308     0.00063    -0.00128
49732    -0.00545     0.00069    -0.00138
49763    -0.00705     0.00067    -0.00125
49791    -0.00739     0.00076    -0.00117
49822    -0.00622     0.00109    -0.00106
49852    -0.00370     0.00113    -0.00095
49883    -0.00087     0.00062    -0.00065
49913     0.00093    -0.00020    -0.00029
49944     0.00180    -0.00094    -0.00014
49975     0.00125    -0.00145    -0.00009
50005     0.00016    -0.00114    -0.00029
50036    -0.00168    -0.00060    -0.00071
50066    -0.00350     0.00026    -0.00083
50097    -0.00616     0.00079    -0.00075
50128    -0.00831     0.00118    -0.00072
50157    -0.00919     0.00121    -0.00060
50188    -0.00800     0.00116    -0.00045
50218    -0.00466     0.00126    -0.00023
50249    -0.00157     0.00135     0.00053
50279     0.00149     0.00130     0.00107
50310     0.00302     0.00127     0.00155
50341     0.00312     0.00135     0.00173
50371     0.00188     0.00138     0.00174
50402    -0.00004     0.00166     0.00160
50432    -0.00222     0.00161     0.00124
50463    -0.00437     0.00188     0.00094
50494    -0.00649     0.00197     0.00055
50522    -0.00764     0.00212     0.00025
50553    -0.00721     0.00201     0.00040
50583    -0.00562     0.00174     0.00039
50614    -0.00308     0.00136     0.00051
50644    -0.00137     0.00050     0.00066
50675    -0.00048    -0.00036     0.00068
50706    -0.00088    -0.00070     0.00036
50736    -0.00293    -0.00049    -0.00004
50767    -0.00535    -0.00021    -0.00053
50797    -0.00754     0.00021    -0.00083
50828    -0.00918     0.00067    -0.00110
50859    -0.00985     0.00107    -0.00146
50887    -0.01017     0.00130    -0.00167
50918    -0.00847     0.00122    -0.00172
50948    -0.00507     0.00083    -0.00187
50979    -0.00236     0.00031    -0.00150
51009    -0.00064    -0.00075    -0.00098
51040     0.00045    -0.00141    -0.00044
51071     0.00022    -0.00183    -0.00032
51101    -0.00095    -0.00181    -0.00081
51132    -0.00257    -0.00118    -0.00129
51162    -0.00448    -0.00043    -0.00153
51193    -0.00571     0.00025    -0.00166
51224    -0.00657     0.00057    -0.00155
51252    -0.00667     0.00072    -0.00127
51283    -0.00504     0.00079    -0.00115
51313    -0.00262     0.00065    -0.00109
51344     0.00022     0.00014    -0.00092
51374     0.00218    -0.00026    -0.00061
51405     0.00279    -0.00096    -0.00025
51436     0.00276    -0.00111    -0.00028
51466     0.00203    -0.00106    -0.00040
51497     0.00080    -0.00079    -0.00044
51527    -0.00071    -0.00023    -0.00034
51558    -0.00230     0.00084     0.00008
51589    -0.00359     0.00139     0.00026
51618    -0.00432     0.00142     0.00034
51649    -0.00378     0.00152     0.00034
51679    -0.00188     0.00099     0.00011
51710     0.00107     0.00043    -0.00019
51740     0.00317    -0.00004     0.00014
51771     0.00411    -0.00071     0.00027
51802     0.00391    -0.00070     0.00025
51832     0.00305    -0.00064    -0.00004
51863     0.00222    -0.00013    -0.00025
51893     0.00105     0.00039    -0.00003
51924    -0.00015     0.00079    -0.00032
51955    -0.00114     0.00065    -0.00058
51983    -0.00188     0.00080    -0.00061
52014    -0.00159     0.00081    -0.00037
52044     0.00010     0.00052    -0.00033
52075     0.00199     0.00017    -0.00002
52105     0.00398    -0.00056     0.00026
52136     0.00506    -0.00139     0.00038
52167     0.00463    -0.00154     0.00037
52197     0.00371    -0.00154     0.00024
52228     0.00212    -0.00123     0.00019
52258     0.00016    -0.00046    -0.00014
52289    -0.00162     0.00030    -0.00026
52320    -0.00216     0.00058    -0.00025
52348    -0.00236     0.00063    -0.00034
52379    -0.00181     0.00106    -0.00058
52409     0.00069     0.00083    -0.00072
52440     0.00345     0.00045    -0.00046
52470     0.00532    -0.00032    -0.00016
52501     0.00561    -0.00103     0.00017
52532     0.00503    -0.00122     0.00017
52562     0.00318    -0.00115     0.00003
52593     0.00112    -0.00062     0.00006
52623     0.00001    -0.00018    -0.00013
52654    -0.00147     0.00036    -0.00003
52685    -0.00257     0.00071    -0.00002
52713    -0.00264     0.00106    -0.00011
52744    -0.00189     0.00133    -0.00007
52774     0.00057     0.00125    -0.00022
52805     0.00331     0.00107    -0.00018
52835     0.00467     0.00015     0.00038
52866     0.00491    -0.00056     0.00069
52897     0.00440    -0.00101     0.00058
52927     0.00348    -0.00107     0.00026
52958     0.00147    -0.00058    -0.00014
52988     0.00006    -0.00012    -0.00030
53019    -0.00160     0.00047    -0.00028
53050    -0.00294     0.00092     0.00000
53079    -0.00337     0.00113     0.00011
53110    -0.00278     0.00130     0.00032
53140    -0.00097     0.00116     0.00010
53171     0.00126     0.00059     0.00011
53201     0.00292     0.00004     0.00053
53232     0.00316    -0.00071     0.00088
53263     0.00302    -0.00109     0.00060
53293     0.00217    -0.00096     0.00034
53324     0.00068    -0.00032     0.00008
53354    -0.00130     0.00036     0.00018
53385    -0.00256     0.00084     0.00015
53416    -0.00367     0.00130    -0.00008
53444    -0.00460     0.00166    -0.00018
53475    -0.00356     0.00169    -0.00020
53505    -0.00213     0.00143    -0.00007
53536     0.00062     0.00090     0.00006
53566     0.00269    -0.00011     0.00039
53597     0.00352    -0.00116     0.00054
53628     0.00367    -0.00164     0.00037
53658     0.00325    -0.00152    -0.00008
53689     0.00220    -0.00115    -0.00040
53719     0.00085    -0.00011    -0.00040
53750    -0.00018     0.00065    -0.00035
53781    -0.00137     0.00110    -0.00041
53809    -0.00218     0.00129    -0.00012
53840    -0.00156     0.00135     0.00018
53870    -0.00002     0.00104     0.00017
53901     0.00215     0.00028     0.00041
53931     0.00438    -0.00059     0.00059
53962     0.00484    -0.00119     0.00088
53993     0.00418    -0.00148     0.00079
54023     0.00336    -0.00102     0.00040
54054     0.00153    -0.00012     0.00018
54084     0.00064     0.00046     0.00011
54115    -0.00030     0.00089     0.00010
54146    -0.00168     0.00108     0.00021
54174    -0.00195     0.00126     0.00004
54205    -0.00105     0.00159    -0.00008
54235     0.00061     0.00141     0.00004
54266     0.00304     0.00057     0.00014
54296     0.00416    -0.00048     0.00058
54327     0.00423    -0.00116     0.00096
54358     0.00357    -0.00156     0.00087
54388     0.00300    -0.00145     0.00063
54419     0.00129    -0.00099     0.00066
54449    -0.00043    -0.00027     0.00050
54480    -0.00116     0.00048     0.00044
54511    -0.00180     0.00094     0.00026
54540    -0.00221     0.00141     0.00005
54571    -0.00197     0.00128     0.00007
54601    -0.00030     0.00111     0.00013
54632     0.00194     0.00059     0.00023
54662     0.00344    -0.00017     0.00061
54693     0.00386    -0.00095     0.00084
54724     0.00335    -0.00121     0.00065
54754     0.00196    -0.00123     0.00033
54785     0.00111    -0.00116     0.00002
54815    -0.00007    -0.00041    -0.00017
54846    -0.00131     0.00015    -0.00033
54877    -0.00283     0.00044    -0.00007
54905    -0.00363     0.00074    -0.00013
54936    -0.00290     0.00099    -0.00031
54966    -0.00093     0.00088    -0.00030
54997     0.00171     0.00042    -0.00002
55027     0.00327    -0.00042     0.00031
55058     0.00381    -0.00093     0.00056
55089     0.00360    -0.00123     0.00058
55119     0.00271    -0.00113     0.00027
55150     0.00078    -0.00044     0.00010
55180    -0.00077     0.00022     0.00009
55211    -0.00296     0.00054     0.00028
55242    -0.00425     0.00060     0.00005
55270    -0.00482     0.00074     0.00025
55301    -0.00362     0.00081     0.00025
55331    -0.00178     0.00061     0.00016
55362     0.00029     0.00004     0.00022
55392     0.00223    -0.00077     0.00049
55423     0.00332    -0.00162     0.00076
55454     0.00280    -0.00224     0.00067
55484     0.00139    -0.00236     0.00037
55515    -0.00009    -0.00184     0.00009
55545    -0.00197    -0.00124     0.00002
55576    -0.00325    -0.00048     0.00000
55607    -0.00427     0.00006    -0.00009
55635    -0.00433     0.00050    -0.00026
55666    -0.00350     0.00082    -0.00034
55696    -0.00179     0.00081    -0.00039
55727     0.00065     0.00007    -0.00018
55757     0.00234    -0.00085     0.00030
55788     0.00318    -0.00165     0.00062
55819     0.00313    -0.00197     0.00059
55849     0.00219    -0.00159     0.00057
55880     0.00135    -0.00095     0.00037
55910     0.00037    -0.00038     0.00020
55941    -0.00132     0.00003     0.00021
55972    -0.00241     0.00032    -0.00001
56001    -0.00266     0.00042    -0.00010
56032    -0.00198     0.00058    -0.00006
56062    -0.00045     0.00042    -0.00011
56093     0.00163    -0.00010     0.00025
56123     0.00345    -0.00084     0.00075
56154     0.00382    -0.00164     0.00102
56185     0.00319    -0.00219     0.00104
56215     0.00235    -0.00188     0.00079
56246     0.00057    -0.00155     0.00061
56276    -0.00125    -0.00102     0.00040
56307    -0.00267    -0.00042     0.00023
56338    -0.00391    -0.00003     0.00016
56366    -0.00424     0.00022     0.00009
56397    -0.00374     0.00041     0.00024
56427    -0.00107     0.00039     0.00024
56458     0.00146    -0.00003     0.00014
56488     0.00349    -0.00086     0.00038
56519     0.00451    -0.00143     0.00049
56550     0.00449    -0.00167     0.00047
56580     0.00372    -0.00153     0.00022
56611     0.00316    -0.00087     0.00001
56641     0.00247    -0.00023    -0.00009
56672     0.00185     0.00031     0.00008
56703     0.00121     0.00070     0.00013
56731     0.00119     0.00122     0.00012
56762     0.00179     0.00130     0.00019
56792     0.00250     0.00108     0.00022
56823     0.00395     0.00064     0.00018
56853     0.00513    -0.00011     0.00044
56884     0.00518    -0.00096     0.00075
56915     0.00440    -0.00135     0.00059
56945     0.00300    -0.00112     0.00023
56976     0.00178    -0.00064    -0.00019
57006     0.00059    -0.00007    -0.00053
57037    -0.00109     0.00012    -0.00064
57068    -0.00226     0.00054    -0.00081
57096    -0.00248     0.00087    -0.00100
57127    -0.00228     0.00102    -0.00079
57157    -0.00045     0.00111    -0.00064
57188     0.00188     0.00079    -0.00053
57218     0.00342     0.00038    -0.00008
57249     0.00395    -0.00048     0.00020
57280     0.00357    -0.00101     0.00014
57310     0.00237    -0.00119    -0.00021
57341     0.00073    -0.00093    -0.00060
57371    -0.00096    -0.00077    -0.00071
57402    -0.00263    -0.00012    -0.00068
57433    -0.00378     0.00039    -0.00067
57462    -0.00420     0.00094    -0.00067
57493    -0.00368     0.00123    -0.00053
57523    -0.00265     0.00099    -0.00036
57554    -0.00086     0.00046    -0.00004
