# Hydrology loading displacements computed from the monthly GLDAS NOAH model
# This is a product of the Hydrology loading service: http://lacerta.gsfc.nasa.gov/hydlo/
# Displacements are with respect to the center of mass of the total earth
#
# Created for VieVS on 17.03.2017 at 11:46:08 local time
# OFFSET + TREND REMOVED!!! - Hana 
# mjd up (meters) eastwest (meters) northsouth (meters)
43888     0.00078     0.00053    -0.00095
43919     0.00087     0.00092    -0.00167
43947     0.00082     0.00069    -0.00169
43978     0.00076     0.00025    -0.00141
44008     0.00086    -0.00026    -0.00033
44039     0.00083    -0.00058     0.00096
44069    -0.00017    -0.00039     0.00224
44100    -0.00074    -0.00015     0.00267
44131    -0.00092    -0.00023     0.00251
44161    -0.00074    -0.00034     0.00212
44192    -0.00014    -0.00014     0.00115
44222     0.00050     0.00024     0.00024
44253     0.00095     0.00038    -0.00055
44284     0.00095     0.00048    -0.00104
44313     0.00067     0.00060    -0.00127
44344     0.00068     0.00027    -0.00089
44374     0.00056    -0.00016     0.00020
44405     0.00010    -0.00045     0.00144
44435    -0.00057    -0.00013     0.00247
44466    -0.00102     0.00016     0.00285
44497    -0.00118     0.00009     0.00259
44527    -0.00092    -0.00021     0.00204
44558    -0.00053    -0.00015     0.00112
44588    -0.00009     0.00010     0.00030
44619     0.00036     0.00048    -0.00017
44650     0.00078     0.00070    -0.00062
44678     0.00084     0.00086    -0.00104
44709     0.00073     0.00066    -0.00085
44739     0.00095     0.00025    -0.00023
44770     0.00074    -0.00051     0.00108
44800    -0.00030    -0.00038     0.00217
44831    -0.00088     0.00004     0.00271
44862    -0.00102     0.00011     0.00265
44892    -0.00121    -0.00010     0.00195
44923    -0.00117    -0.00019     0.00118
44953    -0.00055    -0.00012     0.00010
44984     0.00013     0.00017    -0.00113
45015     0.00021     0.00045    -0.00178
45043     0.00026     0.00051    -0.00186
45074     0.00067     0.00019    -0.00147
45104     0.00089     0.00001    -0.00052
45135     0.00116    -0.00054     0.00082
45165     0.00118    -0.00065     0.00208
45196     0.00012    -0.00021     0.00254
45227    -0.00043    -0.00018     0.00246
45257    -0.00014    -0.00006     0.00176
45288    -0.00030     0.00015     0.00077
45318    -0.00009     0.00020    -0.00049
45349     0.00010     0.00023    -0.00144
45380     0.00032     0.00029    -0.00223
45408     0.00020    -0.00002    -0.00229
45439     0.00044    -0.00050    -0.00173
45469     0.00025    -0.00084    -0.00060
45500     0.00020    -0.00104     0.00095
45530    -0.00065    -0.00098     0.00241
45561    -0.00126    -0.00038     0.00306
45592    -0.00194    -0.00031     0.00312
45622    -0.00216    -0.00057     0.00248
45653    -0.00166    -0.00076     0.00153
45683    -0.00079    -0.00059     0.00009
45714    -0.00042    -0.00012    -0.00073
45745    -0.00021    -0.00011    -0.00118
45774    -0.00001    -0.00020    -0.00132
45805     0.00050    -0.00036    -0.00112
45835     0.00049    -0.00078    -0.00011
45866     0.00000    -0.00117     0.00109
45896    -0.00076    -0.00123     0.00235
45927    -0.00119    -0.00097     0.00296
45958    -0.00147    -0.00092     0.00289
45988    -0.00124    -0.00093     0.00213
46019    -0.00053    -0.00094     0.00106
46049    -0.00010    -0.00075    -0.00000
46080     0.00067    -0.00050    -0.00110
46111     0.00086     0.00009    -0.00184
46139     0.00049     0.00000    -0.00198
46170     0.00084    -0.00001    -0.00143
46200     0.00075    -0.00028    -0.00064
46231     0.00038    -0.00076     0.00077
46261     0.00006    -0.00044     0.00180
46292    -0.00034    -0.00014     0.00214
46323    -0.00095    -0.00024     0.00217
46353    -0.00102    -0.00049     0.00169
46384    -0.00066    -0.00056     0.00077
46414    -0.00008    -0.00027    -0.00032
46445     0.00030     0.00029    -0.00119
46476     0.00055     0.00041    -0.00193
46504     0.00073     0.00048    -0.00224
46535     0.00074     0.00030    -0.00168
46565     0.00086    -0.00025    -0.00068
46596     0.00104    -0.00080     0.00069
46626     0.00000    -0.00077     0.00201
46657    -0.00053    -0.00034     0.00260
46688    -0.00041    -0.00033     0.00238
46718     0.00010    -0.00034     0.00169
46749     0.00015    -0.00018     0.00086
46779     0.00054    -0.00005    -0.00018
46810     0.00077     0.00011    -0.00095
46841     0.00090     0.00022    -0.00156
46869     0.00078     0.00021    -0.00198
46900     0.00092    -0.00002    -0.00166
46930     0.00090    -0.00047    -0.00064
46961     0.00071    -0.00059     0.00044
46991     0.00005    -0.00088     0.00176
47022    -0.00057    -0.00064     0.00228
47053    -0.00097    -0.00033     0.00223
47083    -0.00100    -0.00018     0.00179
47114    -0.00106    -0.00028     0.00115
47144    -0.00042    -0.00022     0.00011
47175     0.00012     0.00003    -0.00095
47206     0.00042     0.00036    -0.00164
47235     0.00052     0.00070    -0.00184
47266     0.00072     0.00047    -0.00125
47296     0.00040     0.00023    -0.00036
47327     0.00019    -0.00012     0.00108
47357    -0.00030     0.00003     0.00201
47388    -0.00097     0.00050     0.00230
47419    -0.00157     0.00057     0.00211
47449    -0.00135     0.00038     0.00165
47480    -0.00072     0.00027     0.00073
47510    -0.00010     0.00036    -0.00032
47541     0.00015     0.00060    -0.00126
47572     0.00027     0.00080    -0.00187
47600     0.00014     0.00070    -0.00205
47631     0.00022     0.00060    -0.00149
47661     0.00030     0.00030    -0.00050
47692     0.00013    -0.00034     0.00092
47722    -0.00037    -0.00022     0.00215
47753    -0.00058     0.00014     0.00263
47784    -0.00091     0.00012     0.00245
47814    -0.00088     0.00018     0.00179
47845    -0.00064     0.00006     0.00089
47875     0.00025     0.00056    -0.00030
47906     0.00065     0.00087    -0.00132
47937     0.00067     0.00104    -0.00209
47965     0.00037     0.00076    -0.00222
47996     0.00043     0.00051    -0.00153
48026     0.00062     0.00014    -0.00056
48057    -0.00003    -0.00041     0.00075
48087    -0.00068    -0.00038     0.00186
48118    -0.00097    -0.00023     0.00245
48149    -0.00111    -0.00016     0.00235
48179    -0.00122    -0.00026     0.00162
48210    -0.00112    -0.00031     0.00058
48240    -0.00068    -0.00009    -0.00063
48271    -0.00043     0.00018    -0.00147
48302    -0.00035     0.00053    -0.00175
48330    -0.00014     0.00073    -0.00233
48361     0.00022     0.00053    -0.00205
48391     0.00062     0.00013    -0.00133
48422     0.00024    -0.00016     0.00026
48452    -0.00032    -0.00034     0.00156
48483    -0.00095    -0.00002     0.00221
48514    -0.00109    -0.00021     0.00217
48544    -0.00104    -0.00031     0.00161
48575    -0.00083    -0.00039     0.00075
48605    -0.00062    -0.00033    -0.00026
48636    -0.00029    -0.00023    -0.00127
48667    -0.00004    -0.00026    -0.00199
48696    -0.00008    -0.00058    -0.00230
48727     0.00031    -0.00064    -0.00210
48757     0.00036    -0.00090    -0.00092
48788     0.00038    -0.00121     0.00042
48818    -0.00018    -0.00120     0.00144
48849    -0.00066    -0.00073     0.00196
48880    -0.00073    -0.00061     0.00177
48910    -0.00085    -0.00055     0.00129
48941    -0.00035    -0.00041     0.00012
48971     0.00022    -0.00035    -0.00060
49002     0.00039    -0.00010    -0.00128
49033     0.00048     0.00032    -0.00182
49061     0.00045     0.00037    -0.00219
49092     0.00063     0.00014    -0.00204
49122     0.00045    -0.00008    -0.00117
49153     0.00021    -0.00042     0.00014
49183    -0.00042    -0.00055     0.00103
49214    -0.00119    -0.00027     0.00156
49245    -0.00132    -0.00013     0.00133
49275    -0.00115    -0.00018     0.00082
49306    -0.00091    -0.00027     0.00002
49336    -0.00053    -0.00018    -0.00087
49367     0.00021     0.00020    -0.00195
49398     0.00052     0.00048    -0.00253
49426     0.00039     0.00042    -0.00263
49457     0.00040     0.00013    -0.00228
49487     0.00048    -0.00018    -0.00152
49518     0.00030    -0.00049    -0.00050
49548    -0.00057    -0.00035     0.00033
49579    -0.00109     0.00014     0.00083
49610    -0.00137     0.00031     0.00069
49640    -0.00101     0.00021     0.00007
49671    -0.00044     0.00035    -0.00101
49701    -0.00048     0.00044    -0.00203
49732    -0.00040     0.00060    -0.00278
49763    -0.00041     0.00086    -0.00329
49791    -0.00021     0.00099    -0.00350
49822     0.00015     0.00069    -0.00307
49852     0.00038     0.00024    -0.00219
49883     0.00001    -0.00025    -0.00097
49913    -0.00077    -0.00018     0.00017
49944    -0.00156     0.00029     0.00055
49975    -0.00181     0.00046     0.00049
50005    -0.00162     0.00036    -0.00005
50036    -0.00124     0.00024    -0.00096
50066    -0.00040     0.00037    -0.00186
50097     0.00016     0.00081    -0.00286
50128     0.00039     0.00116    -0.00364
50157     0.00051     0.00139    -0.00392
50188     0.00082     0.00131    -0.00348
50218     0.00152     0.00065    -0.00228
50249     0.00230     0.00034    -0.00068
50279     0.00293    -0.00011     0.00071
50310     0.00337    -0.00031     0.00166
50341     0.00365    -0.00028     0.00181
50371     0.00367    -0.00013     0.00141
50402     0.00367     0.00008     0.00059
50432     0.00356     0.00042    -0.00037
50463     0.00344     0.00081    -0.00138
50494     0.00311     0.00112    -0.00236
50522     0.00275     0.00136    -0.00307
50553     0.00257     0.00159    -0.00283
50583     0.00220     0.00141    -0.00224
50614     0.00174     0.00076    -0.00116
50644     0.00077     0.00042    -0.00021
50675    -0.00010     0.00036     0.00048
50706    -0.00062     0.00035     0.00030
50736    -0.00055     0.00062    -0.00069
50767    -0.00045     0.00105    -0.00185
50797    -0.00009     0.00154    -0.00296
50828     0.00003     0.00172    -0.00376
50859     0.00003     0.00151    -0.00427
50887    -0.00003     0.00129    -0.00464
50918    -0.00002     0.00090    -0.00420
50948    -0.00023     0.00019    -0.00299
50979    -0.00060    -0.00040    -0.00160
51009    -0.00146    -0.00021    -0.00056
51040    -0.00203     0.00033     0.00012
51071    -0.00218     0.00067     0.00008
51101    -0.00207     0.00060    -0.00070
51132    -0.00164     0.00032    -0.00161
51162    -0.00112     0.00032    -0.00241
51193    -0.00052     0.00046    -0.00321
51224    -0.00009     0.00059    -0.00359
51252     0.00007     0.00070    -0.00350
51283     0.00015     0.00039    -0.00282
51313     0.00005    -0.00010    -0.00196
51344    -0.00042    -0.00064    -0.00068
51374    -0.00068    -0.00068     0.00026
51405    -0.00121    -0.00011     0.00078
51436    -0.00130     0.00004     0.00078
51466    -0.00118     0.00014     0.00035
51497    -0.00099     0.00018    -0.00010
51527    -0.00031     0.00030    -0.00076
51558     0.00084     0.00083    -0.00148
51589     0.00138     0.00113    -0.00192
51618     0.00143     0.00122    -0.00204
51649     0.00148     0.00121    -0.00200
51679     0.00093     0.00103    -0.00129
51710     0.00019     0.00034    -0.00033
51740    -0.00025    -0.00003     0.00064
51771    -0.00099    -0.00003     0.00126
51802    -0.00097     0.00000     0.00118
51832    -0.00104     0.00010     0.00064
51863    -0.00040     0.00019    -0.00007
51893     0.00029     0.00062    -0.00060
51924     0.00051     0.00054    -0.00123
51955     0.00031     0.00038    -0.00153
51983     0.00048     0.00035    -0.00183
52014     0.00068     0.00038    -0.00162
52044     0.00049    -0.00007    -0.00068
52075     0.00008    -0.00045     0.00025
52105    -0.00043    -0.00055     0.00139
52136    -0.00112    -0.00038     0.00214
52167    -0.00109    -0.00038     0.00205
52197    -0.00109    -0.00027     0.00161
52228    -0.00090    -0.00002     0.00096
52258    -0.00020     0.00001     0.00014
52289     0.00037     0.00028    -0.00056
52320     0.00059     0.00029    -0.00097
52348     0.00058     0.00021    -0.00121
52379     0.00082    -0.00006    -0.00118
52409     0.00047    -0.00065    -0.00040
52440     0.00027    -0.00122     0.00077
52470    -0.00055    -0.00129     0.00192
52501    -0.00107    -0.00097     0.00248
52532    -0.00104    -0.00068     0.00234
52562    -0.00089    -0.00046     0.00151
52593    -0.00045    -0.00024     0.00055
52623    -0.00008    -0.00018    -0.00009
52654     0.00050     0.00007    -0.00067
52685     0.00088     0.00017    -0.00106
52713     0.00114     0.00007    -0.00114
52744     0.00137    -0.00002    -0.00093
52774     0.00122    -0.00057    -0.00029
52805     0.00108    -0.00102     0.00065
52835     0.00016    -0.00088     0.00175
52866    -0.00051    -0.00046     0.00233
52897    -0.00105    -0.00027     0.00221
52927    -0.00110    -0.00036     0.00169
52958    -0.00071    -0.00033     0.00081
52988    -0.00024    -0.00019     0.00013
53019     0.00049     0.00000    -0.00051
53050     0.00095     0.00021    -0.00090
53079     0.00116     0.00024    -0.00110
53110     0.00133     0.00037    -0.00101
53140     0.00099    -0.00016    -0.00047
53171     0.00047    -0.00064     0.00047
53201    -0.00013    -0.00074     0.00146
53232    -0.00076    -0.00040     0.00201
53263    -0.00124    -0.00038     0.00183
53293    -0.00093    -0.00032     0.00125
53324    -0.00027    -0.00028     0.00038
53354     0.00041     0.00021    -0.00037
53385     0.00089     0.00037    -0.00100
53416     0.00116     0.00025    -0.00154
53444     0.00137     0.00021    -0.00190
53475     0.00134    -0.00002    -0.00162
53505     0.00112    -0.00019    -0.00100
53536     0.00082    -0.00064     0.00011
53566    -0.00008    -0.00070     0.00141
53597    -0.00103    -0.00055     0.00211
53628    -0.00145    -0.00044     0.00217
53658    -0.00133    -0.00061     0.00172
53689    -0.00111    -0.00074     0.00117
53719    -0.00012    -0.00078     0.00030
53750     0.00068    -0.00067    -0.00032
53781     0.00106    -0.00043    -0.00078
53809     0.00136    -0.00015    -0.00107
53840     0.00152    -0.00007    -0.00087
53870     0.00112    -0.00040    -0.00018
53901     0.00041    -0.00079     0.00092
53931    -0.00057    -0.00091     0.00227
53962    -0.00081    -0.00045     0.00271
53993    -0.00105    -0.00031     0.00248
54023    -0.00056    -0.00042     0.00185
54054     0.00021    -0.00020     0.00086
54084     0.00057    -0.00011     0.00018
54115     0.00105    -0.00005    -0.00035
54146     0.00126     0.00021    -0.00074
54174     0.00122    -0.00001    -0.00091
54205     0.00150    -0.00026    -0.00074
54235     0.00139    -0.00039    -0.00020
54266     0.00071    -0.00064     0.00087
54296    -0.00028    -0.00045     0.00189
54327    -0.00075     0.00011     0.00228
54358    -0.00119     0.00033     0.00201
54388    -0.00103     0.00021     0.00159
54419    -0.00031     0.00053     0.00097
54449     0.00048     0.00065     0.00015
54480     0.00121     0.00078    -0.00052
54511     0.00145     0.00067    -0.00103
54540     0.00174     0.00046    -0.00151
54571     0.00157     0.00031    -0.00141
54601     0.00131    -0.00015    -0.00064
54632     0.00065    -0.00050     0.00040
54662    -0.00016    -0.00043     0.00141
54693    -0.00088     0.00000     0.00186
54724    -0.00117     0.00013     0.00156
54754    -0.00119     0.00012     0.00105
54785    -0.00128     0.00012     0.00048
54815    -0.00033     0.00016    -0.00030
54846     0.00030     0.00028    -0.00092
54877     0.00081     0.00068    -0.00134
54905     0.00090     0.00063    -0.00169
54936     0.00096     0.00037    -0.00166
54966     0.00075    -0.00005    -0.00094
54997     0.00029    -0.00053     0.00026
55027    -0.00058    -0.00051     0.00137
55058    -0.00109    -0.00017     0.00184
55089    -0.00122     0.00009     0.00184
55119    -0.00108     0.00003     0.00129
55150    -0.00035     0.00031     0.00029
55180     0.00031     0.00052    -0.00047
55211     0.00076     0.00085    -0.00112
55242     0.00084     0.00070    -0.00153
55270     0.00106     0.00090    -0.00165
55301     0.00098     0.00065    -0.00135
55331     0.00074     0.00030    -0.00078
55362     0.00029    -0.00013     0.00015
55392    -0.00044    -0.00020     0.00138
55423    -0.00117     0.00026     0.00207
55454    -0.00185     0.00045     0.00190
55484    -0.00211     0.00037     0.00141
55515    -0.00149     0.00037     0.00058
55545    -0.00087     0.00048    -0.00037
55576    -0.00016     0.00052    -0.00110
55607     0.00035     0.00056    -0.00157
55635     0.00076     0.00046    -0.00186
55666     0.00109     0.00014    -0.00169
55696     0.00092    -0.00023    -0.00097
55727     0.00019    -0.00054     0.00039
55757    -0.00068    -0.00065     0.00158
55788    -0.00127    -0.00031     0.00225
55819    -0.00165     0.00000     0.00219
55849    -0.00135     0.00022     0.00165
55880    -0.00086     0.00031     0.00102
55910    -0.00035     0.00025     0.00035
55941     0.00017     0.00037    -0.00028
55972     0.00047     0.00030    -0.00063
56001     0.00051     0.00009    -0.00060
56032     0.00068    -0.00011    -0.00054
56062     0.00053    -0.00035    -0.00012
56093     0.00018    -0.00065     0.00101
56123    -0.00068    -0.00045     0.00212
56154    -0.00151     0.00002     0.00260
56185    -0.00215     0.00045     0.00245
56215    -0.00173     0.00043     0.00179
56246    -0.00153     0.00064     0.00094
56276    -0.00108     0.00071     0.00018
56307    -0.00044     0.00073    -0.00047
56338    -0.00002     0.00074    -0.00099
56366     0.00031     0.00059    -0.00119
56397     0.00061     0.00057    -0.00108
56427     0.00054     0.00016    -0.00031
56458     0.00017    -0.00047     0.00062
56488    -0.00084    -0.00057     0.00182
56519    -0.00142    -0.00033     0.00243
56550    -0.00163    -0.00033     0.00245
56580    -0.00139    -0.00037     0.00196
56611    -0.00083    -0.00050     0.00129
56641    -0.00030    -0.00046     0.00070
56672     0.00040    -0.00020     0.00023
56703     0.00093    -0.00009    -0.00006
56731     0.00135    -0.00019    -0.00022
56762     0.00144    -0.00039     0.00002
56792     0.00133    -0.00055     0.00040
56823     0.00094    -0.00092     0.00114
56853     0.00010    -0.00095     0.00201
56884    -0.00059    -0.00039     0.00248
56915    -0.00101    -0.00016     0.00220
56945    -0.00074    -0.00003     0.00155
56976    -0.00041    -0.00010     0.00073
57006     0.00009    -0.00025     0.00003
57037     0.00036    -0.00013    -0.00052
57068     0.00070    -0.00019    -0.00114
57096     0.00086    -0.00028    -0.00141
57127     0.00092    -0.00030    -0.00123
57157     0.00090    -0.00072    -0.00060
57188     0.00056    -0.00109     0.00040
57218     0.00016    -0.00110     0.00137
57249    -0.00056    -0.00068     0.00185
57280    -0.00107    -0.00047     0.00178
57310    -0.00121    -0.00043     0.00129
57341    -0.00117    -0.00031     0.00045
57371    -0.00112    -0.00014    -0.00034
57402    -0.00045     0.00009    -0.00102
57433     0.00007     0.00007    -0.00154
57462     0.00067     0.00008    -0.00195
57493     0.00085     0.00012    -0.00184
57523     0.00061    -0.00002    -0.00121
57554     0.00007    -0.00032    -0.00011
