# Hydrology loading displacements computed from the monthly GLDAS NOAH model
# This is a product of the Hydrology loading service: http://lacerta.gsfc.nasa.gov/hydlo/
# Displacements are with respect to the center of mass of the total earth
#
# Created for VieVS on 17.03.2017 at 11:46:08 local time
# OFFSET + TREND REMOVED!!! - Hana 
# mjd up (meters) eastwest (meters) northsouth (meters)
43888     0.00254     0.00028    -0.00024
43919     0.00430     0.00061    -0.00057
43947     0.00402     0.00051    -0.00057
43978     0.00340     0.00010    -0.00051
44008     0.00158    -0.00046     0.00041
44039     0.00000    -0.00073     0.00131
44069    -0.00141    -0.00018     0.00156
44100    -0.00203     0.00021     0.00136
44131    -0.00256    -0.00002     0.00106
44161    -0.00207    -0.00031     0.00058
44192     0.00011    -0.00018     0.00019
44222     0.00282     0.00012     0.00002
44253     0.00389     0.00012    -0.00000
44284     0.00462     0.00021    -0.00020
44313     0.00511     0.00044    -0.00047
44344     0.00516     0.00011    -0.00022
44374     0.00294    -0.00031     0.00050
44405     0.00040    -0.00041     0.00124
44435    -0.00191    -0.00010     0.00141
44466    -0.00248     0.00031     0.00129
44497    -0.00195     0.00027     0.00079
44527    -0.00057    -0.00002     0.00037
44558     0.00091    -0.00004    -0.00008
44588     0.00231     0.00005    -0.00028
44619     0.00330     0.00035    -0.00014
44650     0.00311     0.00042     0.00005
44678     0.00410     0.00062    -0.00018
44709     0.00390     0.00058     0.00003
44739     0.00315     0.00018     0.00053
44770    -0.00111    -0.00067     0.00133
44800    -0.00393    -0.00053     0.00141
44831    -0.00563    -0.00010     0.00139
44862    -0.00434     0.00016     0.00109
44892    -0.00279     0.00009     0.00033
44923    -0.00128     0.00017    -0.00009
44953     0.00097     0.00012    -0.00049
44984     0.00303     0.00022    -0.00084
45015     0.00431     0.00040    -0.00118
45043     0.00387     0.00039    -0.00100
45074     0.00304    -0.00011    -0.00053
45104     0.00261    -0.00029     0.00021
45135     0.00107    -0.00089     0.00133
45165    -0.00008    -0.00092     0.00213
45196     0.00001    -0.00004     0.00170
45227     0.00043     0.00026     0.00116
45257     0.00125     0.00037     0.00077
45288     0.00319     0.00065    -0.00006
45318     0.00496     0.00060    -0.00080
45349     0.00583     0.00051    -0.00121
45380     0.00684     0.00046    -0.00156
45408     0.00593     0.00006    -0.00166
45439     0.00370    -0.00068    -0.00115
45469    -0.00003    -0.00102    -0.00032
45500    -0.00298    -0.00119     0.00096
45530    -0.00521    -0.00092     0.00131
45561    -0.00624    -0.00026     0.00124
45592    -0.00689    -0.00003     0.00076
45622    -0.00558    -0.00001    -0.00000
45653    -0.00389    -0.00029    -0.00045
45683    -0.00254    -0.00039    -0.00082
45714    -0.00257    -0.00029    -0.00089
45745    -0.00261    -0.00042    -0.00073
45774    -0.00150    -0.00050    -0.00078
45805    -0.00139    -0.00073    -0.00014
45835    -0.00273    -0.00102     0.00060
45866    -0.00341    -0.00107     0.00113
45896    -0.00544    -0.00088     0.00147
45927    -0.00822    -0.00070     0.00153
45958    -0.00767    -0.00057     0.00117
45988    -0.00552    -0.00059     0.00060
46019    -0.00334    -0.00066     0.00024
46049    -0.00004    -0.00055    -0.00025
46080     0.00277    -0.00052    -0.00043
46111     0.00470    -0.00007    -0.00063
46139     0.00481    -0.00006    -0.00092
46170     0.00356    -0.00020    -0.00036
46200     0.00252    -0.00036     0.00014
46231    -0.00071    -0.00076     0.00096
46261    -0.00181    -0.00033     0.00141
46292    -0.00323    -0.00013     0.00123
46323    -0.00392    -0.00001     0.00084
46353    -0.00334    -0.00006     0.00026
46384    -0.00219    -0.00022    -0.00022
46414    -0.00142    -0.00025    -0.00061
46445     0.00076     0.00013    -0.00090
46476     0.00261     0.00021    -0.00117
46504     0.00438     0.00028    -0.00122
46535     0.00450     0.00012    -0.00080
46565     0.00223    -0.00044    -0.00004
46596     0.00037    -0.00097     0.00109
46626    -0.00258    -0.00081     0.00136
46657    -0.00394    -0.00019     0.00133
46688    -0.00354    -0.00023     0.00114
46718    -0.00298    -0.00042     0.00089
46749    -0.00176    -0.00022     0.00041
46779    -0.00019    -0.00019    -0.00012
46810     0.00156    -0.00012    -0.00043
46841     0.00319    -0.00012    -0.00068
46869     0.00319    -0.00010    -0.00087
46900     0.00342    -0.00032    -0.00054
46930     0.00150    -0.00077     0.00020
46961    -0.00036    -0.00085     0.00092
46991    -0.00257    -0.00099     0.00142
47022    -0.00389    -0.00055     0.00138
47053    -0.00332     0.00000     0.00103
47083    -0.00158     0.00030     0.00052
47114     0.00003     0.00036     0.00006
47144     0.00178     0.00014    -0.00022
47175     0.00307     0.00016    -0.00049
47206     0.00445     0.00042    -0.00065
47235     0.00539     0.00076    -0.00066
47266     0.00276     0.00052     0.00029
47296    -0.00042     0.00046     0.00075
47327    -0.00341     0.00000     0.00150
47357    -0.00542     0.00026     0.00186
47388    -0.00534     0.00091     0.00143
47419    -0.00484     0.00119     0.00088
47449    -0.00284     0.00105     0.00035
47480    -0.00035     0.00075    -0.00019
47510    -0.00026     0.00040    -0.00054
47541     0.00079     0.00053    -0.00079
47572     0.00288     0.00075    -0.00101
47600     0.00218     0.00047    -0.00117
47631    -0.00280     0.00024    -0.00056
47661    -0.00410    -0.00009     0.00035
47692    -0.00646    -0.00064     0.00133
47722    -0.00723    -0.00030     0.00182
47753    -0.00714     0.00013     0.00188
47784    -0.00566     0.00026     0.00134
47814    -0.00317     0.00041     0.00056
47845    -0.00178     0.00020     0.00000
47875     0.00083     0.00046    -0.00019
47906     0.00313     0.00065    -0.00045
47937     0.00231     0.00095    -0.00074
47965     0.00233     0.00076    -0.00104
47996    -0.00064     0.00049    -0.00007
48026    -0.00355    -0.00006     0.00076
48057    -0.00563    -0.00040     0.00133
48087    -0.00666    -0.00028     0.00162
48118    -0.00739     0.00003     0.00171
48149    -0.00646     0.00014     0.00134
48179    -0.00483     0.00014     0.00046
48210    -0.00170     0.00013    -0.00042
48240     0.00127     0.00019    -0.00099
48271     0.00246     0.00031    -0.00118
48302     0.00261     0.00052    -0.00106
48330     0.00415     0.00069    -0.00138
48361     0.00440     0.00041    -0.00101
48391     0.00363     0.00001    -0.00023
48422    -0.00005    -0.00001     0.00090
48452    -0.00303    -0.00003     0.00135
48483    -0.00416     0.00041     0.00116
48514    -0.00403     0.00020     0.00071
48544    -0.00198     0.00017     0.00013
48575    -0.00007     0.00004    -0.00045
48605     0.00122     0.00008    -0.00093
48636     0.00225     0.00011    -0.00132
48667     0.00204    -0.00003    -0.00123
48696     0.00213    -0.00040    -0.00133
48727     0.00249    -0.00060    -0.00097
48757     0.00061    -0.00094    -0.00019
48788    -0.00114    -0.00123     0.00075
48818    -0.00255    -0.00097     0.00104
48849    -0.00352    -0.00046     0.00094
48880    -0.00340    -0.00044     0.00061
48910    -0.00308    -0.00049    -0.00003
48941    -0.00151    -0.00054    -0.00058
48971    -0.00113    -0.00077    -0.00064
49002     0.00032    -0.00062    -0.00083
49033     0.00166    -0.00025    -0.00111
49061     0.00205    -0.00012    -0.00135
49092     0.00181    -0.00036    -0.00115
49122     0.00111    -0.00047    -0.00067
49153    -0.00069    -0.00064     0.00022
49183    -0.00249    -0.00061     0.00047
49214    -0.00359    -0.00014     0.00032
49245    -0.00401    -0.00002    -0.00006
49275    -0.00341    -0.00014    -0.00046
49306    -0.00149    -0.00027    -0.00094
49336     0.00041    -0.00029    -0.00123
49367     0.00277    -0.00017    -0.00146
49398     0.00377    -0.00002    -0.00144
49426     0.00252    -0.00015    -0.00147
49457     0.00211    -0.00032    -0.00128
49487     0.00133    -0.00053    -0.00069
49518    -0.00021    -0.00071    -0.00007
49548    -0.00098    -0.00021    -0.00014
49579    -0.00119     0.00043    -0.00020
49610    -0.00029     0.00076    -0.00055
49640     0.00125     0.00056    -0.00086
49671     0.00288     0.00049    -0.00131
49701     0.00463     0.00059    -0.00191
49732     0.00443     0.00054    -0.00225
49763     0.00436     0.00070    -0.00244
49791     0.00486     0.00081    -0.00251
49822     0.00505     0.00044    -0.00200
49852     0.00134    -0.00022    -0.00116
49883    -0.00135    -0.00053    -0.00042
49913    -0.00306    -0.00023    -0.00029
49944    -0.00311     0.00054    -0.00063
49975    -0.00211     0.00094    -0.00094
50005    -0.00162     0.00081    -0.00134
50036    -0.00087     0.00046    -0.00195
50066     0.00082     0.00041    -0.00180
50097     0.00240     0.00058    -0.00210
50128     0.00405     0.00086    -0.00252
50157     0.00339     0.00095    -0.00268
50188     0.00304     0.00074    -0.00232
50218    -0.00031    -0.00010    -0.00089
50249    -0.00213    -0.00056     0.00064
50279    -0.00436    -0.00118     0.00196
50310    -0.00562    -0.00147     0.00284
50341    -0.00541    -0.00141     0.00312
50371    -0.00512    -0.00122     0.00282
50402    -0.00324    -0.00097     0.00221
50432    -0.00118    -0.00063     0.00139
50463    -0.00024    -0.00032     0.00081
50494     0.00030     0.00001     0.00019
50522     0.00099     0.00035    -0.00036
50553     0.00115     0.00069    -0.00016
50583    -0.00016     0.00052     0.00016
50614    -0.00230     0.00006     0.00064
50644    -0.00363     0.00016     0.00062
50675    -0.00427     0.00031     0.00033
50706    -0.00476     0.00032    -0.00022
50736    -0.00395     0.00050    -0.00088
50767    -0.00188     0.00084    -0.00158
50797    -0.00006     0.00115    -0.00197
50828     0.00199     0.00128    -0.00234
50859     0.00342     0.00111    -0.00270
50887     0.00485     0.00097    -0.00309
50918     0.00460     0.00056    -0.00284
50948     0.00212     0.00002    -0.00193
50979    -0.00010    -0.00033    -0.00115
51009    -0.00297     0.00012    -0.00100
51040    -0.00556     0.00080    -0.00071
51071    -0.00544     0.00116    -0.00085
51101    -0.00358     0.00101    -0.00159
51132    -0.00165     0.00062    -0.00207
51162     0.00074     0.00046    -0.00237
51193     0.00275     0.00042    -0.00249
51224     0.00353     0.00045    -0.00239
51252     0.00363     0.00052    -0.00208
51283     0.00231     0.00021    -0.00146
51313     0.00180    -0.00014    -0.00094
51344    -0.00002    -0.00049    -0.00034
51374    -0.00191    -0.00037     0.00029
51405    -0.00260     0.00033     0.00023
51436    -0.00223     0.00049    -0.00001
51466    -0.00191     0.00056    -0.00039
51497    -0.00057     0.00058    -0.00066
51527     0.00146     0.00046    -0.00067
51558     0.00291     0.00056    -0.00011
51589     0.00415     0.00067     0.00009
51618     0.00359     0.00077     0.00026
51649     0.00332     0.00087     0.00045
51679     0.00198     0.00079     0.00050
51710     0.00045     0.00035     0.00052
51740    -0.00068     0.00017     0.00078
51771    -0.00152     0.00030     0.00065
51802    -0.00160     0.00018     0.00036
51832    -0.00039     0.00038    -0.00022
51863    -0.00063     0.00021    -0.00017
51893     0.00100     0.00054     0.00002
51924     0.00318     0.00039    -0.00022
51955     0.00276     0.00034    -0.00057
51983     0.00309     0.00022    -0.00069
52014     0.00341     0.00022    -0.00048
52044     0.00244    -0.00006    -0.00005
52075     0.00125    -0.00027     0.00033
52105    -0.00028    -0.00019     0.00061
52136    -0.00104     0.00028     0.00054
52167    -0.00098     0.00028     0.00031
52197     0.00000     0.00037    -0.00012
52228     0.00096     0.00051    -0.00041
52258     0.00243     0.00031    -0.00042
52289     0.00374     0.00035    -0.00039
52320     0.00251     0.00023    -0.00045
52348     0.00282     0.00013    -0.00054
52379     0.00303    -0.00017    -0.00032
52409     0.00255    -0.00054    -0.00003
52440     0.00115    -0.00093     0.00064
52470    -0.00001    -0.00073     0.00087
52501    -0.00024    -0.00020     0.00086
52532     0.00028     0.00013     0.00063
52562     0.00161     0.00026     0.00009
52593     0.00318     0.00030    -0.00018
52623     0.00372     0.00022    -0.00023
52654     0.00457     0.00025    -0.00009
52685     0.00467     0.00013     0.00002
52713     0.00360    -0.00005     0.00027
52744     0.00368    -0.00015     0.00050
52774     0.00286    -0.00056     0.00076
52805     0.00175    -0.00088     0.00124
52835     0.00047    -0.00045     0.00136
52866    -0.00046     0.00004     0.00122
52897    -0.00051     0.00035     0.00067
52927     0.00017     0.00028     0.00013
52958     0.00141     0.00015    -0.00031
52988     0.00163     0.00007    -0.00038
53019     0.00266    -0.00004    -0.00015
53050     0.00315     0.00005     0.00011
53079     0.00353     0.00008     0.00027
53110     0.00403     0.00021     0.00042
53140     0.00340    -0.00021     0.00055
53171     0.00178    -0.00056     0.00081
53201     0.00057    -0.00046     0.00103
53232    -0.00026     0.00004     0.00086
53263    -0.00070     0.00014     0.00027
53293    -0.00016     0.00023    -0.00017
53324     0.00015    -0.00001    -0.00037
53354     0.00073     0.00021    -0.00032
53385     0.00204     0.00024    -0.00032
53416     0.00204    -0.00007    -0.00044
53444     0.00305    -0.00014    -0.00045
53475     0.00339    -0.00025    -0.00029
53505     0.00327    -0.00027     0.00002
53536     0.00166    -0.00060     0.00062
53566    -0.00141    -0.00038     0.00090
53597    -0.00224     0.00003     0.00059
53628    -0.00238     0.00020     0.00019
53658    -0.00180    -0.00003    -0.00019
53689    -0.00188    -0.00022    -0.00041
53719    -0.00036    -0.00057    -0.00022
53750     0.00141    -0.00068     0.00008
53781     0.00238    -0.00056     0.00014
53809     0.00348    -0.00035     0.00029
53840     0.00357    -0.00034     0.00059
53870     0.00272    -0.00052     0.00067
53901     0.00099    -0.00055     0.00088
53931    -0.00083    -0.00034     0.00113
53962    -0.00120     0.00025     0.00110
53993    -0.00087     0.00049     0.00065
54023     0.00068     0.00023     0.00048
54054     0.00219     0.00012     0.00039
54084     0.00357     0.00007     0.00033
54115     0.00396    -0.00013     0.00039
54146     0.00396     0.00008     0.00031
54174     0.00335    -0.00015     0.00027
54205     0.00344    -0.00049     0.00053
54235     0.00254    -0.00061     0.00078
54266     0.00067    -0.00058     0.00107
54296    -0.00141    -0.00007     0.00094
54327    -0.00161     0.00060     0.00081
54358    -0.00077     0.00101     0.00029
54388     0.00046     0.00086    -0.00001
54419     0.00101     0.00090     0.00014
54449     0.00128     0.00074     0.00024
54480     0.00215     0.00062     0.00052
54511     0.00211     0.00044     0.00054
54540     0.00331     0.00017     0.00039
54571     0.00346     0.00005     0.00028
54601     0.00281    -0.00030     0.00057
54632     0.00148    -0.00038     0.00088
54662    -0.00014    -0.00010     0.00097
54693    -0.00105     0.00046     0.00071
54724    -0.00085     0.00066     0.00019
54754     0.00023     0.00071    -0.00024
54785     0.00109     0.00071    -0.00065
54815     0.00129     0.00034    -0.00056
54846     0.00256     0.00024    -0.00045
54877     0.00358     0.00047    -0.00022
54905     0.00428     0.00041    -0.00033
54936     0.00409     0.00019    -0.00028
54966     0.00286    -0.00019    -0.00002
54997     0.00095    -0.00052     0.00059
55027    -0.00069    -0.00034     0.00073
55058    -0.00134     0.00014     0.00058
55089    -0.00149     0.00039     0.00022
55119    -0.00102     0.00029    -0.00030
55150     0.00116     0.00044    -0.00035
55180     0.00250     0.00042    -0.00029
55211     0.00290     0.00066    -0.00009
55242     0.00237     0.00045    -0.00020
55270     0.00148     0.00042    -0.00007
55301     0.00146     0.00020     0.00009
55331     0.00103    -0.00008     0.00022
55362    -0.00075    -0.00029     0.00050
55392    -0.00293    -0.00024     0.00079
55423    -0.00454     0.00034     0.00065
55454    -0.00497     0.00071    -0.00001
55484    -0.00420     0.00073    -0.00056
55515    -0.00384     0.00046    -0.00079
55545    -0.00425     0.00029    -0.00072
55576    -0.00239     0.00007    -0.00062
55607    -0.00246    -0.00039    -0.00075
55635    -0.00221    -0.00066    -0.00066
55666    -0.00178    -0.00095    -0.00043
55696    -0.00199    -0.00116    -0.00008
55727    -0.00365    -0.00118     0.00036
55757    -0.00517    -0.00098     0.00047
55788    -0.00579    -0.00040     0.00037
55819    -0.00492     0.00014    -0.00000
55849    -0.00361     0.00031    -0.00015
55880    -0.00240     0.00029    -0.00021
55910    -0.00224     0.00011    -0.00013
55941    -0.00056     0.00011    -0.00012
55972    -0.00084    -0.00004     0.00010
56001    -0.00492    -0.00063     0.00024
56032    -0.00354    -0.00074     0.00032
56062    -0.00366    -0.00087     0.00045
56093    -0.00537    -0.00097     0.00100
56123    -0.00675    -0.00054     0.00124
56154    -0.00687     0.00019     0.00093
56185    -0.00602     0.00087     0.00020
56215    -0.00452     0.00082    -0.00018
56246    -0.00234     0.00096    -0.00059
56276    -0.00031     0.00091    -0.00066
56307     0.00128     0.00077    -0.00051
56338     0.00130     0.00076    -0.00032
56366     0.00041     0.00042    -0.00014
56397     0.00088     0.00029     0.00009
56427     0.00064    -0.00002     0.00050
56458    -0.00217    -0.00069     0.00080
56488    -0.00427    -0.00040     0.00089
56519    -0.00510    -0.00011     0.00069
56550    -0.00464     0.00001     0.00042
56580    -0.00320    -0.00002    -0.00000
56611    -0.00162    -0.00025    -0.00003
56641    -0.00020    -0.00034     0.00007
56672     0.00153    -0.00029     0.00035
56703     0.00227    -0.00042     0.00063
56731     0.00222    -0.00059     0.00105
56762     0.00071    -0.00081     0.00125
56792     0.00061    -0.00094     0.00141
56823    -0.00111    -0.00131     0.00155
56853    -0.00255    -0.00115     0.00149
56884    -0.00294    -0.00031     0.00128
56915    -0.00247     0.00019     0.00070
56945    -0.00108     0.00025     0.00021
56976     0.00069     0.00009    -0.00009
57006     0.00092    -0.00026    -0.00010
57037     0.00101    -0.00036    -0.00023
57068     0.00184    -0.00052    -0.00044
57096     0.00276    -0.00064    -0.00047
57127     0.00259    -0.00063    -0.00027
57157     0.00163    -0.00098     0.00015
57188     0.00023    -0.00122     0.00065
57218    -0.00126    -0.00107     0.00103
57249    -0.00211    -0.00045     0.00076
57280    -0.00214    -0.00006     0.00024
57310    -0.00034     0.00013    -0.00031
57341     0.00025     0.00014    -0.00080
57371     0.00188     0.00032    -0.00121
57402     0.00216     0.00036    -0.00108
57433     0.00232     0.00011    -0.00095
57462     0.00356    -0.00011    -0.00082
57493     0.00398    -0.00011    -0.00060
57523     0.00274    -0.00033    -0.00033
57554    -0.00064    -0.00048     0.00020
