# Hydrology loading displacements computed from the monthly GLDAS NOAH model
# This is a product of the Hydrology loading service: http://lacerta.gsfc.nasa.gov/hydlo/
# Displacements are with respect to the center of mass of the total earth
#
# Created for VieVS on 17.03.2017 at 11:46:08 local time
# OFFSET + TREND REMOVED!!! - Hana 
# mjd up (meters) eastwest (meters) northsouth (meters)
43888    -0.00364     0.00023    -0.00000
43919    -0.00671     0.00011    -0.00025
43947    -0.00550     0.00036    -0.00040
43978    -0.00457     0.00058    -0.00034
44008    -0.00170     0.00082     0.00025
44039     0.00107     0.00073     0.00095
44069     0.00336    -0.00027     0.00112
44100     0.00474    -0.00095     0.00102
44131     0.00475    -0.00085     0.00075
44161     0.00247    -0.00079     0.00040
44192     0.00007    -0.00036     0.00024
44222    -0.00112    -0.00004     0.00037
44253    -0.00254     0.00039     0.00037
44284    -0.00322     0.00038     0.00015
44313    -0.00373     0.00027    -0.00015
44344    -0.00247     0.00049     0.00011
44374    -0.00130     0.00049     0.00056
44405     0.00116     0.00023     0.00103
44435     0.00336    -0.00068     0.00132
44466     0.00442    -0.00137     0.00121
44497     0.00452    -0.00134     0.00088
44527     0.00370    -0.00084     0.00060
44558     0.00135    -0.00043     0.00025
44588     0.00025    -0.00009     0.00018
44619    -0.00045     0.00008     0.00034
44650    -0.00054     0.00026     0.00041
44678    -0.00088     0.00028     0.00042
44709    -0.00077     0.00025     0.00045
44739     0.00004     0.00059     0.00078
44770     0.00287     0.00069     0.00119
44800     0.00442    -0.00012     0.00127
44831     0.00525    -0.00103     0.00114
44862     0.00541    -0.00118     0.00094
44892     0.00420    -0.00105     0.00051
44923     0.00387    -0.00069     0.00014
44953     0.00188    -0.00014    -0.00001
44984    -0.00294     0.00002    -0.00035
45015    -0.00389     0.00006    -0.00071
45043    -0.00339     0.00018    -0.00072
45074    -0.00245     0.00064    -0.00048
45104    -0.00033     0.00072     0.00015
45135     0.00100     0.00105     0.00102
45165     0.00346     0.00080     0.00166
45196     0.00446    -0.00027     0.00145
45227     0.00462    -0.00065     0.00102
45257     0.00296    -0.00048     0.00092
45288     0.00024    -0.00047     0.00029
45318    -0.00182    -0.00009    -0.00022
45349    -0.00258     0.00024    -0.00060
45380    -0.00302     0.00054    -0.00083
45408    -0.00244     0.00068    -0.00109
45439    -0.00100     0.00107    -0.00075
45469     0.00009     0.00075    -0.00030
45500     0.00270     0.00053     0.00052
45530     0.00496    -0.00029     0.00084
45561     0.00570    -0.00142     0.00086
45592     0.00565    -0.00181     0.00056
45622     0.00570    -0.00160    -0.00003
45653     0.00339    -0.00117    -0.00058
45683     0.00045    -0.00062    -0.00094
45714    -0.00159    -0.00059    -0.00093
45745    -0.00217    -0.00018    -0.00088
45774    -0.00226     0.00017    -0.00092
45805    -0.00190     0.00066    -0.00033
45835    -0.00123     0.00076     0.00017
45866    -0.00009     0.00057     0.00065
45896     0.00321    -0.00017     0.00077
45927     0.00501    -0.00080     0.00071
45958     0.00538    -0.00091     0.00057
45988     0.00401    -0.00060     0.00033
46019     0.00080    -0.00002     0.00000
46049    -0.00167     0.00030    -0.00022
46080    -0.00315     0.00098    -0.00028
46111    -0.00491     0.00087    -0.00028
46139    -0.00440     0.00089    -0.00057
46170    -0.00287     0.00091     0.00001
46200    -0.00153     0.00096     0.00037
46231     0.00057     0.00070     0.00098
46261     0.00285     0.00006     0.00140
46292     0.00425    -0.00055     0.00118
46323     0.00496    -0.00086     0.00069
46353     0.00529    -0.00066     0.00012
46384     0.00378    -0.00022    -0.00025
46414     0.00151     0.00015    -0.00041
46445    -0.00159     0.00008    -0.00044
46476    -0.00347     0.00037    -0.00066
46504    -0.00431     0.00061    -0.00072
46535    -0.00322     0.00075    -0.00026
46565    -0.00084     0.00093     0.00024
46596     0.00229     0.00121     0.00102
46626     0.00484     0.00020     0.00110
46657     0.00572    -0.00076     0.00102
46688     0.00490    -0.00074     0.00090
46718     0.00322    -0.00026     0.00068
46749     0.00169    -0.00006     0.00041
46779     0.00024     0.00030     0.00009
46810    -0.00167     0.00058    -0.00007
46841    -0.00409     0.00062    -0.00046
46869    -0.00402     0.00077    -0.00069
46900    -0.00311     0.00099    -0.00031
46930    -0.00039     0.00108     0.00014
46961     0.00182     0.00087     0.00076
46991     0.00348     0.00045     0.00107
47022     0.00438    -0.00022     0.00100
47053     0.00436    -0.00075     0.00069
47083     0.00255    -0.00086     0.00049
47114     0.00034    -0.00066     0.00006
47144    -0.00230    -0.00008    -0.00020
47175    -0.00427     0.00029    -0.00045
47206    -0.00513     0.00042    -0.00048
47235    -0.00427     0.00038    -0.00032
47266    -0.00328     0.00056     0.00017
47296    -0.00278     0.00025     0.00045
47327    -0.00133     0.00014     0.00117
47357    -0.00035    -0.00066     0.00136
47388     0.00167    -0.00156     0.00104
47419     0.00252    -0.00182     0.00056
47449     0.00197    -0.00146     0.00026
47480     0.00026    -0.00086    -0.00011
47510    -0.00120    -0.00021    -0.00034
47541    -0.00182     0.00003    -0.00054
47572    -0.00225     0.00009    -0.00073
47600    -0.00237     0.00012    -0.00089
47631    -0.00228     0.00005    -0.00059
47661    -0.00056     0.00014     0.00001
47692     0.00128     0.00020     0.00056
47722     0.00379    -0.00039     0.00096
47753     0.00486    -0.00098     0.00107
47784     0.00455    -0.00104     0.00067
47814     0.00419    -0.00101     0.00022
47845     0.00217    -0.00071    -0.00018
47875    -0.00292    -0.00057    -0.00027
47906    -0.00488    -0.00019    -0.00034
47937    -0.00534    -0.00004    -0.00055
47965    -0.00387     0.00008    -0.00085
47996    -0.00282     0.00013    -0.00053
48026    -0.00097     0.00035    -0.00007
48057     0.00188     0.00024     0.00041
48087     0.00408    -0.00039     0.00067
48118     0.00528    -0.00092     0.00064
48149     0.00517    -0.00099     0.00048
48179     0.00404    -0.00089    -0.00006
48210     0.00132    -0.00061    -0.00054
48240    -0.00081    -0.00018    -0.00094
48271    -0.00226    -0.00011    -0.00115
48302    -0.00330    -0.00026    -0.00122
48330    -0.00504    -0.00013    -0.00136
48361    -0.00399     0.00040    -0.00086
48391    -0.00187     0.00095    -0.00022
48422     0.00080     0.00060     0.00045
48452     0.00331     0.00014     0.00078
48483     0.00442    -0.00074     0.00075
48514     0.00464    -0.00079     0.00039
48544     0.00305    -0.00056     0.00003
48575     0.00154    -0.00017    -0.00038
48605    -0.00006     0.00009    -0.00091
48636    -0.00103     0.00045    -0.00116
48667    -0.00143     0.00086    -0.00142
48696    -0.00118     0.00127    -0.00171
48727    -0.00124     0.00147    -0.00132
48757     0.00110     0.00147    -0.00064
48788     0.00193     0.00147     0.00006
48818     0.00347     0.00090     0.00031
48849     0.00467    -0.00005     0.00027
48880     0.00462    -0.00021     0.00016
48910     0.00300    -0.00020    -0.00014
48941     0.00072     0.00027    -0.00044
48971    -0.00059     0.00069    -0.00041
49002    -0.00109     0.00073    -0.00065
49033    -0.00151     0.00052    -0.00088
49061    -0.00162     0.00059    -0.00104
49092    -0.00074     0.00088    -0.00076
49122    -0.00051     0.00069    -0.00044
49153     0.00092     0.00048     0.00018
49183     0.00309     0.00004     0.00025
49214     0.00439    -0.00076     0.00009
49245     0.00404    -0.00099    -0.00018
49275     0.00165    -0.00088    -0.00024
49306    -0.00082    -0.00047    -0.00071
49336    -0.00201    -0.00002    -0.00089
49367    -0.00396     0.00043    -0.00082
49398    -0.00463     0.00059    -0.00084
49426    -0.00426     0.00054    -0.00107
49457    -0.00299     0.00083    -0.00077
49487    -0.00179     0.00092    -0.00030
49518    -0.00011     0.00075     0.00025
49548     0.00236    -0.00012     0.00011
49579     0.00331    -0.00092     0.00004
49610     0.00308    -0.00112    -0.00021
49640     0.00125    -0.00045    -0.00043
49671    -0.00115    -0.00002    -0.00074
49701    -0.00205     0.00016    -0.00120
49732    -0.00366     0.00023    -0.00150
49763    -0.00482    -0.00001    -0.00176
49791    -0.00488     0.00003    -0.00181
49822    -0.00303     0.00048    -0.00139
49852    -0.00142     0.00078    -0.00083
49883     0.00079     0.00075    -0.00036
49913     0.00236    -0.00009    -0.00018
49944     0.00340    -0.00110    -0.00052
49975     0.00302    -0.00139    -0.00077
50005     0.00253    -0.00105    -0.00097
50036     0.00086    -0.00062    -0.00135
50066    -0.00180    -0.00005    -0.00130
50097    -0.00672     0.00007    -0.00150
50128    -0.00872     0.00028    -0.00182
50157    -0.00843     0.00012    -0.00197
50188    -0.00819     0.00016    -0.00147
50218    -0.00721     0.00074    -0.00067
50249    -0.00436     0.00094     0.00068
50279    -0.00239     0.00125     0.00175
50310    -0.00199     0.00134     0.00230
50341    -0.00217     0.00149     0.00251
50371    -0.00389     0.00146     0.00249
50402    -0.00521     0.00149     0.00197
50432    -0.00683     0.00143     0.00147
50463    -0.00758     0.00135     0.00081
50494    -0.00742     0.00120     0.00012
50522    -0.00674     0.00102    -0.00033
50553    -0.00619     0.00083    -0.00005
50583    -0.00586     0.00073     0.00016
50614    -0.00416     0.00074     0.00047
50644    -0.00186     0.00020     0.00046
50675    -0.00020    -0.00045     0.00023
50706    -0.00008    -0.00069    -0.00036
50736    -0.00175    -0.00068    -0.00095
50767    -0.00563    -0.00077    -0.00142
50797    -0.00875    -0.00061    -0.00179
50828    -0.00839    -0.00043    -0.00219
50859    -0.00809    -0.00013    -0.00268
50887    -0.00667     0.00007    -0.00289
50918    -0.00613     0.00021    -0.00259
50948    -0.00463     0.00045    -0.00221
50979    -0.00298     0.00040    -0.00161
51009    -0.00033    -0.00055    -0.00151
51040     0.00118    -0.00142    -0.00139
51071     0.00115    -0.00178    -0.00151
51101    -0.00064    -0.00152    -0.00195
51132    -0.00160    -0.00081    -0.00229
51162    -0.00231    -0.00020    -0.00233
51193    -0.00394     0.00020    -0.00240
51224    -0.00430     0.00043    -0.00227
51252    -0.00393     0.00046    -0.00200
51283    -0.00222     0.00069    -0.00147
51313    -0.00083     0.00081    -0.00103
51344     0.00194     0.00061    -0.00074
51374     0.00386     0.00024    -0.00050
51405     0.00427    -0.00069    -0.00050
51436     0.00360    -0.00095    -0.00060
51466     0.00224    -0.00102    -0.00078
51497     0.00044    -0.00088    -0.00081
51527    -0.00065    -0.00035    -0.00061
51558    -0.00193     0.00018     0.00006
51589    -0.00193     0.00040     0.00039
51618    -0.00089     0.00043     0.00046
51649    -0.00163     0.00028     0.00064
51679    -0.00082    -0.00034     0.00053
51710     0.00219    -0.00042     0.00032
51740     0.00446    -0.00054     0.00046
51771     0.00530    -0.00098     0.00039
51802     0.00552    -0.00096     0.00026
51832     0.00446    -0.00093     0.00001
51863     0.00211    -0.00060     0.00007
51893    -0.00017    -0.00075     0.00029
51924    -0.00297    -0.00043    -0.00005
51955    -0.00376    -0.00026    -0.00047
51983    -0.00440    -0.00005    -0.00059
52014    -0.00259     0.00011    -0.00023
52044    -0.00043     0.00021     0.00006
52075     0.00252     0.00005     0.00017
52105     0.00453    -0.00048     0.00037
52136     0.00539    -0.00122     0.00031
52167     0.00522    -0.00117     0.00012
52197     0.00361    -0.00123    -0.00020
52228     0.00223    -0.00119    -0.00036
52258     0.00155    -0.00047    -0.00039
52289    -0.00007    -0.00012    -0.00029
52320    -0.00048     0.00004    -0.00024
52348    -0.00082     0.00012    -0.00039
52379    -0.00044     0.00059    -0.00035
52409     0.00140     0.00083    -0.00013
52440     0.00366     0.00083     0.00036
52470     0.00541     0.00019     0.00051
52501     0.00584    -0.00049     0.00057
52532     0.00509    -0.00083     0.00043
52562     0.00295    -0.00076     0.00009
52593     0.00078    -0.00045     0.00011
52623    -0.00191    -0.00016     0.00014
52654    -0.00395     0.00011     0.00035
52685    -0.00425     0.00050     0.00037
52713    -0.00409     0.00075     0.00035
52744    -0.00324     0.00089     0.00053
52774    -0.00113     0.00113     0.00064
52805     0.00208     0.00118     0.00083
52835     0.00436     0.00022     0.00087
52866     0.00525    -0.00065     0.00073
52897     0.00508    -0.00104     0.00034
52927     0.00332    -0.00096    -0.00005
52958     0.00008    -0.00058    -0.00037
52988    -0.00233    -0.00029    -0.00038
53019    -0.00301     0.00025    -0.00003
53050    -0.00346     0.00052     0.00025
53079    -0.00399     0.00074     0.00026
53110    -0.00398     0.00090     0.00049
53140    -0.00264     0.00116     0.00048
53171     0.00006     0.00088     0.00045
53201     0.00277     0.00034     0.00064
53232     0.00378    -0.00052     0.00056
53263     0.00391    -0.00085     0.00006
53293     0.00325    -0.00073    -0.00023
53324     0.00061    -0.00023    -0.00028
53354    -0.00082     0.00003    -0.00005
53385    -0.00114     0.00043     0.00008
53416    -0.00143     0.00100     0.00006
53444    -0.00170     0.00133     0.00003
53475    -0.00101     0.00136     0.00026
53505     0.00065     0.00127     0.00052
53536     0.00297     0.00114     0.00069
53566     0.00498     0.00030     0.00067
53597     0.00564    -0.00058     0.00045
53628     0.00549    -0.00096     0.00013
53658     0.00450    -0.00072    -0.00022
53689     0.00224    -0.00049    -0.00027
53719     0.00070     0.00050     0.00004
53750    -0.00037     0.00113     0.00032
53781    -0.00110     0.00131     0.00029
53809    -0.00201     0.00126     0.00059
53840    -0.00134     0.00119     0.00094
53870     0.00053     0.00110     0.00091
53901     0.00304     0.00075     0.00089
53931     0.00517    -0.00007     0.00094
53962     0.00565    -0.00079     0.00093
53993     0.00508    -0.00096     0.00056
54023     0.00346    -0.00057     0.00046
54054     0.00012    -0.00024     0.00032
54084    -0.00143     0.00003     0.00043
54115    -0.00129     0.00047     0.00048
54146    -0.00237     0.00049     0.00051
54174    -0.00213     0.00083     0.00050
54205    -0.00156     0.00134     0.00060
54235    -0.00063     0.00122     0.00076
54266     0.00104     0.00067     0.00099
54296     0.00301    -0.00036     0.00099
54327     0.00389    -0.00116     0.00092
54358     0.00379    -0.00150     0.00046
54388     0.00292    -0.00122     0.00021
54419     0.00215    -0.00086     0.00040
54449     0.00057    -0.00028     0.00050
54480    -0.00133     0.00015     0.00073
54511    -0.00186     0.00050     0.00069
54540    -0.00213     0.00098     0.00056
54571    -0.00270     0.00104     0.00060
54601    -0.00184     0.00112     0.00079
54632    -0.00020     0.00080     0.00098
54662     0.00241     0.00003     0.00094
54693     0.00359    -0.00088     0.00072
54724     0.00340    -0.00114     0.00025
54754     0.00254    -0.00096    -0.00018
54785     0.00109    -0.00073    -0.00045
54815    -0.00088    -0.00004    -0.00022
54846    -0.00277     0.00031    -0.00017
54877    -0.00514     0.00038     0.00002
54905    -0.00424     0.00069    -0.00006
54936    -0.00283     0.00097    -0.00003
54966    -0.00068     0.00092     0.00015
54997     0.00177     0.00070     0.00048
55027     0.00364    -0.00004     0.00061
55058     0.00429    -0.00084     0.00051
55089     0.00433    -0.00120     0.00022
55119     0.00316    -0.00099    -0.00009
55150     0.00095    -0.00058     0.00016
55180    -0.00213    -0.00028     0.00037
55211    -0.00675     0.00002     0.00013
55242    -0.00711     0.00036    -0.00021
55270    -0.00788     0.00035    -0.00013
55301    -0.00613     0.00048     0.00009
55331    -0.00406     0.00054     0.00020
55362    -0.00143     0.00041     0.00045
55392     0.00149    -0.00024     0.00059
55423     0.00294    -0.00125     0.00044
55454     0.00294    -0.00183    -0.00014
55484     0.00160    -0.00186    -0.00057
55515    -0.00090    -0.00140    -0.00063
55545    -0.00469    -0.00089    -0.00082
55576    -0.00677    -0.00026    -0.00072
55607    -0.00648     0.00012    -0.00073
55635    -0.00625     0.00052    -0.00071
55666    -0.00461     0.00088    -0.00055
55696    -0.00313     0.00090    -0.00046
55727    -0.00038     0.00040    -0.00011
55757     0.00248    -0.00027     0.00007
55788     0.00360    -0.00109     0.00012
55819     0.00363    -0.00164    -0.00017
55849     0.00331    -0.00146    -0.00017
55880     0.00004    -0.00123    -0.00016
55910    -0.00148    -0.00075    -0.00009
55941    -0.00204    -0.00027     0.00008
55972    -0.00191     0.00017     0.00006
56001    -0.00087     0.00040     0.00004
56032    -0.00054     0.00067     0.00015
56062    -0.00039     0.00060     0.00042
56093     0.00208     0.00040     0.00081
56123     0.00391    -0.00045     0.00095
56154     0.00457    -0.00146     0.00068
56185     0.00443    -0.00218     0.00018
56215     0.00269    -0.00172    -0.00005
56246    -0.00068    -0.00153    -0.00041
56276    -0.00214    -0.00112    -0.00035
56307    -0.00326    -0.00067    -0.00019
56338    -0.00424    -0.00025    -0.00012
56366    -0.00541     0.00005    -0.00030
56397    -0.00542     0.00026     0.00002
56427    -0.00289     0.00050     0.00041
56458    -0.00021     0.00061     0.00057
56488     0.00276    -0.00013     0.00056
56519     0.00422    -0.00093     0.00037
56550     0.00448    -0.00111     0.00011
56580     0.00377    -0.00096    -0.00012
56611     0.00288    -0.00030    -0.00001
56641     0.00226     0.00023     0.00010
56672     0.00041     0.00039     0.00043
56703    -0.00106     0.00062     0.00061
56731    -0.00091     0.00108     0.00090
56762     0.00001     0.00121     0.00106
56792     0.00158     0.00131     0.00124
56823     0.00344     0.00121     0.00123
56853     0.00469     0.00056     0.00121
56884     0.00511    -0.00043     0.00114
56915     0.00469    -0.00091     0.00063
56945     0.00293    -0.00084     0.00023
56976     0.00110    -0.00042    -0.00002
57006    -0.00085     0.00028    -0.00012
57037    -0.00127     0.00047    -0.00022
57068    -0.00226     0.00094    -0.00030
57096    -0.00194     0.00134    -0.00033
57127    -0.00098     0.00141    -0.00017
57157     0.00099     0.00154     0.00016
57188     0.00312     0.00139     0.00040
57218     0.00480     0.00083     0.00058
57249     0.00513    -0.00015     0.00038
57280     0.00464    -0.00065    -0.00001
57310     0.00358    -0.00076    -0.00047
57341     0.00202    -0.00070    -0.00094
57371     0.00163    -0.00060    -0.00117
57402    -0.00036    -0.00044    -0.00085
57433    -0.00158     0.00004    -0.00063
57462    -0.00220     0.00064    -0.00043
57493    -0.00240     0.00072    -0.00019
57523    -0.00174     0.00056    -0.00006
57554     0.00057     0.00035     0.00024
