# Hydrology loading displacements computed from the monthly GLDAS NOAH model
# This is a product of the Hydrology loading service: http://lacerta.gsfc.nasa.gov/hydlo/
# Displacements are with respect to the center of mass of the total earth
#
# Created for VieVS on 17.03.2017 at 11:46:08 local time
# OFFSET + TREND REMOVED!!! - Hana 
# mjd up (meters) eastwest (meters) northsouth (meters)
43888    -0.00262    -0.00056    -0.00057
43919    -0.00338    -0.00085    -0.00128
43947    -0.00347    -0.00080    -0.00106
43978    -0.00309    -0.00065    -0.00056
44008    -0.00172    -0.00042     0.00062
44039     0.00040    -0.00014     0.00157
44069     0.00289     0.00036     0.00162
44100     0.00388     0.00074     0.00120
44131     0.00432     0.00078     0.00106
44161     0.00416     0.00077     0.00098
44192     0.00287     0.00033     0.00064
44222     0.00230    -0.00034     0.00022
44253     0.00012    -0.00097    -0.00007
44284    -0.00207    -0.00101    -0.00062
44313    -0.00286    -0.00089    -0.00096
44344    -0.00178    -0.00074    -0.00033
44374    -0.00076    -0.00035     0.00066
44405     0.00065     0.00004     0.00160
44435     0.00314     0.00041     0.00149
44466     0.00458     0.00069     0.00113
44497     0.00400     0.00088     0.00086
44527     0.00337     0.00089     0.00082
44558     0.00256     0.00058     0.00044
44588     0.00136     0.00006     0.00011
44619     0.00133    -0.00034    -0.00018
44650     0.00076    -0.00076    -0.00042
44678     0.00032    -0.00102    -0.00083
44709     0.00034    -0.00100    -0.00048
44739     0.00086    -0.00083     0.00038
44770     0.00149    -0.00017     0.00166
44800     0.00337     0.00045     0.00151
44831     0.00465     0.00087     0.00104
44862     0.00478     0.00104     0.00075
44892     0.00339     0.00122     0.00044
44923     0.00226     0.00103     0.00018
44953     0.00061     0.00039    -0.00010
44984    -0.00156    -0.00033    -0.00053
45015    -0.00218    -0.00047    -0.00108
45043    -0.00230    -0.00055    -0.00115
45074    -0.00238    -0.00083    -0.00041
45104    -0.00081    -0.00066     0.00042
45135     0.00043    -0.00036     0.00185
45165     0.00200    -0.00017     0.00262
45196     0.00338     0.00034     0.00188
45227     0.00321     0.00070     0.00145
45257     0.00143     0.00063     0.00124
45288    -0.00009     0.00048     0.00037
45318    -0.00283     0.00018    -0.00043
45349    -0.00400    -0.00013    -0.00092
45380    -0.00580    -0.00054    -0.00142
45408    -0.00667    -0.00032    -0.00140
45439    -0.00579    -0.00005    -0.00049
45469    -0.00419     0.00039     0.00043
45500    -0.00165     0.00066     0.00152
45530     0.00080     0.00123     0.00194
45561     0.00207     0.00158     0.00140
45592     0.00248     0.00190     0.00096
45622     0.00108     0.00219     0.00057
45653    -0.00070     0.00184     0.00049
45683    -0.00428     0.00110     0.00012
45714    -0.00542     0.00074    -0.00042
45745    -0.00541     0.00052    -0.00047
45774    -0.00512     0.00042    -0.00028
45805    -0.00451    -0.00006     0.00037
45835    -0.00293     0.00013     0.00139
45866    -0.00129     0.00054     0.00211
45896     0.00091     0.00116     0.00219
45927     0.00175     0.00164     0.00172
45958     0.00219     0.00169     0.00146
45988     0.00098     0.00162     0.00113
46019    -0.00085     0.00112     0.00097
46049    -0.00291     0.00057     0.00039
46080    -0.00440    -0.00020    -0.00018
46111    -0.00453    -0.00072    -0.00089
46139    -0.00444    -0.00051    -0.00103
46170    -0.00331    -0.00068    -0.00040
46200    -0.00187    -0.00041     0.00025
46231     0.00003     0.00006     0.00129
46261     0.00230     0.00023     0.00136
46292     0.00324     0.00051     0.00103
46323     0.00305     0.00089     0.00088
46353     0.00167     0.00128     0.00067
46384     0.00005     0.00113     0.00033
46414    -0.00212     0.00045    -0.00021
46445    -0.00205    -0.00017    -0.00087
46476    -0.00317    -0.00057    -0.00119
46504    -0.00360    -0.00099    -0.00119
46535    -0.00280    -0.00089    -0.00058
46565    -0.00180    -0.00062     0.00060
46596    -0.00002    -0.00042     0.00183
46626     0.00208     0.00034     0.00198
46657     0.00364     0.00073     0.00163
46688     0.00332     0.00075     0.00147
46718     0.00179     0.00067     0.00134
46749     0.00122     0.00051     0.00073
46779     0.00015     0.00017     0.00013
46810    -0.00080    -0.00020    -0.00037
46841    -0.00149    -0.00038    -0.00072
46869    -0.00236    -0.00043    -0.00104
46900    -0.00161    -0.00061    -0.00051
46930    -0.00040    -0.00038     0.00043
46961     0.00078    -0.00019     0.00108
46991     0.00237     0.00034     0.00172
47022     0.00317     0.00070     0.00148
47053     0.00381     0.00088     0.00097
47083     0.00391     0.00081     0.00053
47114     0.00219     0.00077     0.00014
47144     0.00069     0.00017    -0.00012
47175    -0.00134    -0.00038    -0.00066
47206    -0.00158    -0.00075    -0.00109
47235    -0.00084    -0.00104    -0.00136
47266    -0.00031    -0.00093    -0.00075
47296     0.00051    -0.00067    -0.00016
47327     0.00235    -0.00049     0.00094
47357     0.00402    -0.00007     0.00102
47388     0.00496     0.00033     0.00034
47419     0.00506     0.00068    -0.00021
47449     0.00456     0.00074    -0.00021
47480     0.00319     0.00031    -0.00028
47510     0.00157    -0.00032    -0.00060
47541     0.00010    -0.00082    -0.00114
47572    -0.00040    -0.00102    -0.00159
47600    -0.00057    -0.00091    -0.00161
47631     0.00038    -0.00081    -0.00112
47661     0.00140    -0.00069    -0.00022
47692     0.00224    -0.00013     0.00103
47722     0.00418     0.00018     0.00140
47753     0.00511     0.00029     0.00121
47784     0.00482     0.00053     0.00098
47814     0.00446     0.00050     0.00051
47845     0.00366     0.00030     0.00017
47875     0.00316    -0.00061    -0.00043
47906     0.00213    -0.00124    -0.00101
47937     0.00090    -0.00150    -0.00159
47965     0.00045    -0.00118    -0.00162
47996     0.00114    -0.00091    -0.00101
48026     0.00161    -0.00070     0.00001
48057     0.00218    -0.00017     0.00100
48087     0.00404     0.00026     0.00112
48118     0.00492     0.00061     0.00105
48149     0.00513     0.00067     0.00079
48179     0.00428     0.00086     0.00028
48210     0.00328     0.00069    -0.00024
48240     0.00221     0.00023    -0.00088
48271     0.00137    -0.00001    -0.00149
48302     0.00155    -0.00015    -0.00183
48330     0.00042    -0.00071    -0.00225
48361     0.00032    -0.00097    -0.00163
48391     0.00017    -0.00099    -0.00047
48422     0.00132    -0.00051     0.00065
48452     0.00302    -0.00009     0.00121
48483     0.00442     0.00032     0.00089
48514     0.00417     0.00070     0.00083
48544     0.00377     0.00074     0.00053
48575     0.00205     0.00082     0.00021
48605     0.00048     0.00075    -0.00033
48636    -0.00111     0.00032    -0.00099
48667    -0.00207    -0.00006    -0.00134
48696    -0.00268    -0.00011    -0.00133
48727    -0.00198    -0.00037    -0.00094
48757    -0.00048    -0.00014     0.00003
48788     0.00072     0.00017     0.00108
48818     0.00186     0.00056     0.00147
48849     0.00307     0.00092     0.00104
48880     0.00313     0.00093     0.00077
48910     0.00312     0.00099     0.00036
48941     0.00146     0.00065    -0.00022
48971     0.00009     0.00018    -0.00040
49002    -0.00245    -0.00012    -0.00096
49033    -0.00364    -0.00032    -0.00166
49061    -0.00394    -0.00047    -0.00193
49092    -0.00378    -0.00057    -0.00138
49122    -0.00239    -0.00027    -0.00065
49153    -0.00117    -0.00002     0.00035
49183     0.00013     0.00057     0.00062
49214     0.00148     0.00092     0.00033
49245     0.00173     0.00109    -0.00009
49275     0.00136     0.00107    -0.00030
49306     0.00051     0.00084    -0.00060
49336    -0.00054     0.00042    -0.00094
49367    -0.00124    -0.00039    -0.00137
49398    -0.00206    -0.00078    -0.00174
49426    -0.00230    -0.00068    -0.00181
49457    -0.00203    -0.00068    -0.00125
49487    -0.00147    -0.00061    -0.00042
49518    -0.00011    -0.00046     0.00039
49548     0.00153     0.00006     0.00029
49579     0.00297     0.00023    -0.00014
49610     0.00321     0.00036    -0.00060
49640     0.00192     0.00022    -0.00075
49671     0.00043    -0.00016    -0.00118
49701    -0.00102    -0.00036    -0.00182
49732    -0.00261    -0.00054    -0.00248
49763    -0.00339    -0.00059    -0.00300
49791    -0.00412    -0.00072    -0.00312
49822    -0.00408    -0.00089    -0.00226
49852    -0.00408    -0.00069    -0.00110
49883    -0.00348    -0.00019    -0.00012
49913    -0.00111     0.00029     0.00006
49944     0.00058     0.00060    -0.00060
49975     0.00110     0.00084    -0.00103
50005     0.00074     0.00079    -0.00119
50036    -0.00002     0.00054    -0.00147
50066    -0.00119    -0.00033    -0.00154
50097    -0.00223    -0.00100    -0.00208
50128    -0.00342    -0.00143    -0.00260
50157    -0.00381    -0.00149    -0.00288
50188    -0.00348    -0.00152    -0.00232
50218    -0.00253    -0.00151    -0.00072
50249    -0.00104    -0.00154     0.00088
50279     0.00001    -0.00161     0.00241
50310     0.00127    -0.00149     0.00332
50341     0.00149    -0.00170     0.00350
50371     0.00149    -0.00175     0.00312
50402     0.00013    -0.00202     0.00251
50432    -0.00117    -0.00216     0.00166
50463    -0.00282    -0.00232     0.00073
50494    -0.00427    -0.00223    -0.00035
50522    -0.00476    -0.00226    -0.00115
50553    -0.00447    -0.00222    -0.00119
50583    -0.00391    -0.00187    -0.00089
50614    -0.00291    -0.00134     0.00002
50644    -0.00129    -0.00056     0.00026
50675    -0.00001     0.00019     0.00008
50706    -0.00042     0.00061    -0.00047
50736    -0.00192     0.00060    -0.00135
50767    -0.00342     0.00025    -0.00231
50797    -0.00478    -0.00035    -0.00316
50828    -0.00650    -0.00072    -0.00363
50859    -0.00842    -0.00088    -0.00382
50887    -0.00917    -0.00065    -0.00391
50918    -0.00908    -0.00050    -0.00329
50948    -0.00781    -0.00023    -0.00199
50979    -0.00659     0.00014    -0.00069
51009    -0.00410     0.00084    -0.00079
51040    -0.00192     0.00109    -0.00125
51071    -0.00132     0.00117    -0.00182
51101    -0.00205     0.00126    -0.00222
51132    -0.00390     0.00110    -0.00237
51162    -0.00514     0.00046    -0.00245
51193    -0.00578    -0.00006    -0.00259
51224    -0.00642    -0.00046    -0.00265
51252    -0.00567    -0.00061    -0.00253
51283    -0.00506    -0.00057    -0.00178
51313    -0.00455    -0.00016    -0.00082
51344    -0.00339     0.00042     0.00009
51374    -0.00178     0.00070     0.00033
51405    -0.00019     0.00083    -0.00011
51436     0.00013     0.00094    -0.00038
51466     0.00021     0.00091    -0.00070
51497     0.00007     0.00062    -0.00081
51527    -0.00048     0.00008    -0.00087
51558    -0.00074    -0.00115    -0.00090
51589    -0.00160    -0.00178    -0.00103
51618    -0.00275    -0.00182    -0.00119
51649    -0.00222    -0.00181    -0.00105
51679    -0.00117    -0.00129    -0.00074
51710    -0.00022    -0.00050    -0.00019
51740     0.00104     0.00002     0.00030
51771     0.00232     0.00042     0.00020
51802     0.00233     0.00038     0.00011
51832     0.00161     0.00039    -0.00040
51863    -0.00057     0.00020    -0.00071
51893    -0.00089    -0.00031    -0.00087
51924    -0.00175    -0.00055    -0.00103
51955    -0.00264    -0.00031    -0.00125
51983    -0.00327    -0.00043    -0.00137
52014    -0.00268    -0.00058    -0.00100
52044    -0.00128    -0.00023    -0.00017
52075     0.00018     0.00021     0.00047
52105     0.00154     0.00069     0.00093
52136     0.00265     0.00119     0.00086
52167     0.00276     0.00135     0.00072
52197     0.00266     0.00140     0.00034
52228     0.00213     0.00109    -0.00009
52258     0.00064     0.00043    -0.00015
52289     0.00005    -0.00033    -0.00039
52320    -0.00020    -0.00049    -0.00053
52348    -0.00035    -0.00046    -0.00059
52379    -0.00016    -0.00066    -0.00017
52409     0.00034    -0.00030     0.00062
52440     0.00141     0.00014     0.00162
52470     0.00278     0.00074     0.00186
52501     0.00370     0.00108     0.00169
52532     0.00358     0.00126     0.00131
52562     0.00270     0.00122     0.00066
52593     0.00187     0.00073     0.00013
52623     0.00119     0.00025    -0.00004
52654     0.00055    -0.00045    -0.00012
52685     0.00001    -0.00079    -0.00016
52713    -0.00035    -0.00088    -0.00004
52744    -0.00015    -0.00105     0.00037
52774    -0.00015    -0.00070     0.00113
52805     0.00097    -0.00029     0.00183
52835     0.00261     0.00038     0.00183
52866     0.00377     0.00075     0.00142
52897     0.00388     0.00108     0.00086
52927     0.00356     0.00117     0.00050
52958     0.00252     0.00085     0.00014
52988     0.00162     0.00041    -0.00004
53019     0.00084    -0.00028    -0.00011
53050     0.00049    -0.00077    -0.00018
53079    -0.00003    -0.00091    -0.00025
53110     0.00054    -0.00105    -0.00021
53140     0.00108    -0.00072     0.00039
53171     0.00160    -0.00004     0.00106
53201     0.00274     0.00047     0.00134
53232     0.00373     0.00087     0.00099
53263     0.00349     0.00126     0.00062
53293     0.00244     0.00125     0.00026
53324     0.00023     0.00085    -0.00003
53354    -0.00051     0.00023    -0.00041
53385    -0.00226    -0.00031    -0.00076
53416    -0.00339    -0.00065    -0.00089
53444    -0.00369    -0.00099    -0.00097
53475    -0.00330    -0.00092    -0.00049
53505    -0.00287    -0.00077     0.00009
53536    -0.00170    -0.00030     0.00105
53566     0.00045     0.00042     0.00130
53597     0.00160     0.00111     0.00096
53628     0.00202     0.00145     0.00069
53658     0.00129     0.00153     0.00059
53689     0.00058     0.00138     0.00051
53719    -0.00038     0.00041     0.00072
53750    -0.00166    -0.00052     0.00088
53781    -0.00195    -0.00082     0.00071
53809    -0.00213    -0.00120     0.00055
53840    -0.00219    -0.00136     0.00081
53870    -0.00122    -0.00087     0.00117
53901     0.00018    -0.00020     0.00169
53931     0.00185     0.00066     0.00191
53962     0.00296     0.00098     0.00154
53993     0.00292     0.00125     0.00101
54023     0.00193     0.00110     0.00092
54054     0.00124     0.00040     0.00061
54084     0.00062    -0.00010     0.00045
54115    -0.00025    -0.00032     0.00038
54146    -0.00050    -0.00053     0.00007
54174    -0.00069    -0.00063     0.00017
54205    -0.00066    -0.00067     0.00065
54235     0.00009    -0.00050     0.00101
54266     0.00133     0.00011     0.00145
54296     0.00288     0.00077     0.00127
54327     0.00397     0.00089     0.00076
54358     0.00403     0.00107     0.00017
54388     0.00318     0.00105     0.00015
54419     0.00283     0.00044     0.00002
54449     0.00130    -0.00020    -0.00008
54480    -0.00015    -0.00106    -0.00010
54511    -0.00122    -0.00142    -0.00017
54540    -0.00161    -0.00160    -0.00011
54571    -0.00108    -0.00146    -0.00001
54601    -0.00031    -0.00105     0.00065
54632     0.00061    -0.00040     0.00120
54662     0.00230     0.00017     0.00113
54693     0.00343     0.00054     0.00059
54724     0.00322     0.00081     0.00003
54754     0.00270     0.00084    -0.00028
54785     0.00188     0.00077    -0.00057
54815     0.00091     0.00014    -0.00059
54846    -0.00021    -0.00034    -0.00058
54877    -0.00078    -0.00083    -0.00084
54905    -0.00127    -0.00115    -0.00086
54936    -0.00117    -0.00110    -0.00056
54966    -0.00060    -0.00071     0.00007
54997     0.00024    -0.00020     0.00091
55027     0.00179     0.00035     0.00104
55058     0.00293     0.00068     0.00073
55089     0.00334     0.00083     0.00034
55119     0.00233     0.00091     0.00009
55150     0.00148     0.00021    -0.00024
55180     0.00061    -0.00050    -0.00044
55211    -0.00059    -0.00105    -0.00076
55242    -0.00243    -0.00111    -0.00100
55270    -0.00250    -0.00133    -0.00108
55301    -0.00197    -0.00129    -0.00066
55331    -0.00146    -0.00093    -0.00009
55362    -0.00063    -0.00046     0.00062
55392     0.00112     0.00026     0.00086
55423     0.00272     0.00075     0.00043
55454     0.00304     0.00118    -0.00025
55484     0.00230     0.00133    -0.00064
55515     0.00111     0.00087    -0.00075
55545    -0.00089     0.00023    -0.00099
55576    -0.00289    -0.00049    -0.00104
55607    -0.00338    -0.00077    -0.00102
55635    -0.00430    -0.00107    -0.00083
55666    -0.00444    -0.00104    -0.00024
55696    -0.00384    -0.00064     0.00048
55727    -0.00264     0.00009     0.00121
55757    -0.00058     0.00081     0.00131
55788     0.00110     0.00123     0.00095
55819     0.00173     0.00146     0.00037
55849     0.00141     0.00108     0.00008
55880     0.00103     0.00060    -0.00008
55910     0.00034     0.00028    -0.00018
55941    -0.00023    -0.00023    -0.00030
55972    -0.00109    -0.00049    -0.00022
56001    -0.00132    -0.00042    -0.00001
56032    -0.00140    -0.00058     0.00030
56062    -0.00060    -0.00041     0.00066
56093     0.00074    -0.00003     0.00138
56123     0.00240     0.00043     0.00136
56154     0.00346     0.00088     0.00075
56185     0.00385     0.00125    -0.00009
56215     0.00313     0.00105    -0.00033
56246     0.00240     0.00066    -0.00075
56276     0.00132     0.00003    -0.00090
56307     0.00033    -0.00037    -0.00097
56338    -0.00022    -0.00061    -0.00107
56366    -0.00042    -0.00065    -0.00093
56397    -0.00016    -0.00082    -0.00062
56427     0.00058    -0.00056     0.00009
56458     0.00110     0.00001     0.00087
56488     0.00239     0.00070     0.00106
56519     0.00313     0.00120     0.00083
56550     0.00266     0.00140     0.00065
56580     0.00189     0.00142     0.00054
56611     0.00116     0.00095     0.00058
56641     0.00032     0.00051     0.00051
56672     0.00003     0.00002     0.00049
56703    -0.00054    -0.00038     0.00063
56731    -0.00095    -0.00088     0.00095
56762    -0.00066    -0.00089     0.00136
56792    -0.00025    -0.00080     0.00166
56823     0.00059    -0.00030     0.00206
56853     0.00179     0.00028     0.00206
56884     0.00276     0.00065     0.00150
56915     0.00261     0.00097     0.00084
56945     0.00175     0.00093     0.00040
56976     0.00105     0.00055     0.00017
57006    -0.00012     0.00002     0.00020
57037    -0.00089    -0.00006    -0.00006
57068    -0.00152    -0.00034    -0.00022
57096    -0.00171    -0.00048    -0.00028
57127    -0.00124    -0.00055    -0.00011
57157    -0.00134    -0.00027     0.00057
57188    -0.00068     0.00021     0.00124
57218     0.00072     0.00052     0.00154
57249     0.00189     0.00090     0.00111
57280     0.00213     0.00117     0.00063
57310     0.00128     0.00126     0.00013
57341     0.00000     0.00126    -0.00046
57371    -0.00110     0.00117    -0.00092
57402    -0.00221     0.00055    -0.00108
57433    -0.00279     0.00003    -0.00101
57462    -0.00280    -0.00052    -0.00089
57493    -0.00249    -0.00073    -0.00068
57523    -0.00198    -0.00043    -0.00032
57554    -0.00056     0.00002     0.00022
