# Hydrology loading displacements computed from the monthly GLDAS NOAH model
# This is a product of the Hydrology loading service: http://lacerta.gsfc.nasa.gov/hydlo/
# Displacements are with respect to the center of mass of the total earth
#
# Created for VieVS on 17.03.2017 at 11:46:08 local time
# OFFSET + TREND REMOVED!!! - Hana 
# mjd up (meters) eastwest (meters) northsouth (meters)
43888    -0.00233    -0.00022    -0.00027
43919    -0.00319    -0.00024    -0.00092
43947    -0.00345    -0.00017    -0.00077
43978    -0.00299    -0.00028    -0.00040
44008    -0.00166    -0.00041     0.00066
44039     0.00009    -0.00043     0.00155
44069     0.00202     0.00004     0.00166
44100     0.00294     0.00037     0.00130
44131     0.00315     0.00033     0.00110
44161     0.00286     0.00031     0.00096
44192     0.00172    -0.00005     0.00063
44222     0.00118    -0.00064     0.00017
44253    -0.00119    -0.00071     0.00017
44284    -0.00280    -0.00034    -0.00016
44313    -0.00339    -0.00011    -0.00051
44344    -0.00229    -0.00036    -0.00011
44374    -0.00091    -0.00027     0.00075
44405     0.00065    -0.00003     0.00152
44435     0.00251     0.00026     0.00149
44466     0.00354     0.00047     0.00116
44497     0.00329     0.00055     0.00088
44527     0.00269     0.00044     0.00077
44558     0.00223     0.00007     0.00029
44588     0.00132    -0.00027    -0.00003
44619     0.00120    -0.00055    -0.00033
44650    -0.00008    -0.00057    -0.00038
44678    -0.00051    -0.00072    -0.00072
44709    -0.00041    -0.00077    -0.00043
44739     0.00045    -0.00090     0.00028
44770     0.00124    -0.00051     0.00149
44800     0.00262     0.00004     0.00147
44831     0.00359     0.00043     0.00108
44862     0.00366     0.00054     0.00084
44892     0.00274     0.00071     0.00047
44923     0.00124     0.00073     0.00034
44953    -0.00055     0.00040     0.00017
44984    -0.00239     0.00004    -0.00034
45015    -0.00289     0.00001    -0.00093
45043    -0.00304     0.00003    -0.00101
45074    -0.00357    -0.00012    -0.00025
45104    -0.00171    -0.00044     0.00040
45135    -0.00036    -0.00054     0.00171
45165     0.00096    -0.00050     0.00250
45196     0.00229    -0.00005     0.00184
45227     0.00244     0.00027     0.00143
45257     0.00169     0.00018     0.00107
45288     0.00021     0.00035     0.00036
45318    -0.00254     0.00049    -0.00017
45349    -0.00371     0.00039    -0.00063
45380    -0.00572     0.00045    -0.00099
45408    -0.00662     0.00083    -0.00091
45439    -0.00548     0.00062    -0.00023
45469    -0.00415     0.00080     0.00060
45500    -0.00174     0.00067     0.00159
45530     0.00029     0.00109     0.00200
45561     0.00187     0.00144     0.00156
45592     0.00220     0.00180     0.00114
45622     0.00137     0.00201     0.00073
45653    -0.00053     0.00186     0.00075
45683    -0.00336     0.00159     0.00050
45714    -0.00368     0.00138    -0.00020
45745    -0.00345     0.00105    -0.00042
45774    -0.00307     0.00076    -0.00037
45805    -0.00217     0.00002     0.00012
45835    -0.00100    -0.00006     0.00104
45866     0.00013     0.00018     0.00178
45896     0.00149     0.00076     0.00205
45927     0.00241     0.00120     0.00180
45958     0.00268     0.00122     0.00154
45988     0.00192     0.00109     0.00115
46019     0.00000     0.00076     0.00104
46049    -0.00188     0.00059     0.00064
46080    -0.00261    -0.00011     0.00010
46111    -0.00258    -0.00052    -0.00063
46139    -0.00263    -0.00035    -0.00083
46170    -0.00178    -0.00065    -0.00027
46200    -0.00050    -0.00067     0.00025
46231     0.00081    -0.00036     0.00126
46261     0.00244    -0.00023     0.00139
46292     0.00310     0.00002     0.00108
46323     0.00294     0.00043     0.00090
46353     0.00199     0.00070     0.00070
46384     0.00077     0.00059     0.00036
46414    -0.00094     0.00028    -0.00003
46445    -0.00088    -0.00020    -0.00076
46476    -0.00215    -0.00031    -0.00102
46504    -0.00299    -0.00049    -0.00107
46535    -0.00212    -0.00063    -0.00062
46565    -0.00106    -0.00068     0.00041
46596     0.00033    -0.00079     0.00163
46626     0.00188    -0.00009     0.00188
46657     0.00308     0.00030     0.00158
46688     0.00293     0.00024     0.00141
46718     0.00211     0.00008     0.00120
46749     0.00174    -0.00012     0.00055
46779     0.00089    -0.00043    -0.00006
46810     0.00008    -0.00061    -0.00050
46841    -0.00080    -0.00058    -0.00080
46869    -0.00167    -0.00048    -0.00106
46900    -0.00095    -0.00081    -0.00065
46930     0.00024    -0.00078     0.00023
46961     0.00132    -0.00067     0.00088
46991     0.00232    -0.00024     0.00159
47022     0.00297     0.00012     0.00142
47053     0.00326     0.00032     0.00092
47083     0.00327     0.00026     0.00045
47114     0.00236     0.00034     0.00013
47144     0.00095    -0.00008    -0.00008
47175    -0.00038    -0.00032    -0.00058
47206    -0.00037    -0.00071    -0.00110
47235     0.00028    -0.00104    -0.00147
47266     0.00080    -0.00101    -0.00088
47296     0.00142    -0.00074    -0.00024
47327     0.00256    -0.00064     0.00087
47357     0.00363    -0.00028     0.00102
47388     0.00435     0.00011     0.00042
47419     0.00431     0.00043    -0.00011
47449     0.00380     0.00040    -0.00019
47480     0.00271     0.00002    -0.00034
47510     0.00158    -0.00038    -0.00069
47541     0.00050    -0.00062    -0.00120
47572     0.00020    -0.00080    -0.00170
47600    -0.00017    -0.00064    -0.00174
47631     0.00061    -0.00063    -0.00132
47661     0.00152    -0.00066    -0.00046
47692     0.00218    -0.00032     0.00082
47722     0.00350    -0.00009     0.00127
47753     0.00428     0.00002     0.00115
47784     0.00388     0.00026     0.00090
47814     0.00340     0.00026     0.00042
47845     0.00270     0.00004     0.00001
47875     0.00246    -0.00082    -0.00071
47906     0.00168    -0.00127    -0.00129
47937     0.00076    -0.00135    -0.00181
47965     0.00041    -0.00109    -0.00186
47996     0.00119    -0.00100    -0.00131
48026     0.00166    -0.00095    -0.00032
48057     0.00208    -0.00040     0.00073
48087     0.00329    -0.00004     0.00098
48118     0.00385     0.00027     0.00098
48149     0.00389     0.00031     0.00073
48179     0.00324     0.00046     0.00019
48210     0.00248     0.00027    -0.00041
48240     0.00173    -0.00017    -0.00113
48271     0.00126    -0.00035    -0.00176
48302     0.00132    -0.00036    -0.00210
48330    -0.00028    -0.00047    -0.00232
48361    -0.00048    -0.00073    -0.00175
48391     0.00002    -0.00094    -0.00078
48422     0.00130    -0.00066     0.00032
48452     0.00243    -0.00030     0.00098
48483     0.00346     0.00009     0.00078
48514     0.00319     0.00039     0.00071
48544     0.00274     0.00037     0.00036
48575     0.00162     0.00042    -0.00001
48605     0.00060     0.00035    -0.00059
48636    -0.00076     0.00015    -0.00114
48667    -0.00194     0.00001    -0.00140
48696    -0.00275     0.00002    -0.00134
48727    -0.00203    -0.00038    -0.00102
48757    -0.00061    -0.00038    -0.00010
48788     0.00049    -0.00027     0.00097
48818     0.00142     0.00009     0.00139
48849     0.00235     0.00043     0.00106
48880     0.00244     0.00043     0.00077
48910     0.00231     0.00050     0.00032
48941     0.00127     0.00020    -0.00031
48971     0.00023    -0.00012    -0.00044
49002    -0.00210     0.00011    -0.00069
49033    -0.00319     0.00029    -0.00119
49061    -0.00374     0.00022    -0.00143
49092    -0.00344    -0.00003    -0.00105
49122    -0.00199    -0.00005    -0.00049
49153    -0.00096     0.00013     0.00054
49183     0.00023     0.00050     0.00074
49214     0.00139     0.00080     0.00042
49245     0.00163     0.00089    -0.00002
49275     0.00143     0.00079    -0.00030
49306     0.00087     0.00049    -0.00066
49336    -0.00003     0.00017    -0.00100
49367    -0.00049    -0.00054    -0.00152
49398    -0.00124    -0.00074    -0.00184
49426    -0.00152    -0.00055    -0.00190
49457    -0.00123    -0.00068    -0.00143
49487    -0.00077    -0.00071    -0.00062
49518     0.00024    -0.00068     0.00018
49548     0.00144    -0.00023     0.00012
49579     0.00252    -0.00005    -0.00024
49610     0.00262     0.00008    -0.00068
49640     0.00197    -0.00015    -0.00089
49671     0.00077    -0.00047    -0.00135
49701    -0.00042    -0.00048    -0.00197
49732    -0.00226    -0.00019    -0.00241
49763    -0.00296     0.00003    -0.00289
49791    -0.00370     0.00011    -0.00296
49822    -0.00358    -0.00019    -0.00222
49852    -0.00301    -0.00026    -0.00118
49883    -0.00200    -0.00004    -0.00024
49913    -0.00032     0.00034    -0.00002
49944     0.00105     0.00064    -0.00064
49975     0.00143     0.00084    -0.00107
50005     0.00121     0.00068    -0.00133
50036     0.00061     0.00037    -0.00171
50066    -0.00065    -0.00022    -0.00177
50097    -0.00190    -0.00057    -0.00228
50128    -0.00357    -0.00052    -0.00271
50157    -0.00436    -0.00031    -0.00296
50188    -0.00423    -0.00035    -0.00245
50218    -0.00369    -0.00054    -0.00083
50249    -0.00256    -0.00073     0.00079
50279    -0.00208    -0.00080     0.00231
50310    -0.00075    -0.00094     0.00311
50341    -0.00101    -0.00109     0.00336
50371    -0.00082    -0.00117     0.00293
50402    -0.00254    -0.00100     0.00247
50432    -0.00345    -0.00091     0.00161
50463    -0.00440    -0.00083     0.00067
50494    -0.00465    -0.00070    -0.00044
50522    -0.00412    -0.00088    -0.00136
50553    -0.00332    -0.00108    -0.00143
50583    -0.00250    -0.00103    -0.00112
50614    -0.00161    -0.00080    -0.00025
50644    -0.00037    -0.00024     0.00002
50675     0.00059     0.00035    -0.00010
50706     0.00052     0.00071    -0.00058
50736    -0.00014     0.00068    -0.00144
50767    -0.00127     0.00051    -0.00237
50797    -0.00278     0.00029    -0.00312
50828    -0.00475     0.00040    -0.00344
50859    -0.00690     0.00077    -0.00343
50887    -0.00674     0.00076    -0.00368
50918    -0.00638     0.00072    -0.00313
50948    -0.00552     0.00081    -0.00189
50979    -0.00448     0.00096    -0.00066
51009    -0.00241     0.00138    -0.00077
51040    -0.00038     0.00144    -0.00120
51071     0.00041     0.00148    -0.00172
51101    -0.00020     0.00146    -0.00219
51132    -0.00157     0.00127    -0.00231
51162    -0.00297     0.00090    -0.00234
51193    -0.00353     0.00043    -0.00261
51224    -0.00514     0.00038    -0.00254
51252    -0.00486     0.00019    -0.00246
51283    -0.00464     0.00012    -0.00178
51313    -0.00350     0.00012    -0.00097
51344    -0.00217     0.00047    -0.00010
51374    -0.00082     0.00060     0.00024
51405     0.00056     0.00075    -0.00015
51436     0.00090     0.00078    -0.00038
51466     0.00096     0.00071    -0.00075
51497     0.00057     0.00050    -0.00088
51527    -0.00000    -0.00001    -0.00097
51558    -0.00018    -0.00114    -0.00108
51589    -0.00212    -0.00134    -0.00101
51618    -0.00326    -0.00105    -0.00098
51649    -0.00216    -0.00132    -0.00102
51679    -0.00108    -0.00090    -0.00075
51710    -0.00010    -0.00032    -0.00019
51740     0.00097    -0.00001     0.00032
51771     0.00200     0.00032     0.00025
51802     0.00211     0.00028     0.00014
51832     0.00162     0.00030    -0.00034
51863     0.00035     0.00013    -0.00053
51893     0.00037    -0.00039    -0.00079
51924    -0.00059    -0.00055    -0.00096
51955    -0.00186    -0.00014    -0.00107
51983    -0.00288    -0.00009    -0.00108
52014    -0.00209    -0.00035    -0.00087
52044    -0.00082    -0.00023    -0.00012
52075     0.00042     0.00001     0.00047
52105     0.00145     0.00046     0.00098
52136     0.00222     0.00097     0.00096
52167     0.00220     0.00107     0.00082
52197     0.00208     0.00110     0.00040
52228     0.00155     0.00091    -0.00004
52258    -0.00020     0.00046    -0.00002
52289    -0.00120    -0.00007    -0.00018
52320    -0.00125    -0.00027    -0.00038
52348    -0.00113    -0.00032    -0.00052
52379    -0.00066    -0.00072    -0.00026
52409    -0.00012    -0.00053     0.00047
52440     0.00065    -0.00023     0.00147
52470     0.00165     0.00033     0.00180
52501     0.00239     0.00069     0.00167
52532     0.00242     0.00083     0.00131
52562     0.00194     0.00072     0.00061
52593     0.00110     0.00032     0.00006
52623     0.00014    -0.00001    -0.00006
52654    -0.00094    -0.00047    -0.00002
52685    -0.00117    -0.00076    -0.00012
52713    -0.00132    -0.00086    -0.00001
52744    -0.00094    -0.00112     0.00032
52774    -0.00077    -0.00089     0.00103
52805     0.00023    -0.00071     0.00170
52835     0.00154    -0.00006     0.00178
52866     0.00253     0.00036     0.00146
52897     0.00268     0.00069     0.00090
52927     0.00234     0.00074     0.00050
52958     0.00149     0.00043     0.00010
52988     0.00063     0.00010    -0.00006
53019    -0.00023    -0.00042    -0.00009
53050    -0.00058    -0.00080    -0.00014
53079    -0.00104    -0.00086    -0.00018
53110     0.00002    -0.00122    -0.00026
53140     0.00065    -0.00109     0.00025
53171     0.00103    -0.00050     0.00091
53201     0.00186    -0.00005     0.00126
53232     0.00261     0.00040     0.00098
53263     0.00241     0.00079     0.00059
53293     0.00159     0.00080     0.00026
53324     0.00010     0.00053     0.00006
53354    -0.00045    -0.00002    -0.00033
53385    -0.00252    -0.00004    -0.00036
53416    -0.00338    -0.00032    -0.00044
53444    -0.00398    -0.00056    -0.00050
53475    -0.00354    -0.00063    -0.00012
53505    -0.00263    -0.00063     0.00030
53536    -0.00135    -0.00041     0.00115
53566     0.00034     0.00023     0.00146
53597     0.00137     0.00088     0.00120
53628     0.00166     0.00121     0.00089
53658     0.00116     0.00122     0.00073
53689     0.00061     0.00105     0.00060
53719    -0.00040     0.00017     0.00076
53750    -0.00225    -0.00028     0.00106
53781    -0.00219    -0.00063     0.00078
53809    -0.00248    -0.00088     0.00064
53840    -0.00271    -0.00090     0.00091
53870    -0.00164    -0.00066     0.00119
53901    -0.00028    -0.00018     0.00168
53931     0.00120     0.00052     0.00199
53962     0.00213     0.00079     0.00166
53993     0.00218     0.00099     0.00113
54023     0.00161     0.00073     0.00097
54054     0.00111     0.00002     0.00057
54084     0.00049    -0.00043     0.00039
54115    -0.00007    -0.00067     0.00030
54146    -0.00029    -0.00081     0.00001
54174    -0.00048    -0.00091     0.00008
54205    -0.00024    -0.00110     0.00047
54235     0.00031    -0.00099     0.00082
54266     0.00114    -0.00042     0.00130
54296     0.00215     0.00031     0.00126
54327     0.00300     0.00053     0.00084
54358     0.00303     0.00074     0.00025
54388     0.00228     0.00074     0.00019
54419     0.00205     0.00019    -0.00002
54449     0.00106    -0.00034    -0.00015
54480    -0.00047    -0.00078    -0.00004
54511    -0.00173    -0.00084     0.00001
54540    -0.00184    -0.00116    -0.00003
54571    -0.00115    -0.00125    -0.00006
54601    -0.00032    -0.00108     0.00053
54632     0.00049    -0.00057     0.00107
54662     0.00169    -0.00005     0.00112
54693     0.00258     0.00034     0.00066
54724     0.00244     0.00059     0.00011
54754     0.00203     0.00061    -0.00025
54785     0.00130     0.00065    -0.00054
54815     0.00059     0.00004    -0.00062
54846    -0.00011    -0.00035    -0.00067
54877    -0.00062    -0.00062    -0.00086
54905    -0.00150    -0.00075    -0.00080
54936    -0.00108    -0.00094    -0.00063
54966    -0.00053    -0.00073    -0.00004
54997     0.00035    -0.00035     0.00078
55027     0.00155     0.00013     0.00097
55058     0.00238     0.00045     0.00071
55089     0.00260     0.00063     0.00035
55119     0.00172     0.00074     0.00010
55150     0.00108     0.00006    -0.00032
55180     0.00024    -0.00047    -0.00052
55211    -0.00104    -0.00065    -0.00070
55242    -0.00291    -0.00032    -0.00065
55270    -0.00305    -0.00043    -0.00070
55301    -0.00255    -0.00054    -0.00036
55331    -0.00180    -0.00043     0.00009
55362    -0.00074    -0.00012     0.00071
55392     0.00078     0.00039     0.00099
55423     0.00215     0.00084     0.00059
55454     0.00239     0.00128    -0.00010
55484     0.00194     0.00147    -0.00051
55515     0.00097     0.00110    -0.00068
55545    -0.00069     0.00077    -0.00086
55576    -0.00234     0.00044    -0.00078
55607    -0.00259     0.00013    -0.00086
55635    -0.00352    -0.00001    -0.00061
55666    -0.00356    -0.00012    -0.00014
55696    -0.00256    -0.00011     0.00042
55727    -0.00149     0.00045     0.00116
55757     0.00005     0.00101     0.00136
55788     0.00133     0.00138     0.00105
55819     0.00184     0.00157     0.00048
55849     0.00166     0.00121     0.00016
55880     0.00133     0.00072    -0.00006
55910     0.00072     0.00035    -0.00019
55941     0.00026    -0.00010    -0.00036
55972    -0.00051    -0.00026    -0.00026
56001    -0.00077    -0.00016    -0.00002
56032    -0.00130    -0.00024     0.00038
56062    -0.00047    -0.00027     0.00063
56093     0.00061    -0.00002     0.00132
56123     0.00194     0.00043     0.00139
56154     0.00289     0.00090     0.00085
56185     0.00326     0.00128     0.00005
56215     0.00274     0.00102    -0.00024
56246     0.00223     0.00066    -0.00074
56276     0.00087     0.00024    -0.00075
56307    -0.00002    -0.00013    -0.00081
56338    -0.00012    -0.00046    -0.00103
56366    -0.00004    -0.00064    -0.00099
56397     0.00036    -0.00092    -0.00075
56427     0.00094    -0.00080    -0.00009
56458     0.00111    -0.00032     0.00072
56488     0.00198     0.00039     0.00104
56519     0.00253     0.00091     0.00092
56550     0.00238     0.00113     0.00079
56580     0.00176     0.00109     0.00061
56611     0.00125     0.00058     0.00057
56641     0.00078     0.00012     0.00047
56672     0.00073    -0.00041     0.00033
56703     0.00033    -0.00075     0.00042
56731    -0.00020    -0.00117     0.00074
56762    -0.00000    -0.00124     0.00111
56792     0.00048    -0.00122     0.00136
56823     0.00086    -0.00081     0.00183
56853     0.00162    -0.00020     0.00195
56884     0.00249     0.00028     0.00149
56915     0.00237     0.00061     0.00087
56945     0.00176     0.00053     0.00041
56976     0.00109     0.00018     0.00012
57006    -0.00041    -0.00017     0.00026
57037    -0.00097    -0.00020    -0.00002
57068    -0.00142    -0.00051    -0.00022
57096    -0.00131    -0.00076    -0.00034
57127    -0.00080    -0.00090    -0.00025
57157    -0.00055    -0.00078     0.00039
57188    -0.00003    -0.00041     0.00110
57218     0.00085    -0.00008     0.00148
57249     0.00170     0.00039     0.00112
57280     0.00178     0.00073     0.00065
57310     0.00129     0.00090     0.00017
57341     0.00043     0.00093    -0.00042
57371    -0.00048     0.00092    -0.00090
57402    -0.00153     0.00051    -0.00097
57433    -0.00195     0.00006    -0.00094
57462    -0.00216    -0.00050    -0.00088
57493    -0.00161    -0.00082    -0.00076
57523    -0.00086    -0.00066    -0.00045
57554     0.00018    -0.00028     0.00013
