# Hydrology loading displacements computed from the monthly GLDAS NOAH model
# This is a product of the Hydrology loading service: http://lacerta.gsfc.nasa.gov/hydlo/
# Displacements are with respect to the center of mass of the total earth
#
# Created for VieVS on 17.03.2017 at 11:46:08 local time
# OFFSET + TREND REMOVED!!! - Hana 
# mjd up (meters) eastwest (meters) northsouth (meters)
43888    -0.00235    -0.00021    -0.00028
43919    -0.00319    -0.00022    -0.00094
43947    -0.00345    -0.00015    -0.00080
43978    -0.00299    -0.00026    -0.00043
44008    -0.00166    -0.00040     0.00066
44039     0.00009    -0.00043     0.00156
44069     0.00202     0.00003     0.00168
44100     0.00294     0.00036     0.00132
44131     0.00315     0.00032     0.00112
44161     0.00285     0.00029     0.00098
44192     0.00170    -0.00006     0.00065
44222     0.00116    -0.00065     0.00019
44253    -0.00120    -0.00070     0.00016
44284    -0.00279    -0.00032    -0.00018
44313    -0.00336    -0.00008    -0.00055
44344    -0.00228    -0.00035    -0.00014
44374    -0.00090    -0.00026     0.00074
44405     0.00065    -0.00004     0.00152
44435     0.00251     0.00025     0.00150
44466     0.00355     0.00045     0.00117
44497     0.00329     0.00054     0.00089
44527     0.00269     0.00042     0.00079
44558     0.00222     0.00005     0.00032
44588     0.00130    -0.00028    -0.00000
44619     0.00118    -0.00056    -0.00030
44650    -0.00009    -0.00057    -0.00038
44678    -0.00051    -0.00071    -0.00072
44709    -0.00042    -0.00076    -0.00043
44739     0.00043    -0.00090     0.00029
44770     0.00122    -0.00052     0.00152
44800     0.00261     0.00002     0.00149
44831     0.00358     0.00041     0.00111
44862     0.00365     0.00052     0.00086
44892     0.00272     0.00069     0.00050
44923     0.00121     0.00072     0.00036
44953    -0.00059     0.00040     0.00018
44984    -0.00241     0.00006    -0.00035
45015    -0.00290     0.00003    -0.00095
45043    -0.00304     0.00005    -0.00104
45074    -0.00355    -0.00008    -0.00029
45104    -0.00169    -0.00042     0.00038
45135    -0.00035    -0.00053     0.00170
45165     0.00098    -0.00050     0.00250
45196     0.00230    -0.00006     0.00184
45227     0.00244     0.00026     0.00144
45257     0.00169     0.00017     0.00108
45288     0.00020     0.00036     0.00036
45318    -0.00254     0.00050    -0.00018
45349    -0.00371     0.00041    -0.00065
45380    -0.00569     0.00048    -0.00105
45408    -0.00657     0.00087    -0.00098
45439    -0.00545     0.00065    -0.00028
45469    -0.00412     0.00082     0.00056
45500    -0.00172     0.00068     0.00157
45530     0.00030     0.00108     0.00200
45561     0.00188     0.00143     0.00157
45592     0.00221     0.00178     0.00115
45622     0.00138     0.00200     0.00074
45653    -0.00054     0.00185     0.00076
45683    -0.00339     0.00160     0.00050
45714    -0.00371     0.00139    -0.00021
45745    -0.00348     0.00107    -0.00043
45774    -0.00310     0.00077    -0.00037
45805    -0.00221     0.00003     0.00013
45835    -0.00105    -0.00006     0.00107
45866     0.00009     0.00017     0.00181
45896     0.00146     0.00075     0.00207
45927     0.00240     0.00119     0.00183
45958     0.00266     0.00120     0.00156
45988     0.00190     0.00107     0.00118
46019    -0.00003     0.00075     0.00107
46049    -0.00191     0.00059     0.00066
46080    -0.00264    -0.00011     0.00011
46111    -0.00261    -0.00052    -0.00062
46139    -0.00267    -0.00034    -0.00082
46170    -0.00182    -0.00064    -0.00026
46200    -0.00053    -0.00067     0.00027
46231     0.00078    -0.00037     0.00128
46261     0.00243    -0.00025     0.00141
46292     0.00309     0.00001     0.00111
46323     0.00293     0.00041     0.00093
46353     0.00197     0.00068     0.00073
46384     0.00074     0.00058     0.00039
46414    -0.00098     0.00027    -0.00001
46445    -0.00092    -0.00020    -0.00074
46476    -0.00219    -0.00031    -0.00101
46504    -0.00302    -0.00047    -0.00108
46535    -0.00213    -0.00062    -0.00063
46565    -0.00108    -0.00068     0.00041
46596     0.00031    -0.00079     0.00164
46626     0.00187    -0.00010     0.00189
46657     0.00307     0.00029     0.00160
46688     0.00292     0.00023     0.00143
46718     0.00211     0.00007     0.00122
46749     0.00173    -0.00014     0.00057
46779     0.00088    -0.00044    -0.00004
46810     0.00007    -0.00062    -0.00049
46841    -0.00080    -0.00058    -0.00080
46869    -0.00166    -0.00047    -0.00107
46900    -0.00095    -0.00081    -0.00065
46930     0.00024    -0.00079     0.00024
46961     0.00131    -0.00068     0.00090
46991     0.00231    -0.00025     0.00161
47022     0.00296     0.00011     0.00145
47053     0.00325     0.00030     0.00094
47083     0.00326     0.00024     0.00047
47114     0.00235     0.00032     0.00015
47144     0.00094    -0.00008    -0.00006
47175    -0.00039    -0.00032    -0.00057
47206    -0.00039    -0.00071    -0.00109
47235     0.00026    -0.00104    -0.00145
47266     0.00078    -0.00102    -0.00086
47296     0.00140    -0.00075    -0.00022
47327     0.00254    -0.00065     0.00090
47357     0.00362    -0.00030     0.00105
47388     0.00434     0.00009     0.00045
47419     0.00430     0.00041    -0.00009
47449     0.00379     0.00038    -0.00017
47480     0.00270     0.00001    -0.00031
47510     0.00156    -0.00038    -0.00067
47541     0.00048    -0.00062    -0.00119
47572     0.00019    -0.00080    -0.00169
47600    -0.00019    -0.00064    -0.00173
47631     0.00059    -0.00063    -0.00130
47661     0.00150    -0.00067    -0.00044
47692     0.00216    -0.00033     0.00084
47722     0.00348    -0.00010     0.00130
47753     0.00426     0.00001     0.00118
47784     0.00387     0.00024     0.00093
47814     0.00338     0.00025     0.00044
47845     0.00269     0.00002     0.00004
47875     0.00243    -0.00084    -0.00069
47906     0.00166    -0.00128    -0.00127
47937     0.00073    -0.00135    -0.00179
47965     0.00039    -0.00109    -0.00185
47996     0.00117    -0.00101    -0.00129
48026     0.00164    -0.00096    -0.00030
48057     0.00206    -0.00041     0.00076
48087     0.00328    -0.00006     0.00101
48118     0.00384     0.00025     0.00100
48149     0.00389     0.00030     0.00075
48179     0.00323     0.00044     0.00022
48210     0.00247     0.00025    -0.00038
48240     0.00172    -0.00018    -0.00110
48271     0.00124    -0.00036    -0.00174
48302     0.00130    -0.00037    -0.00208
48330    -0.00028    -0.00047    -0.00233
48361    -0.00046    -0.00073    -0.00176
48391     0.00003    -0.00094    -0.00078
48422     0.00130    -0.00066     0.00033
48452     0.00243    -0.00031     0.00100
48483     0.00347     0.00007     0.00079
48514     0.00319     0.00037     0.00073
48544     0.00274     0.00035     0.00038
48575     0.00161     0.00041     0.00001
48605     0.00059     0.00034    -0.00057
48636    -0.00076     0.00014    -0.00113
48667    -0.00193     0.00001    -0.00140
48696    -0.00273     0.00003    -0.00136
48727    -0.00201    -0.00038    -0.00103
48757    -0.00060    -0.00039    -0.00010
48788     0.00049    -0.00028     0.00098
48818     0.00143     0.00007     0.00141
48849     0.00236     0.00041     0.00108
48880     0.00244     0.00041     0.00079
48910     0.00231     0.00048     0.00034
48941     0.00127     0.00018    -0.00029
48971     0.00022    -0.00013    -0.00043
49002    -0.00209     0.00011    -0.00070
49033    -0.00316     0.00030    -0.00123
49061    -0.00370     0.00024    -0.00148
49092    -0.00340    -0.00001    -0.00110
49122    -0.00197    -0.00004    -0.00052
49153    -0.00095     0.00013     0.00052
49183     0.00024     0.00050     0.00074
49214     0.00140     0.00079     0.00042
49245     0.00163     0.00088    -0.00001
49275     0.00144     0.00078    -0.00029
49306     0.00087     0.00048    -0.00065
49336    -0.00004     0.00017    -0.00099
49367    -0.00050    -0.00054    -0.00151
49398    -0.00123    -0.00073    -0.00185
49426    -0.00151    -0.00054    -0.00191
49457    -0.00122    -0.00068    -0.00143
49487    -0.00077    -0.00071    -0.00063
49518     0.00024    -0.00068     0.00018
49548     0.00144    -0.00024     0.00013
49579     0.00253    -0.00006    -0.00023
49610     0.00262     0.00007    -0.00067
49640     0.00197    -0.00016    -0.00088
49671     0.00077    -0.00048    -0.00134
49701    -0.00042    -0.00048    -0.00197
49732    -0.00224    -0.00018    -0.00243
49763    -0.00293     0.00005    -0.00292
49791    -0.00367     0.00014    -0.00300
49822    -0.00354    -0.00016    -0.00226
49852    -0.00299    -0.00024    -0.00121
49883    -0.00198    -0.00002    -0.00026
49913    -0.00029     0.00034    -0.00004
49944     0.00107     0.00063    -0.00065
49975     0.00145     0.00083    -0.00107
50005     0.00122     0.00067    -0.00132
50036     0.00061     0.00037    -0.00170
50066    -0.00065    -0.00022    -0.00178
50097    -0.00189    -0.00055    -0.00230
50128    -0.00355    -0.00049    -0.00275
50157    -0.00432    -0.00027    -0.00303
50188    -0.00419    -0.00031    -0.00252
50218    -0.00364    -0.00051    -0.00089
50249    -0.00251    -0.00069     0.00073
50279    -0.00201    -0.00077     0.00225
50310    -0.00067    -0.00092     0.00305
50341    -0.00089    -0.00106     0.00328
50371    -0.00072    -0.00114     0.00286
50402    -0.00244    -0.00096     0.00239
50432    -0.00337    -0.00087     0.00153
50463    -0.00432    -0.00078     0.00059
50494    -0.00459    -0.00066    -0.00052
50522    -0.00408    -0.00085    -0.00142
50553    -0.00329    -0.00105    -0.00148
50583    -0.00247    -0.00101    -0.00116
50614    -0.00159    -0.00079    -0.00027
50644    -0.00035    -0.00023    -0.00000
50675     0.00060     0.00035    -0.00011
50706     0.00053     0.00071    -0.00059
50736    -0.00014     0.00068    -0.00144
50767    -0.00126     0.00051    -0.00239
50797    -0.00274     0.00031    -0.00316
50828    -0.00470     0.00043    -0.00351
50859    -0.00684     0.00082    -0.00351
50887    -0.00670     0.00080    -0.00375
50918    -0.00634     0.00076    -0.00320
50948    -0.00548     0.00084    -0.00195
50979    -0.00445     0.00099    -0.00070
51009    -0.00238     0.00140    -0.00080
51040    -0.00035     0.00145    -0.00122
51071     0.00043     0.00148    -0.00173
51101    -0.00019     0.00146    -0.00220
51132    -0.00156     0.00128    -0.00233
51162    -0.00296     0.00091    -0.00236
51193    -0.00352     0.00045    -0.00263
51224    -0.00511     0.00041    -0.00259
51252    -0.00482     0.00022    -0.00252
51283    -0.00457     0.00015    -0.00185
51313    -0.00345     0.00014    -0.00102
51344    -0.00213     0.00048    -0.00013
51374    -0.00078     0.00061     0.00022
51405     0.00059     0.00075    -0.00016
51436     0.00092     0.00077    -0.00039
51466     0.00098     0.00070    -0.00075
51497     0.00058     0.00049    -0.00088
51527     0.00001    -0.00002    -0.00098
51558    -0.00017    -0.00114    -0.00109
51589    -0.00206    -0.00132    -0.00107
51618    -0.00318    -0.00101    -0.00106
51649    -0.00210    -0.00129    -0.00107
51679    -0.00104    -0.00088    -0.00080
51710    -0.00008    -0.00032    -0.00021
51740     0.00098    -0.00001     0.00032
51771     0.00201     0.00031     0.00025
51802     0.00211     0.00027     0.00015
51832     0.00163     0.00030    -0.00034
51863     0.00037     0.00013    -0.00055
51893     0.00038    -0.00039    -0.00080
51924    -0.00057    -0.00055    -0.00097
51955    -0.00184    -0.00012    -0.00109
51983    -0.00284    -0.00008    -0.00112
52014    -0.00206    -0.00034    -0.00089
52044    -0.00081    -0.00023    -0.00013
52075     0.00043     0.00001     0.00048
52105     0.00145     0.00045     0.00099
52136     0.00223     0.00096     0.00097
52167     0.00220     0.00106     0.00083
52197     0.00208     0.00109     0.00041
52228     0.00155     0.00090    -0.00004
52258    -0.00019     0.00047    -0.00002
52289    -0.00119    -0.00006    -0.00020
52320    -0.00125    -0.00026    -0.00040
52348    -0.00114    -0.00031    -0.00053
52379    -0.00068    -0.00072    -0.00025
52409    -0.00013    -0.00053     0.00048
52440     0.00064    -0.00024     0.00149
52470     0.00165     0.00032     0.00182
52501     0.00239     0.00067     0.00168
52532     0.00242     0.00082     0.00132
52562     0.00194     0.00071     0.00062
52593     0.00111     0.00031     0.00007
52623     0.00014    -0.00001    -0.00005
52654    -0.00094    -0.00047    -0.00002
52685    -0.00118    -0.00075    -0.00013
52713    -0.00133    -0.00086    -0.00001
52744    -0.00095    -0.00112     0.00032
52774    -0.00078    -0.00090     0.00104
52805     0.00022    -0.00072     0.00172
52835     0.00154    -0.00008     0.00180
52866     0.00253     0.00035     0.00147
52897     0.00268     0.00067     0.00092
52927     0.00234     0.00072     0.00052
52958     0.00149     0.00042     0.00011
52988     0.00062     0.00009    -0.00005
53019    -0.00024    -0.00042    -0.00009
53050    -0.00059    -0.00080    -0.00014
53079    -0.00105    -0.00086    -0.00018
53110     0.00001    -0.00122    -0.00025
53140     0.00064    -0.00109     0.00026
53171     0.00102    -0.00052     0.00093
53201     0.00185    -0.00006     0.00128
53232     0.00261     0.00038     0.00100
53263     0.00241     0.00078     0.00060
53293     0.00159     0.00079     0.00027
53324     0.00011     0.00052     0.00006
53354    -0.00045    -0.00002    -0.00033
53385    -0.00251    -0.00002    -0.00038
53416    -0.00336    -0.00030    -0.00047
53444    -0.00394    -0.00054    -0.00055
53475    -0.00351    -0.00061    -0.00016
53505    -0.00261    -0.00061     0.00027
53536    -0.00134    -0.00040     0.00114
53566     0.00035     0.00023     0.00146
53597     0.00138     0.00087     0.00120
53628     0.00167     0.00120     0.00090
53658     0.00116     0.00121     0.00073
53689     0.00061     0.00104     0.00061
53719    -0.00041     0.00016     0.00076
53750    -0.00226    -0.00027     0.00106
53781    -0.00220    -0.00062     0.00078
53809    -0.00250    -0.00087     0.00064
53840    -0.00272    -0.00088     0.00090
53870    -0.00165    -0.00065     0.00118
53901    -0.00029    -0.00018     0.00168
53931     0.00119     0.00052     0.00200
53962     0.00213     0.00078     0.00167
53993     0.00218     0.00098     0.00114
54023     0.00162     0.00072     0.00098
54054     0.00111     0.00001     0.00058
54084     0.00048    -0.00043     0.00040
54115    -0.00008    -0.00067     0.00032
54146    -0.00031    -0.00081     0.00001
54174    -0.00050    -0.00091     0.00009
54205    -0.00026    -0.00110     0.00048
54235     0.00030    -0.00099     0.00083
54266     0.00113    -0.00043     0.00131
54296     0.00215     0.00030     0.00127
54327     0.00300     0.00052     0.00086
54358     0.00303     0.00073     0.00027
54388     0.00228     0.00073     0.00020
54419     0.00204     0.00018    -0.00001
54449     0.00104    -0.00035    -0.00014
54480    -0.00048    -0.00078    -0.00004
54511    -0.00175    -0.00083     0.00001
54540    -0.00187    -0.00115    -0.00003
54571    -0.00117    -0.00125    -0.00005
54601    -0.00034    -0.00108     0.00055
54632     0.00048    -0.00058     0.00109
54662     0.00168    -0.00006     0.00114
54693     0.00258     0.00033     0.00067
54724     0.00244     0.00058     0.00012
54754     0.00202     0.00059    -0.00024
54785     0.00129     0.00064    -0.00053
54815     0.00058     0.00004    -0.00061
54846    -0.00013    -0.00035    -0.00065
54877    -0.00064    -0.00062    -0.00085
54905    -0.00153    -0.00074    -0.00079
54936    -0.00111    -0.00094    -0.00062
54966    -0.00056    -0.00073    -0.00003
54997     0.00033    -0.00036     0.00080
55027     0.00154     0.00012     0.00099
55058     0.00237     0.00044     0.00072
55089     0.00259     0.00062     0.00037
55119     0.00172     0.00073     0.00012
55150     0.00107     0.00005    -0.00030
55180     0.00023    -0.00047    -0.00051
55211    -0.00105    -0.00064    -0.00071
55242    -0.00292    -0.00030    -0.00067
55270    -0.00307    -0.00040    -0.00073
55301    -0.00257    -0.00052    -0.00037
55331    -0.00182    -0.00042     0.00009
55362    -0.00077    -0.00012     0.00072
55392     0.00077     0.00039     0.00100
55423     0.00214     0.00083     0.00060
55454     0.00239     0.00128    -0.00009
55484     0.00194     0.00147    -0.00050
55515     0.00096     0.00109    -0.00067
55545    -0.00070     0.00078    -0.00086
55576    -0.00236     0.00045    -0.00079
55607    -0.00261     0.00015    -0.00086
55635    -0.00355     0.00002    -0.00063
55666    -0.00359    -0.00010    -0.00015
55696    -0.00259    -0.00010     0.00042
55727    -0.00152     0.00046     0.00117
55757     0.00004     0.00101     0.00137
55788     0.00132     0.00138     0.00106
55819     0.00184     0.00157     0.00049
55849     0.00166     0.00120     0.00016
55880     0.00132     0.00071    -0.00005
55910     0.00070     0.00035    -0.00018
55941     0.00024    -0.00010    -0.00035
55972    -0.00054    -0.00026    -0.00025
56001    -0.00080    -0.00016    -0.00001
56032    -0.00134    -0.00024     0.00040
56062    -0.00050    -0.00027     0.00065
56093     0.00059    -0.00002     0.00134
56123     0.00193     0.00042     0.00140
56154     0.00289     0.00089     0.00086
56185     0.00326     0.00127     0.00006
56215     0.00274     0.00101    -0.00023
56246     0.00223     0.00065    -0.00073
56276     0.00086     0.00024    -0.00075
56307    -0.00004    -0.00013    -0.00081
56338    -0.00013    -0.00046    -0.00103
56366    -0.00005    -0.00064    -0.00098
56397     0.00034    -0.00092    -0.00073
56427     0.00093    -0.00081    -0.00007
56458     0.00110    -0.00033     0.00074
56488     0.00198     0.00038     0.00106
56519     0.00254     0.00090     0.00093
56550     0.00239     0.00112     0.00080
56580     0.00176     0.00108     0.00062
56611     0.00125     0.00058     0.00058
56641     0.00078     0.00012     0.00048
56672     0.00072    -0.00041     0.00034
56703     0.00031    -0.00076     0.00043
56731    -0.00021    -0.00117     0.00075
56762    -0.00002    -0.00124     0.00112
56792     0.00047    -0.00123     0.00137
56823     0.00086    -0.00082     0.00184
56853     0.00162    -0.00021     0.00196
56884     0.00250     0.00027     0.00150
56915     0.00238     0.00060     0.00087
56945     0.00176     0.00052     0.00042
56976     0.00109     0.00017     0.00013
57006    -0.00042    -0.00017     0.00026
57037    -0.00098    -0.00020    -0.00002
57068    -0.00143    -0.00051    -0.00021
57096    -0.00133    -0.00076    -0.00033
57127    -0.00081    -0.00091    -0.00023
57157    -0.00055    -0.00078     0.00040
57188    -0.00003    -0.00042     0.00111
57218     0.00086    -0.00009     0.00149
57249     0.00171     0.00038     0.00113
57280     0.00179     0.00072     0.00066
57310     0.00130     0.00089     0.00018
57341     0.00043     0.00092    -0.00042
57371    -0.00048     0.00091    -0.00090
57402    -0.00154     0.00051    -0.00097
57433    -0.00196     0.00007    -0.00094
57462    -0.00217    -0.00049    -0.00088
57493    -0.00162    -0.00082    -0.00076
57523    -0.00088    -0.00067    -0.00044
57554     0.00017    -0.00029     0.00014
