# Hydrology loading displacements computed from the monthly GLDAS NOAH model
# This is a product of the Hydrology loading service: http://lacerta.gsfc.nasa.gov/hydlo/
# Displacements are with respect to the center of mass of the total earth
#
# Created for VieVS on 17.03.2017 at 11:46:08 local time
# OFFSET + TREND REMOVED!!! - Hana 
# mjd up (meters) eastwest (meters) northsouth (meters)
43888    -0.00417    -0.00135    -0.00007
43919    -0.00451    -0.00194    -0.00055
43947    -0.00458    -0.00168    -0.00055
43978    -0.00339    -0.00112    -0.00024
44008    -0.00187    -0.00040     0.00062
44039    -0.00071     0.00011     0.00144
44069     0.00277     0.00062     0.00129
44100     0.00340     0.00060     0.00091
44131     0.00170     0.00046     0.00075
44161    -0.00012     0.00050     0.00081
44192    -0.00084     0.00007     0.00052
44222    -0.00105    -0.00052     0.00029
44253    -0.00180    -0.00094     0.00009
44284    -0.00180    -0.00108    -0.00028
44313    -0.00236    -0.00120    -0.00048
44344    -0.00289    -0.00094     0.00008
44374    -0.00104    -0.00012     0.00078
44405     0.00116     0.00048     0.00140
44435     0.00358     0.00078     0.00134
44466     0.00500     0.00069     0.00109
44497     0.00545     0.00074     0.00083
44527     0.00449     0.00097     0.00074
44558     0.00266     0.00066     0.00038
44588     0.00135     0.00012     0.00016
44619     0.00155    -0.00024     0.00005
44650     0.00000    -0.00071    -0.00005
44678    -0.00077    -0.00105    -0.00021
44709    -0.00059    -0.00088     0.00008
44739    -0.00003    -0.00041     0.00079
44770     0.00023     0.00027     0.00167
44800     0.00246     0.00067     0.00148
44831     0.00444     0.00069     0.00093
44862     0.00447     0.00067     0.00074
44892     0.00394     0.00092     0.00041
44923     0.00231     0.00071     0.00011
44953     0.00067     0.00034    -0.00016
44984    -0.00224    -0.00049    -0.00066
45015    -0.00407    -0.00104    -0.00097
45043    -0.00383    -0.00110    -0.00105
45074    -0.00300    -0.00066    -0.00031
45104    -0.00105    -0.00027     0.00039
45135    -0.00045     0.00017     0.00165
45165     0.00203     0.00057     0.00229
45196     0.00359     0.00056     0.00144
45227     0.00420     0.00076     0.00104
45257     0.00340     0.00052     0.00070
45288     0.00175     0.00019    -0.00008
45318    -0.00112    -0.00054    -0.00069
45349    -0.00227    -0.00069    -0.00103
45380    -0.00406    -0.00103    -0.00121
45408    -0.00457    -0.00070    -0.00122
45439    -0.00530    -0.00034    -0.00051
45469    -0.00329     0.00032     0.00024
45500    -0.00130     0.00085     0.00133
45530     0.00253     0.00151     0.00140
45561     0.00633     0.00176     0.00084
45592     0.00764     0.00208     0.00025
45622     0.00603     0.00210    -0.00004
45653     0.00283     0.00168    -0.00010
45683    -0.00249     0.00061    -0.00025
45714    -0.00374    -0.00010    -0.00074
45745    -0.00431    -0.00028    -0.00082
45774    -0.00502    -0.00037    -0.00064
45805    -0.00466    -0.00049     0.00011
45835    -0.00276     0.00008     0.00093
45866    -0.00012     0.00099     0.00149
45896     0.00153     0.00165     0.00164
45927     0.00214     0.00160     0.00116
45958     0.00340     0.00173     0.00098
45988     0.00251     0.00153     0.00065
46019     0.00032     0.00099     0.00060
46049    -0.00192     0.00034     0.00033
46080    -0.00340    -0.00048     0.00021
46111    -0.00460    -0.00131    -0.00036
46139    -0.00382    -0.00105    -0.00048
46170    -0.00222    -0.00079     0.00021
46200    -0.00063    -0.00019     0.00065
46231     0.00084     0.00058     0.00149
46261     0.00328     0.00081     0.00162
46292     0.00382     0.00070     0.00098
46323     0.00439     0.00102     0.00062
46353     0.00290     0.00127     0.00040
46384    -0.00070     0.00038     0.00004
46414    -0.00298    -0.00045    -0.00012
46445    -0.00262    -0.00084    -0.00050
46476    -0.00435    -0.00117    -0.00067
46504    -0.00409    -0.00133    -0.00063
46535    -0.00198    -0.00083    -0.00015
46565     0.00015     0.00004     0.00071
46596     0.00176     0.00069     0.00190
46626     0.00452     0.00137     0.00191
46657     0.00548     0.00156     0.00147
46688     0.00547     0.00149     0.00128
46718     0.00434     0.00113     0.00128
46749     0.00229     0.00059     0.00079
46779    -0.00109    -0.00001     0.00047
46810    -0.00294    -0.00052     0.00007
46841    -0.00353    -0.00077    -0.00033
46869    -0.00338    -0.00091    -0.00075
46900    -0.00330    -0.00079    -0.00027
46930    -0.00119     0.00008     0.00039
46961     0.00114     0.00049     0.00091
46991     0.00323     0.00119     0.00139
47022     0.00573     0.00146     0.00106
47053     0.00541     0.00136     0.00070
47083     0.00511     0.00141     0.00051
47114     0.00407     0.00142     0.00026
47144     0.00169     0.00080     0.00015
47175    -0.00066     0.00004    -0.00034
47206    -0.00244    -0.00051    -0.00052
47235    -0.00220    -0.00095    -0.00059
47266    -0.00110    -0.00063    -0.00018
47296     0.00021    -0.00001     0.00028
47327     0.00330     0.00088     0.00103
47357     0.00622     0.00135     0.00085
47388     0.00664     0.00117     0.00024
47419     0.00615     0.00101    -0.00031
47449     0.00512     0.00106    -0.00038
47480     0.00270     0.00080    -0.00031
47510     0.00116     0.00025    -0.00053
47541    -0.00063    -0.00051    -0.00085
47572    -0.00158    -0.00091    -0.00114
47600    -0.00276    -0.00095    -0.00142
47631    -0.00229    -0.00078    -0.00109
47661    -0.00178    -0.00046    -0.00018
47692    -0.00102     0.00023     0.00097
47722     0.00084     0.00039     0.00116
47753     0.00264     0.00047     0.00095
47784     0.00275     0.00045     0.00053
47814     0.00129     0.00036     0.00009
47845     0.00000     0.00031    -0.00010
47875    -0.00082    -0.00056    -0.00042
47906    -0.00229    -0.00123    -0.00072
47937    -0.00373    -0.00167    -0.00101
47965    -0.00305    -0.00131    -0.00131
47996    -0.00242    -0.00092    -0.00078
48026    -0.00167    -0.00054     0.00015
48057    -0.00031     0.00021     0.00080
48087     0.00287     0.00075     0.00102
48118     0.00344     0.00101     0.00099
48149     0.00394     0.00107     0.00085
48179     0.00235     0.00091     0.00051
48210     0.00041     0.00063    -0.00006
48240    -0.00153     0.00005    -0.00054
48271    -0.00366    -0.00064    -0.00109
48302    -0.00308    -0.00089    -0.00153
48330    -0.00358    -0.00122    -0.00175
48361    -0.00309    -0.00112    -0.00121
48391    -0.00164    -0.00068    -0.00038
48422     0.00177     0.00003     0.00034
48452     0.00423     0.00069     0.00052
48483     0.00566     0.00098     0.00011
48514     0.00583     0.00141     0.00004
48544     0.00477     0.00160    -0.00001
48575     0.00362     0.00146    -0.00030
48605     0.00077     0.00085    -0.00059
48636    -0.00123     0.00021    -0.00100
48667    -0.00208    -0.00004    -0.00111
48696    -0.00340     0.00002    -0.00105
48727    -0.00328    -0.00003    -0.00053
48757    -0.00154     0.00054     0.00030
48788    -0.00011     0.00107     0.00112
48818     0.00199     0.00144     0.00132
48849     0.00250     0.00131     0.00089
48880     0.00208     0.00113     0.00071
48910     0.00200     0.00115     0.00028
48941     0.00002     0.00061    -0.00014
48971    -0.00182     0.00014    -0.00018
49002    -0.00305    -0.00042    -0.00059
49033    -0.00322    -0.00083    -0.00105
49061    -0.00492    -0.00115    -0.00119
49092    -0.00458    -0.00102    -0.00085
49122    -0.00240    -0.00046    -0.00036
49153    -0.00017     0.00022     0.00047
49183     0.00227     0.00066     0.00050
49214     0.00436     0.00099     0.00007
49245     0.00447     0.00102    -0.00029
49275     0.00345     0.00106    -0.00031
49306     0.00165     0.00084    -0.00056
49336    -0.00126     0.00019    -0.00062
49367    -0.00368    -0.00068    -0.00083
49398    -0.00531    -0.00142    -0.00107
49426    -0.00589    -0.00149    -0.00123
49457    -0.00467    -0.00115    -0.00082
49487    -0.00304    -0.00069    -0.00014
49518    -0.00097    -0.00015     0.00051
49548    -0.00033    -0.00003     0.00024
49579    -0.00007    -0.00031    -0.00015
49610     0.00062    -0.00033    -0.00058
49640     0.00024    -0.00033    -0.00071
49671    -0.00103    -0.00078    -0.00106
49701    -0.00289    -0.00118    -0.00158
49732    -0.00387    -0.00146    -0.00205
49763    -0.00411    -0.00166    -0.00260
49791    -0.00427    -0.00176    -0.00267
49822    -0.00311    -0.00146    -0.00188
49852    -0.00273    -0.00112    -0.00097
49883    -0.00138    -0.00053    -0.00038
49913     0.00062    -0.00007    -0.00045
49944     0.00225    -0.00013    -0.00108
49975     0.00357     0.00010    -0.00161
50005     0.00155     0.00006    -0.00164
50036    -0.00105    -0.00012    -0.00170
50066    -0.00218    -0.00068    -0.00160
50097    -0.00336    -0.00144    -0.00206
50128    -0.00414    -0.00190    -0.00255
50157    -0.00399    -0.00204    -0.00279
50188    -0.00311    -0.00182    -0.00231
50218    -0.00213    -0.00102    -0.00076
50249    -0.00009    -0.00035     0.00078
50279     0.00247     0.00060     0.00206
50310     0.00408     0.00117     0.00281
50341     0.00494     0.00126     0.00294
50371     0.00477     0.00117     0.00259
50402     0.00345     0.00076     0.00213
50432     0.00152     0.00021     0.00137
50463    -0.00055    -0.00055     0.00063
50494    -0.00258    -0.00128    -0.00029
50522    -0.00414    -0.00204    -0.00090
50553    -0.00368    -0.00253    -0.00096
50583    -0.00313    -0.00248    -0.00065
50614    -0.00200    -0.00178    -0.00000
50644    -0.00002    -0.00091    -0.00013
50675     0.00151    -0.00025    -0.00045
50706     0.00132    -0.00015    -0.00093
50736    -0.00009    -0.00072    -0.00165
50767    -0.00263    -0.00161    -0.00236
50797    -0.00387    -0.00252    -0.00291
50828    -0.00492    -0.00291    -0.00329
50859    -0.00605    -0.00280    -0.00354
50887    -0.00612    -0.00255    -0.00366
50918    -0.00523    -0.00208    -0.00323
50948    -0.00410    -0.00123    -0.00232
50979    -0.00225    -0.00043    -0.00137
51009    -0.00058    -0.00015    -0.00147
51040     0.00196    -0.00020    -0.00192
51071     0.00313    -0.00010    -0.00239
51101     0.00197    -0.00017    -0.00270
51132     0.00120    -0.00018    -0.00286
51162    -0.00049    -0.00056    -0.00291
51193    -0.00344    -0.00119    -0.00295
51224    -0.00455    -0.00152    -0.00279
51252    -0.00443    -0.00157    -0.00255
51283    -0.00348    -0.00124    -0.00182
51313    -0.00182    -0.00060    -0.00111
51344     0.00073     0.00044    -0.00044
51374     0.00242     0.00071    -0.00019
51405     0.00428     0.00069    -0.00056
51436     0.00276     0.00066    -0.00072
51466     0.00077     0.00038    -0.00086
51497     0.00069     0.00023    -0.00094
51527    -0.00032    -0.00021    -0.00083
51558    -0.00138    -0.00128    -0.00044
51589    -0.00224    -0.00182    -0.00038
51618    -0.00238    -0.00204    -0.00040
51649    -0.00281    -0.00221    -0.00030
51679    -0.00101    -0.00155    -0.00027
51710    -0.00018    -0.00066    -0.00011
51740    -0.00015    -0.00016     0.00010
51771    -0.00007     0.00013     0.00003
51802     0.00036     0.00009    -0.00027
51832     0.00105     0.00006    -0.00060
51863     0.00110    -0.00025    -0.00058
51893    -0.00028    -0.00098    -0.00051
51924    -0.00171    -0.00111    -0.00054
51955    -0.00283    -0.00100    -0.00077
51983    -0.00353    -0.00113    -0.00079
52014    -0.00312    -0.00110    -0.00048
52044    -0.00016    -0.00014     0.00005
52075     0.00055     0.00048     0.00045
52105     0.00339     0.00132     0.00060
52136     0.00531     0.00161     0.00007
52167     0.00590     0.00178    -0.00011
52197     0.00566     0.00172    -0.00026
52228     0.00563     0.00138    -0.00049
52258     0.00351     0.00073    -0.00036
52289     0.00211     0.00009    -0.00040
52320     0.00119    -0.00014    -0.00048
52348     0.00039    -0.00014    -0.00048
52379    -0.00042    -0.00011    -0.00000
52409    -0.00028     0.00054     0.00076
52440     0.00147     0.00155     0.00167
52470     0.00442     0.00221     0.00147
52501     0.00671     0.00233     0.00100
52532     0.00692     0.00223     0.00045
52562     0.00452     0.00164     0.00008
52593     0.00126     0.00080    -0.00020
52623    -0.00058     0.00032    -0.00007
52654    -0.00191    -0.00035     0.00014
52685    -0.00273    -0.00073     0.00014
52713    -0.00400    -0.00090     0.00032
52744    -0.00363    -0.00088     0.00066
52774    -0.00295    -0.00031     0.00109
52805    -0.00307     0.00028     0.00170
52835    -0.00051     0.00075     0.00143
52866     0.00056     0.00086     0.00096
52897     0.00094     0.00080     0.00042
52927     0.00045     0.00087     0.00026
52958    -0.00160     0.00056     0.00014
52988    -0.00321     0.00004     0.00012
53019    -0.00343    -0.00046     0.00029
53050    -0.00391    -0.00093     0.00039
53079    -0.00374    -0.00102     0.00048
53110    -0.00352    -0.00110     0.00069
53140    -0.00237    -0.00042     0.00102
53171    -0.00116     0.00027     0.00128
53201     0.00040     0.00076     0.00128
53232     0.00096     0.00093     0.00086
53263     0.00091     0.00104     0.00032
53293     0.00013     0.00091     0.00007
53324    -0.00145     0.00030    -0.00001
53354    -0.00318    -0.00068     0.00001
53385    -0.00410    -0.00116     0.00008
53416    -0.00458    -0.00130     0.00005
53444    -0.00506    -0.00141     0.00013
53475    -0.00489    -0.00110     0.00038
53505    -0.00266    -0.00056     0.00058
53536    -0.00064     0.00027     0.00102
53566     0.00131     0.00099     0.00093
53597     0.00332     0.00137     0.00032
53628     0.00478     0.00162     0.00003
53658     0.00342     0.00183     0.00008
53689     0.00221     0.00179     0.00014
53719    -0.00033     0.00110     0.00056
53750    -0.00218     0.00048     0.00091
53781    -0.00334    -0.00008     0.00096
53809    -0.00273    -0.00051     0.00098
53840    -0.00178    -0.00058     0.00120
53870    -0.00076     0.00006     0.00134
53901     0.00109     0.00104     0.00153
53931     0.00203     0.00169     0.00168
53962     0.00471     0.00178     0.00123
53993     0.00400     0.00168     0.00065
54023     0.00248     0.00152     0.00077
54054    -0.00003     0.00080     0.00073
54084    -0.00092     0.00020     0.00063
54115    -0.00262    -0.00035     0.00065
54146    -0.00242    -0.00072     0.00048
54174    -0.00307    -0.00068     0.00065
54205    -0.00318    -0.00048     0.00116
54235    -0.00114    -0.00001     0.00132
54266     0.00211     0.00096     0.00138
54296     0.00492     0.00151     0.00098
54327     0.00710     0.00148     0.00057
54358     0.00777     0.00142    -0.00003
54388     0.00724     0.00145    -0.00015
54419     0.00520     0.00079    -0.00007
54449     0.00273     0.00004     0.00020
54480     0.00043    -0.00069     0.00039
54511    -0.00145    -0.00108     0.00053
54540    -0.00310    -0.00129     0.00069
54571    -0.00302    -0.00123     0.00065
54601    -0.00245    -0.00059     0.00107
54632    -0.00005     0.00026     0.00142
54662     0.00261     0.00080     0.00132
54693     0.00521     0.00100     0.00064
54724     0.00507     0.00094    -0.00023
54754     0.00488     0.00105    -0.00051
54785     0.00381     0.00094    -0.00079
54815     0.00089     0.00033    -0.00056
54846    -0.00131    -0.00035    -0.00040
54877    -0.00164    -0.00096    -0.00041
54905    -0.00228    -0.00117    -0.00048
54936    -0.00293    -0.00109    -0.00027
54966    -0.00253    -0.00060     0.00016
54997    -0.00115     0.00021     0.00071
55027     0.00188     0.00081     0.00075
55058     0.00291     0.00086     0.00055
55089     0.00424     0.00094     0.00010
55119     0.00261     0.00070    -0.00015
55150     0.00015    -0.00014    -0.00033
55180    -0.00191    -0.00089    -0.00035
55211    -0.00274    -0.00158    -0.00046
55242    -0.00414    -0.00173    -0.00062
55270    -0.00366    -0.00188    -0.00057
55301    -0.00250    -0.00143    -0.00027
55331    -0.00141    -0.00098     0.00003
55362     0.00014    -0.00029     0.00033
55392     0.00301     0.00046     0.00043
55423     0.00510     0.00069    -0.00009
55454     0.00662     0.00094    -0.00084
55484     0.00489     0.00123    -0.00109
55515     0.00367     0.00095    -0.00111
55545     0.00103     0.00014    -0.00104
55576    -0.00015    -0.00042    -0.00091
55607    -0.00137    -0.00075    -0.00085
55635    -0.00337    -0.00116    -0.00055
55666    -0.00393    -0.00100    -0.00010
55696    -0.00344    -0.00054     0.00050
55727    -0.00030     0.00048     0.00091
55757     0.00268     0.00129     0.00078
55788     0.00512     0.00169     0.00042
55819     0.00445     0.00170     0.00000
55849     0.00337     0.00112    -0.00001
55880     0.00201     0.00053     0.00001
55910    -0.00065    -0.00013     0.00002
55941    -0.00160    -0.00065    -0.00007
55972    -0.00204    -0.00082    -0.00008
56001    -0.00225    -0.00066    -0.00008
56032    -0.00132    -0.00037     0.00007
56062    -0.00088     0.00004     0.00036
56093     0.00181     0.00089     0.00088
56123     0.00537     0.00142     0.00066
56154     0.00688     0.00141     0.00002
56185     0.00717     0.00124    -0.00083
56215     0.00582     0.00107    -0.00080
56246     0.00360     0.00053    -0.00086
56276     0.00240     0.00002    -0.00079
56307    -0.00021    -0.00060    -0.00076
56338    -0.00192    -0.00106    -0.00077
56366    -0.00266    -0.00112    -0.00066
56397    -0.00232    -0.00125    -0.00031
56427    -0.00116    -0.00069     0.00018
56458    -0.00055     0.00022     0.00066
56488     0.00115     0.00074     0.00055
56519     0.00291     0.00102     0.00025
56550     0.00433     0.00131     0.00009
56580     0.00314     0.00124     0.00005
56611     0.00196     0.00092     0.00034
56641    -0.00075     0.00026     0.00049
56672    -0.00295    -0.00047     0.00070
56703    -0.00430    -0.00088     0.00102
56731    -0.00450    -0.00106     0.00146
56762    -0.00428    -0.00086     0.00180
56792    -0.00346    -0.00058     0.00203
56823    -0.00126     0.00017     0.00225
56853     0.00162     0.00088     0.00206
56884     0.00351     0.00093     0.00135
56915     0.00426     0.00083     0.00064
56945     0.00345     0.00062     0.00031
56976     0.00204     0.00039     0.00027
57006    -0.00051     0.00003     0.00046
57037    -0.00235    -0.00034     0.00014
57068    -0.00378    -0.00057     0.00012
57096    -0.00494    -0.00085     0.00009
57127    -0.00453    -0.00089     0.00030
57157    -0.00247    -0.00028     0.00076
57188    -0.00150     0.00037     0.00140
57218    -0.00047     0.00061     0.00174
57249     0.00286     0.00094     0.00106
57280     0.00463     0.00120     0.00039
57310     0.00315     0.00108    -0.00026
57341     0.00137     0.00057    -0.00084
57371    -0.00081    -0.00004    -0.00128
57402    -0.00299    -0.00077    -0.00115
57433    -0.00450    -0.00109    -0.00090
57462    -0.00473    -0.00125    -0.00053
57493    -0.00368    -0.00123    -0.00027
57523    -0.00318    -0.00099    -0.00016
57554    -0.00088    -0.00025     0.00011
