# Hydrology loading displacements computed from the monthly GLDAS NOAH model
# This is a product of the Hydrology loading service: http://lacerta.gsfc.nasa.gov/hydlo/
# Displacements are with respect to the center of mass of the total earth
#
# Created for VieVS on 17.03.2017 at 11:46:08 local time
# OFFSET + TREND REMOVED!!! - Hana 
# mjd up (meters) eastwest (meters) northsouth (meters)
43888     0.00087     0.00041    -0.00094
43919     0.00021     0.00075    -0.00158
43947     0.00017     0.00051    -0.00160
43978     0.00002     0.00008    -0.00140
44008     0.00041    -0.00036    -0.00045
44039     0.00185    -0.00061     0.00061
44069     0.00034    -0.00031     0.00184
44100     0.00037     0.00004     0.00228
44131     0.00003    -0.00005     0.00217
44161    -0.00067    -0.00016     0.00191
44192    -0.00010    -0.00007     0.00101
44222     0.00043     0.00020     0.00014
44253     0.00052     0.00024    -0.00058
44284     0.00051     0.00035    -0.00096
44313     0.00016     0.00048    -0.00120
44344    -0.00029     0.00016    -0.00088
44374     0.00032    -0.00019     0.00008
44405     0.00026    -0.00038     0.00117
44435    -0.00033     0.00004     0.00217
44466    -0.00049     0.00039     0.00250
44497    -0.00058     0.00033     0.00228
44527    -0.00058    -0.00002     0.00180
44558    -0.00025    -0.00003     0.00097
44588    -0.00006     0.00012     0.00024
44619     0.00027     0.00044    -0.00008
44650     0.00050     0.00060    -0.00044
44678     0.00016     0.00075    -0.00094
44709     0.00007     0.00057    -0.00089
44739     0.00077     0.00022    -0.00037
44770     0.00148    -0.00047     0.00080
44800    -0.00004    -0.00023     0.00190
44831     0.00031     0.00029     0.00245
44862    -0.00038     0.00037     0.00242
44892    -0.00112     0.00012     0.00184
44923    -0.00095    -0.00003     0.00118
44953    -0.00028    -0.00008     0.00018
44984     0.00014     0.00010    -0.00097
45015    -0.00004     0.00035    -0.00151
45043    -0.00043     0.00040    -0.00160
45074     0.00001     0.00008    -0.00132
45104     0.00093    -0.00007    -0.00057
45135     0.00167    -0.00060     0.00052
45165     0.00199    -0.00070     0.00155
45196     0.00048    -0.00012     0.00208
45227    -0.00023     0.00002     0.00213
45257     0.00052     0.00010     0.00147
45288    -0.00004     0.00027     0.00065
45318    -0.00035     0.00021    -0.00048
45349    -0.00038     0.00017    -0.00129
45380    -0.00048     0.00020    -0.00200
45408    -0.00102    -0.00010    -0.00202
45439    -0.00069    -0.00062    -0.00157
45469    -0.00016    -0.00090    -0.00051
45500     0.00072    -0.00101     0.00079
45530    -0.00071    -0.00086     0.00226
45561    -0.00052    -0.00011     0.00293
45592    -0.00138    -0.00005     0.00303
45622    -0.00202    -0.00028     0.00251
45653    -0.00110    -0.00056     0.00166
45683    -0.00061    -0.00052     0.00032
45714    -0.00065    -0.00014    -0.00036
45745    -0.00114    -0.00015    -0.00066
45774    -0.00137    -0.00019    -0.00073
45805    -0.00006    -0.00041    -0.00090
45835     0.00075    -0.00082    -0.00011
45866     0.00071    -0.00118     0.00087
45896    -0.00045    -0.00110     0.00217
45927     0.00043    -0.00078     0.00275
45958     0.00013    -0.00072     0.00270
45988     0.00046    -0.00073     0.00200
46019     0.00061    -0.00085     0.00103
46049     0.00009    -0.00077     0.00009
46080     0.00030    -0.00063    -0.00094
46111    -0.00009    -0.00008    -0.00165
46139    -0.00109    -0.00012    -0.00175
46170    -0.00037    -0.00015    -0.00135
46200     0.00053    -0.00040    -0.00066
46231     0.00052    -0.00076     0.00053
46261     0.00012    -0.00035     0.00152
46292     0.00163    -0.00007     0.00173
46323     0.00084    -0.00013     0.00184
46353    -0.00056    -0.00037     0.00157
46384    -0.00053    -0.00050     0.00076
46414    -0.00040    -0.00030    -0.00024
46445    -0.00006     0.00018    -0.00102
46476     0.00011     0.00027    -0.00166
46504    -0.00007     0.00032    -0.00201
46535    -0.00016     0.00015    -0.00160
46565     0.00047    -0.00036    -0.00074
46596     0.00147    -0.00085     0.00035
46626    -0.00007    -0.00070     0.00169
46657     0.00109    -0.00013     0.00230
46688     0.00139    -0.00013     0.00205
46718     0.00187    -0.00020     0.00141
46749     0.00144    -0.00007     0.00068
46779     0.00105    -0.00005    -0.00026
46810     0.00047     0.00004    -0.00092
46841     0.00053     0.00011    -0.00142
46869    -0.00003     0.00009    -0.00181
46900     0.00063    -0.00015    -0.00165
46930     0.00090    -0.00054    -0.00073
46961     0.00141    -0.00061     0.00014
46991     0.00118    -0.00084     0.00132
47022     0.00069    -0.00053     0.00192
47053     0.00035    -0.00017     0.00193
47083    -0.00006    -0.00001     0.00157
47114    -0.00062    -0.00019     0.00105
47144    -0.00005    -0.00023     0.00011
47175     0.00022    -0.00006    -0.00082
47206     0.00027     0.00022    -0.00145
47235     0.00002     0.00055    -0.00169
47266     0.00010     0.00035    -0.00118
47296     0.00003     0.00018    -0.00037
47327     0.00009    -0.00012     0.00087
47357    -0.00018     0.00012     0.00177
47388    -0.00018     0.00069     0.00202
47419    -0.00120     0.00078     0.00193
47449    -0.00091     0.00058     0.00155
47480     0.00000     0.00037     0.00071
47510     0.00024     0.00034    -0.00021
47541    -0.00005     0.00048    -0.00112
47572    -0.00068     0.00061    -0.00170
47600    -0.00085     0.00055    -0.00181
47631    -0.00029     0.00054    -0.00129
47661    -0.00023     0.00029    -0.00046
47692     0.00025    -0.00029     0.00078
47722    -0.00005    -0.00012     0.00191
47753     0.00056     0.00026     0.00231
47784    -0.00097     0.00023     0.00223
47814    -0.00020     0.00036     0.00169
47845    -0.00024     0.00017     0.00090
47875     0.00049     0.00054    -0.00025
47906     0.00050     0.00074    -0.00122
47937    -0.00034     0.00087    -0.00196
47965    -0.00054     0.00061    -0.00208
47996    -0.00029     0.00039    -0.00144
48026     0.00034     0.00002    -0.00063
48057     0.00062    -0.00045     0.00052
48087     0.00005    -0.00036     0.00157
48118     0.00098    -0.00015     0.00210
48149    -0.00011    -0.00010     0.00207
48179    -0.00130    -0.00017     0.00154
48210    -0.00125    -0.00023     0.00062
48240    -0.00108    -0.00012    -0.00047
48271    -0.00101     0.00009    -0.00115
48302    -0.00120     0.00043    -0.00132
48330    -0.00143     0.00060    -0.00198
48361    -0.00099     0.00035    -0.00187
48391     0.00032    -0.00004    -0.00135
48422     0.00031    -0.00026     0.00001
48452    -0.00045    -0.00036     0.00129
48483    -0.00022     0.00007     0.00195
48514    -0.00061    -0.00000     0.00197
48544    -0.00141    -0.00015     0.00153
48575    -0.00076    -0.00032     0.00078
48605    -0.00091    -0.00037    -0.00011
48636    -0.00090    -0.00036    -0.00106
48667    -0.00059    -0.00042    -0.00171
48696    -0.00104    -0.00074    -0.00201
48727    -0.00091    -0.00081    -0.00192
48757    -0.00025    -0.00100    -0.00087
48788     0.00066    -0.00125     0.00025
48818     0.00008    -0.00112     0.00119
48849     0.00007    -0.00068     0.00170
48880     0.00071    -0.00058     0.00152
48910    -0.00038    -0.00044     0.00119
48941    -0.00039    -0.00038     0.00016
48971    -0.00013    -0.00042    -0.00050
49002    -0.00020    -0.00023    -0.00111
49033    -0.00032     0.00018    -0.00153
49061    -0.00032     0.00021    -0.00194
49092     0.00051    -0.00002    -0.00191
49122     0.00027    -0.00019    -0.00114
49153     0.00077    -0.00045    -0.00003
49183    -0.00080    -0.00051     0.00085
49214    -0.00112    -0.00020     0.00135
49245    -0.00143     0.00002     0.00124
49275    -0.00098    -0.00003     0.00080
49306    -0.00086    -0.00022     0.00005
49336    -0.00097    -0.00023    -0.00072
49367    -0.00028     0.00004    -0.00175
49398    -0.00046     0.00026    -0.00228
49426    -0.00043     0.00028    -0.00232
49457    -0.00006    -0.00002    -0.00210
49487     0.00043    -0.00030    -0.00149
49518     0.00096    -0.00049    -0.00066
49548     0.00064    -0.00026     0.00016
49579     0.00087     0.00024     0.00062
49610    -0.00035     0.00047     0.00058
49640    -0.00092     0.00027     0.00005
49671    -0.00028     0.00030    -0.00095
49701    -0.00074     0.00032    -0.00183
49732    -0.00136     0.00043    -0.00241
49763    -0.00146     0.00068    -0.00276
49791    -0.00124     0.00081    -0.00298
49822    -0.00105     0.00051    -0.00271
49852    -0.00101     0.00003    -0.00200
49883    -0.00043    -0.00034    -0.00095
49913    -0.00165    -0.00021     0.00021
49944    -0.00070     0.00038     0.00056
49975    -0.00089     0.00066     0.00060
50005    -0.00093     0.00051     0.00007
50036    -0.00111     0.00030    -0.00073
50066    -0.00050     0.00028    -0.00158
50097    -0.00030     0.00061    -0.00249
50128    -0.00031     0.00089    -0.00318
50157    -0.00044     0.00115    -0.00336
50188     0.00004     0.00111    -0.00294
50218     0.00131     0.00047    -0.00188
50249     0.00309     0.00018    -0.00052
50279     0.00391    -0.00022     0.00074
50310     0.00530    -0.00035     0.00157
50341     0.00543    -0.00032     0.00174
50371     0.00535    -0.00018     0.00142
50402     0.00508     0.00003     0.00070
50432     0.00435     0.00035    -0.00012
50463     0.00377     0.00072    -0.00102
50494     0.00306     0.00104    -0.00189
50522     0.00234     0.00128    -0.00266
50553     0.00200     0.00150    -0.00263
50583     0.00153     0.00128    -0.00219
50614     0.00147     0.00066    -0.00126
50644     0.00040     0.00043    -0.00030
50675     0.00040     0.00042     0.00043
50706    -0.00079     0.00039     0.00039
50736    -0.00068     0.00063    -0.00049
50767    -0.00145     0.00099    -0.00156
50797    -0.00110     0.00139    -0.00261
50828    -0.00142     0.00153    -0.00330
50859    -0.00138     0.00133    -0.00371
50887    -0.00150     0.00109    -0.00407
50918    -0.00191     0.00070    -0.00368
50948    -0.00165     0.00002    -0.00260
50979    -0.00158    -0.00049    -0.00140
51009    -0.00161    -0.00017    -0.00038
51040    -0.00238     0.00045     0.00035
51071    -0.00263     0.00082     0.00037
51101    -0.00313     0.00064    -0.00033
51132    -0.00196     0.00029    -0.00114
51162    -0.00159     0.00019    -0.00191
51193    -0.00125     0.00022    -0.00264
51224    -0.00090     0.00027    -0.00303
51252    -0.00108     0.00037    -0.00299
51283    -0.00100     0.00013    -0.00247
51313    -0.00032    -0.00027    -0.00175
51344    -0.00073    -0.00076    -0.00061
51374    -0.00091    -0.00061     0.00029
51405    -0.00065     0.00001     0.00072
51436    -0.00142     0.00012     0.00078
51466    -0.00072     0.00023     0.00041
51497    -0.00119     0.00024     0.00005
51527    -0.00012     0.00024    -0.00061
51558     0.00073     0.00063    -0.00141
51589     0.00054     0.00088    -0.00180
51618     0.00022     0.00102    -0.00184
51649     0.00059     0.00108    -0.00191
51679     0.00048     0.00102    -0.00117
51710     0.00020     0.00050    -0.00034
51740     0.00009     0.00022     0.00054
51771    -0.00037     0.00027     0.00116
51802    -0.00039     0.00024     0.00109
51832    -0.00061     0.00030     0.00063
51863    -0.00078     0.00024     0.00001
51893     0.00021     0.00055    -0.00052
51924    -0.00053     0.00042    -0.00103
51955    -0.00095     0.00037    -0.00119
51983    -0.00087     0.00033    -0.00147
52014     0.00052     0.00032    -0.00143
52044     0.00087    -0.00012    -0.00064
52075     0.00052    -0.00038     0.00022
52105     0.00041    -0.00047     0.00131
52136    -0.00002    -0.00023     0.00202
52167    -0.00083    -0.00016     0.00203
52197    -0.00113    -0.00006     0.00169
52228    -0.00079     0.00015     0.00110
52258    -0.00030     0.00008     0.00027
52289    -0.00040     0.00029    -0.00037
52320    -0.00013     0.00028    -0.00077
52348     0.00017     0.00013    -0.00106
52379     0.00043    -0.00019    -0.00113
52409     0.00061    -0.00078    -0.00051
52440     0.00173    -0.00121     0.00053
52470    -0.00007    -0.00111     0.00170
52501     0.00038    -0.00070     0.00223
52532     0.00045    -0.00036     0.00211
52562    -0.00066    -0.00019     0.00145
52593    -0.00046    -0.00008     0.00057
52623    -0.00032    -0.00007    -0.00006
52654    -0.00027     0.00017    -0.00060
52685    -0.00031     0.00031    -0.00093
52713    -0.00026     0.00026    -0.00098
52744     0.00042     0.00002    -0.00092
52774     0.00121    -0.00066    -0.00052
52805     0.00145    -0.00103     0.00029
52835     0.00017    -0.00080     0.00145
52866    -0.00055    -0.00031     0.00209
52897    -0.00057    -0.00008     0.00202
52927    -0.00036    -0.00015     0.00160
52958    -0.00085    -0.00023     0.00080
52988    -0.00084    -0.00022     0.00020
53019     0.00011    -0.00006    -0.00041
53050     0.00028     0.00017    -0.00073
53079     0.00049     0.00017    -0.00096
53110     0.00091     0.00028    -0.00105
53140     0.00034    -0.00026    -0.00058
53171     0.00035    -0.00063     0.00029
53201     0.00049    -0.00065     0.00122
53232     0.00019    -0.00024     0.00170
53263    -0.00110    -0.00020     0.00169
53293    -0.00161    -0.00015     0.00127
53324    -0.00063    -0.00024     0.00039
53354     0.00009     0.00013    -0.00038
53385     0.00017     0.00027    -0.00091
53416    -0.00021     0.00019    -0.00137
53444    -0.00009     0.00022    -0.00173
53475     0.00056    -0.00006    -0.00154
53505     0.00132    -0.00032    -0.00115
53536     0.00213    -0.00066    -0.00015
53566     0.00004    -0.00064     0.00122
53597    -0.00044    -0.00035     0.00194
53628    -0.00100    -0.00021     0.00203
53658    -0.00065    -0.00040     0.00163
53689    -0.00056    -0.00059     0.00116
53719    -0.00046    -0.00078     0.00038
53750    -0.00018    -0.00069    -0.00022
53781     0.00028    -0.00046    -0.00071
53809     0.00065    -0.00026    -0.00113
53840     0.00095    -0.00024    -0.00100
53870     0.00092    -0.00051    -0.00038
53901     0.00085    -0.00077     0.00067
53931    -0.00053    -0.00081     0.00207
53962     0.00022    -0.00027     0.00245
53993    -0.00055    -0.00010     0.00230
54023    -0.00005    -0.00022     0.00174
54054     0.00057    -0.00014     0.00079
54084     0.00045    -0.00014     0.00011
54115     0.00067    -0.00011    -0.00035
54146     0.00113     0.00009    -0.00073
54174     0.00097    -0.00016    -0.00092
54205     0.00165    -0.00039    -0.00082
54235     0.00197    -0.00049    -0.00035
54266     0.00147    -0.00062     0.00067
54296    -0.00020    -0.00034     0.00168
54327     0.00057     0.00025     0.00201
54358    -0.00045     0.00055     0.00184
54388    -0.00041     0.00042     0.00150
54419     0.00021     0.00066     0.00092
54449     0.00066     0.00068     0.00013
54480     0.00089     0.00069    -0.00060
54511     0.00113     0.00055    -0.00110
54540     0.00120     0.00032    -0.00155
54571     0.00096     0.00015    -0.00153
54601     0.00142    -0.00024    -0.00083
54632     0.00084    -0.00051     0.00014
54662     0.00057    -0.00032     0.00113
54693     0.00041     0.00017     0.00158
54724    -0.00074     0.00030     0.00139
54754    -0.00072     0.00026     0.00094
54785    -0.00076     0.00027     0.00048
54815    -0.00042     0.00019    -0.00023
54846    -0.00012     0.00021    -0.00078
54877     0.00019     0.00057    -0.00121
54905     0.00006     0.00049    -0.00162
54936     0.00085     0.00024    -0.00165
54966     0.00102    -0.00010    -0.00101
54997     0.00133    -0.00050     0.00007
55027    -0.00066    -0.00046     0.00119
55058    -0.00081    -0.00003     0.00164
55089     0.00021     0.00026     0.00168
55119    -0.00043     0.00018     0.00123
55150    -0.00043     0.00036     0.00026
55180     0.00003     0.00049    -0.00050
55211     0.00010     0.00081    -0.00100
55242     0.00012     0.00066    -0.00137
55270    -0.00008     0.00074    -0.00161
55301     0.00009     0.00047    -0.00138
55331     0.00047     0.00015    -0.00088
55362     0.00041    -0.00016    -0.00002
55392    -0.00053    -0.00013     0.00120
55423     0.00013     0.00041     0.00191
55454    -0.00048     0.00071     0.00187
55484    -0.00179     0.00064     0.00151
55515    -0.00133     0.00054     0.00075
55545    -0.00116     0.00055    -0.00012
55576    -0.00089     0.00049    -0.00077
55607    -0.00056     0.00053    -0.00117
55635     0.00003     0.00038    -0.00155
55666     0.00102     0.00002    -0.00149
55696     0.00025    -0.00034    -0.00085
55727    -0.00006    -0.00057     0.00035
55757    -0.00029    -0.00057     0.00149
55788    -0.00032    -0.00010     0.00218
55819    -0.00171     0.00021     0.00221
55849    -0.00091     0.00043     0.00165
55880    -0.00064     0.00043     0.00102
55910    -0.00030     0.00028     0.00041
55941    -0.00000     0.00035    -0.00015
55972    -0.00033     0.00032    -0.00043
56001    -0.00027     0.00011    -0.00046
56032     0.00027    -0.00016    -0.00050
56062     0.00092    -0.00037    -0.00019
56093     0.00103    -0.00060     0.00081
56123    -0.00047    -0.00036     0.00190
56154    -0.00010     0.00019     0.00238
56185    -0.00095     0.00068     0.00236
56215    -0.00133     0.00059     0.00179
56246    -0.00158     0.00071     0.00101
56276    -0.00143     0.00071     0.00028
56307    -0.00112     0.00067    -0.00036
56338    -0.00090     0.00065    -0.00085
56366    -0.00024     0.00047    -0.00107
56397     0.00038     0.00046    -0.00103
56427     0.00118     0.00005    -0.00040
56458     0.00128    -0.00054     0.00040
56488    -0.00033    -0.00064     0.00164
56519    -0.00022    -0.00029     0.00236
56550    -0.00053    -0.00027     0.00239
56580    -0.00044    -0.00029     0.00194
56611    -0.00028    -0.00048     0.00127
56641     0.00025    -0.00051     0.00069
56672     0.00090    -0.00033     0.00020
56703     0.00125    -0.00026    -0.00012
56731     0.00153    -0.00035    -0.00037
56762     0.00197    -0.00056    -0.00020
56792     0.00187    -0.00073     0.00006
56823     0.00193    -0.00097     0.00079
56853     0.00084    -0.00090     0.00167
56884    -0.00027    -0.00032     0.00217
56915    -0.00023    -0.00001     0.00194
56945    -0.00048     0.00011     0.00139
56976    -0.00007    -0.00006     0.00063
57006    -0.00049    -0.00024     0.00005
57037    -0.00054    -0.00014    -0.00040
57068     0.00002    -0.00028    -0.00103
57096     0.00013    -0.00045    -0.00138
57127     0.00022    -0.00051    -0.00127
57157     0.00121    -0.00091    -0.00077
57188     0.00102    -0.00122     0.00012
57218     0.00014    -0.00113     0.00101
57249     0.00030    -0.00061     0.00153
57280    -0.00126    -0.00031     0.00163
57310    -0.00053    -0.00027     0.00120
57341    -0.00101    -0.00021     0.00046
57371    -0.00148    -0.00010    -0.00022
57402    -0.00055     0.00005    -0.00089
57433    -0.00061    -0.00000    -0.00139
57462     0.00009    -0.00007    -0.00187
57493     0.00023    -0.00008    -0.00190
57523     0.00037    -0.00020    -0.00133
57554     0.00047    -0.00045    -0.00035
