# Hydrology loading displacements computed from the monthly GLDAS NOAH model
# This is a product of the Hydrology loading service: http://lacerta.gsfc.nasa.gov/hydlo/
# Displacements are with respect to the center of mass of the total earth
#
# Created for VieVS on 17.03.2017 at 11:46:08 local time
# OFFSET + TREND REMOVED!!! - Hana 
# mjd up (meters) eastwest (meters) northsouth (meters)
43888     0.00087     0.00041    -0.00093
43919     0.00020     0.00076    -0.00158
43947     0.00016     0.00052    -0.00160
43978     0.00002     0.00008    -0.00141
44008     0.00042    -0.00035    -0.00046
44039     0.00184    -0.00062     0.00062
44069     0.00033    -0.00032     0.00183
44100     0.00039     0.00002     0.00228
44131     0.00003    -0.00006     0.00217
44161    -0.00066    -0.00016     0.00189
44192    -0.00010    -0.00007     0.00100
44222     0.00043     0.00021     0.00014
44253     0.00051     0.00026    -0.00059
44284     0.00050     0.00036    -0.00096
44313     0.00016     0.00049    -0.00121
44344    -0.00028     0.00017    -0.00090
44374     0.00032    -0.00020     0.00007
44405     0.00026    -0.00038     0.00116
44435    -0.00034     0.00003     0.00215
44466    -0.00051     0.00039     0.00249
44497    -0.00060     0.00031     0.00227
44527    -0.00058    -0.00002     0.00178
44558    -0.00025    -0.00004     0.00097
44588    -0.00007     0.00012     0.00024
44619     0.00027     0.00046    -0.00008
44650     0.00049     0.00063    -0.00044
44678     0.00016     0.00077    -0.00095
44709     0.00007     0.00058    -0.00090
44739     0.00078     0.00022    -0.00038
44770     0.00147    -0.00048     0.00079
44800    -0.00004    -0.00024     0.00189
44831     0.00033     0.00026     0.00245
44862    -0.00034     0.00037     0.00241
44892    -0.00111     0.00012     0.00182
44923    -0.00095    -0.00004     0.00117
44953    -0.00030    -0.00008     0.00019
44984     0.00012     0.00010    -0.00096
45015    -0.00006     0.00036    -0.00150
45043    -0.00044     0.00041    -0.00160
45074     0.00000     0.00010    -0.00132
45104     0.00093    -0.00007    -0.00056
45135     0.00167    -0.00059     0.00052
45165     0.00198    -0.00069     0.00154
45196     0.00048    -0.00012     0.00206
45227    -0.00021     0.00002     0.00211
45257     0.00053     0.00009     0.00147
45288    -0.00003     0.00027     0.00065
45318    -0.00036     0.00022    -0.00049
45349    -0.00039     0.00019    -0.00129
45380    -0.00049     0.00021    -0.00200
45408    -0.00100    -0.00008    -0.00204
45439    -0.00068    -0.00061    -0.00158
45469    -0.00016    -0.00090    -0.00051
45500     0.00072    -0.00102     0.00079
45530    -0.00070    -0.00085     0.00224
45561    -0.00049    -0.00013     0.00293
45592    -0.00139    -0.00006     0.00302
45622    -0.00202    -0.00029     0.00249
45653    -0.00110    -0.00057     0.00166
45683    -0.00062    -0.00052     0.00033
45714    -0.00067    -0.00012    -0.00035
45745    -0.00115    -0.00011    -0.00066
45774    -0.00132    -0.00016    -0.00075
45805    -0.00003    -0.00041    -0.00091
45835     0.00074    -0.00082    -0.00011
45866     0.00066    -0.00118     0.00086
45896    -0.00046    -0.00109     0.00216
45927     0.00042    -0.00081     0.00276
45958     0.00012    -0.00074     0.00271
45988     0.00046    -0.00077     0.00201
46019     0.00061    -0.00086     0.00105
46049     0.00009    -0.00076     0.00009
46080     0.00030    -0.00061    -0.00094
46111    -0.00009    -0.00005    -0.00166
46139    -0.00107    -0.00011    -0.00178
46170    -0.00037    -0.00014    -0.00137
46200     0.00053    -0.00039    -0.00066
46231     0.00051    -0.00075     0.00052
46261     0.00012    -0.00034     0.00150
46292     0.00161    -0.00010     0.00175
46323     0.00082    -0.00015     0.00186
46353    -0.00056    -0.00037     0.00156
46384    -0.00054    -0.00049     0.00076
46414    -0.00041    -0.00028    -0.00024
46445    -0.00008     0.00020    -0.00102
46476     0.00010     0.00028    -0.00166
46504    -0.00006     0.00033    -0.00201
46535    -0.00016     0.00016    -0.00160
46565     0.00047    -0.00036    -0.00074
46596     0.00146    -0.00085     0.00035
46626    -0.00008    -0.00069     0.00167
46657     0.00110    -0.00017     0.00231
46688     0.00142    -0.00018     0.00207
46718     0.00188    -0.00024     0.00143
46749     0.00145    -0.00009     0.00069
46779     0.00106    -0.00005    -0.00025
46810     0.00047     0.00005    -0.00092
46841     0.00054     0.00011    -0.00141
46869    -0.00002     0.00010    -0.00181
46900     0.00063    -0.00015    -0.00164
46930     0.00092    -0.00054    -0.00073
46961     0.00141    -0.00061     0.00015
46991     0.00116    -0.00086     0.00133
47022     0.00067    -0.00054     0.00193
47053     0.00035    -0.00020     0.00195
47083    -0.00005    -0.00002     0.00158
47114    -0.00064    -0.00020     0.00106
47144    -0.00007    -0.00023     0.00013
47175     0.00020    -0.00006    -0.00081
47206     0.00026     0.00022    -0.00143
47235     0.00002     0.00056    -0.00168
47266     0.00011     0.00036    -0.00118
47296     0.00003     0.00019    -0.00037
47327     0.00007    -0.00011     0.00086
47357    -0.00019     0.00012     0.00176
47388    -0.00017     0.00067     0.00202
47419    -0.00121     0.00077     0.00192
47449    -0.00091     0.00057     0.00154
47480     0.00000     0.00036     0.00072
47510     0.00023     0.00034    -0.00019
47541    -0.00007     0.00049    -0.00111
47572    -0.00070     0.00063    -0.00170
47600    -0.00086     0.00055    -0.00182
47631    -0.00027     0.00054    -0.00129
47661    -0.00021     0.00029    -0.00047
47692     0.00026    -0.00029     0.00077
47722    -0.00005    -0.00012     0.00189
47753     0.00053     0.00023     0.00232
47784    -0.00101     0.00024     0.00221
47814    -0.00020     0.00035     0.00169
47845    -0.00023     0.00016     0.00090
47875     0.00049     0.00053    -0.00023
47906     0.00049     0.00075    -0.00120
47937    -0.00035     0.00089    -0.00197
47965    -0.00055     0.00061    -0.00208
47996    -0.00029     0.00039    -0.00145
48026     0.00033     0.00002    -0.00062
48057     0.00059    -0.00045     0.00053
48087     0.00001    -0.00036     0.00158
48118     0.00096    -0.00017     0.00213
48149    -0.00013    -0.00010     0.00208
48179    -0.00133    -0.00018     0.00153
48210    -0.00126    -0.00024     0.00061
48240    -0.00110    -0.00012    -0.00047
48271    -0.00102     0.00011    -0.00114
48302    -0.00120     0.00044    -0.00132
48330    -0.00142     0.00061    -0.00198
48361    -0.00100     0.00035    -0.00188
48391     0.00031    -0.00004    -0.00134
48422     0.00028    -0.00026     0.00001
48452    -0.00047    -0.00035     0.00128
48483    -0.00022     0.00006     0.00196
48514    -0.00056    -0.00001     0.00196
48544    -0.00138    -0.00015     0.00151
48575    -0.00075    -0.00032     0.00078
48605    -0.00092    -0.00036    -0.00010
48636    -0.00092    -0.00035    -0.00105
48667    -0.00061    -0.00042    -0.00170
48696    -0.00105    -0.00074    -0.00201
48727    -0.00090    -0.00081    -0.00193
48757    -0.00024    -0.00100    -0.00087
48788     0.00067    -0.00126     0.00025
48818     0.00009    -0.00112     0.00119
48849     0.00004    -0.00069     0.00170
48880     0.00067    -0.00060     0.00154
48910    -0.00038    -0.00045     0.00119
48941    -0.00039    -0.00038     0.00016
48971    -0.00013    -0.00041    -0.00050
49002    -0.00021    -0.00022    -0.00111
49033    -0.00031     0.00019    -0.00152
49061    -0.00032     0.00022    -0.00194
49092     0.00050    -0.00002    -0.00189
49122     0.00026    -0.00019    -0.00113
49153     0.00076    -0.00046    -0.00003
49183    -0.00081    -0.00050     0.00083
49214    -0.00115    -0.00021     0.00133
49245    -0.00144     0.00002     0.00122
49275    -0.00098    -0.00004     0.00079
49306    -0.00087    -0.00023     0.00005
49336    -0.00099    -0.00022    -0.00073
49367    -0.00030     0.00005    -0.00174
49398    -0.00049     0.00028    -0.00227
49426    -0.00042     0.00028    -0.00232
49457    -0.00006    -0.00002    -0.00210
49487     0.00044    -0.00031    -0.00148
49518     0.00097    -0.00051    -0.00065
49548     0.00066    -0.00029     0.00018
49579     0.00089     0.00019     0.00065
49610    -0.00032     0.00045     0.00059
49640    -0.00090     0.00026     0.00005
49671    -0.00028     0.00029    -0.00094
49701    -0.00077     0.00032    -0.00181
49732    -0.00139     0.00045    -0.00239
49763    -0.00148     0.00070    -0.00274
49791    -0.00125     0.00082    -0.00297
49822    -0.00104     0.00052    -0.00270
49852    -0.00103     0.00005    -0.00201
49883    -0.00044    -0.00034    -0.00096
49913    -0.00168    -0.00020     0.00019
49944    -0.00071     0.00034     0.00058
49975    -0.00086     0.00062     0.00062
50005    -0.00090     0.00048     0.00009
50036    -0.00109     0.00029    -0.00072
50066    -0.00051     0.00029    -0.00156
50097    -0.00033     0.00062    -0.00247
50128    -0.00035     0.00091    -0.00314
50157    -0.00044     0.00116    -0.00333
50188     0.00007     0.00111    -0.00290
50218     0.00135     0.00047    -0.00184
50249     0.00313     0.00018    -0.00047
50279     0.00396    -0.00021     0.00080
50310     0.00538    -0.00037     0.00164
50341     0.00551    -0.00032     0.00180
50371     0.00543    -0.00018     0.00148
50402     0.00517     0.00002     0.00076
50432     0.00444     0.00035    -0.00006
50463     0.00385     0.00073    -0.00096
50494     0.00315     0.00104    -0.00185
50522     0.00241     0.00128    -0.00263
50553     0.00204     0.00151    -0.00262
50583     0.00154     0.00129    -0.00219
50614     0.00147     0.00067    -0.00126
50644     0.00039     0.00045    -0.00031
50675     0.00037     0.00041     0.00044
50706    -0.00083     0.00039     0.00038
50736    -0.00072     0.00063    -0.00049
50767    -0.00148     0.00100    -0.00157
50797    -0.00115     0.00140    -0.00261
50828    -0.00146     0.00155    -0.00330
50859    -0.00139     0.00134    -0.00371
50887    -0.00151     0.00109    -0.00407
50918    -0.00192     0.00071    -0.00369
50948    -0.00167     0.00003    -0.00260
50979    -0.00161    -0.00049    -0.00141
51009    -0.00163    -0.00018    -0.00038
51040    -0.00237     0.00043     0.00035
51071    -0.00262     0.00081     0.00037
51101    -0.00317     0.00064    -0.00034
51132    -0.00199     0.00028    -0.00113
51162    -0.00162     0.00019    -0.00189
51193    -0.00131     0.00024    -0.00261
51224    -0.00097     0.00030    -0.00300
51252    -0.00113     0.00039    -0.00297
51283    -0.00101     0.00014    -0.00246
51313    -0.00033    -0.00027    -0.00174
51344    -0.00078    -0.00075    -0.00061
51374    -0.00090    -0.00061     0.00028
51405    -0.00065    -0.00001     0.00072
51436    -0.00144     0.00012     0.00077
51466    -0.00074     0.00022     0.00042
51497    -0.00121     0.00024     0.00005
51527    -0.00015     0.00024    -0.00060
51558     0.00071     0.00063    -0.00140
51589     0.00052     0.00089    -0.00180
51618     0.00024     0.00104    -0.00186
51649     0.00063     0.00108    -0.00192
51679     0.00053     0.00101    -0.00117
51710     0.00026     0.00048    -0.00035
51740     0.00016     0.00020     0.00053
51771    -0.00029     0.00024     0.00115
51802    -0.00035     0.00020     0.00107
51832    -0.00058     0.00026     0.00062
51863    -0.00079     0.00023    -0.00001
51893     0.00019     0.00055    -0.00052
51924    -0.00054     0.00044    -0.00104
51955    -0.00089     0.00037    -0.00122
51983    -0.00081     0.00032    -0.00150
52014     0.00054     0.00030    -0.00143
52044     0.00086    -0.00014    -0.00064
52075     0.00051    -0.00040     0.00021
52105     0.00036    -0.00049     0.00131
52136    -0.00007    -0.00026     0.00202
52167    -0.00086    -0.00017     0.00202
52197    -0.00113    -0.00007     0.00168
52228    -0.00080     0.00014     0.00109
52258    -0.00030     0.00007     0.00027
52289    -0.00039     0.00031    -0.00038
52320    -0.00011     0.00029    -0.00079
52348     0.00016     0.00014    -0.00106
52379     0.00041    -0.00018    -0.00113
52409     0.00056    -0.00078    -0.00051
52440     0.00169    -0.00123     0.00054
52470    -0.00007    -0.00113     0.00169
52501     0.00040    -0.00073     0.00223
52532     0.00048    -0.00040     0.00211
52562    -0.00063    -0.00019     0.00144
52593    -0.00045    -0.00007     0.00056
52623    -0.00030    -0.00007    -0.00008
52654    -0.00021     0.00017    -0.00063
52685    -0.00017     0.00031    -0.00098
52713    -0.00007     0.00023    -0.00105
52744     0.00051     0.00002    -0.00096
52774     0.00120    -0.00066    -0.00053
52805     0.00146    -0.00104     0.00028
52835     0.00016    -0.00080     0.00142
52866    -0.00055    -0.00031     0.00207
52897    -0.00057    -0.00010     0.00201
52927    -0.00034    -0.00016     0.00159
52958    -0.00083    -0.00023     0.00079
52988    -0.00085    -0.00021     0.00019
53019     0.00012    -0.00005    -0.00042
53050     0.00034     0.00019    -0.00075
53079     0.00054     0.00018    -0.00099
53110     0.00095     0.00028    -0.00106
53140     0.00034    -0.00024    -0.00060
53171     0.00035    -0.00062     0.00028
53201     0.00049    -0.00065     0.00121
53232     0.00019    -0.00027     0.00169
53263    -0.00110    -0.00020     0.00168
53293    -0.00161    -0.00015     0.00124
53324    -0.00064    -0.00023     0.00038
53354     0.00008     0.00013    -0.00038
53385     0.00018     0.00028    -0.00092
53416    -0.00015     0.00021    -0.00140
53444     0.00003     0.00022    -0.00178
53475     0.00062    -0.00006    -0.00157
53505     0.00132    -0.00032    -0.00115
53536     0.00214    -0.00068    -0.00014
53566     0.00004    -0.00064     0.00121
53597    -0.00042    -0.00035     0.00193
53628    -0.00100    -0.00021     0.00202
53658    -0.00065    -0.00040     0.00163
53689    -0.00058    -0.00060     0.00116
53719    -0.00049    -0.00075     0.00037
53750    -0.00016    -0.00065    -0.00024
53781     0.00033    -0.00044    -0.00074
53809     0.00066    -0.00024    -0.00115
53840     0.00094    -0.00021    -0.00101
53870     0.00090    -0.00049    -0.00039
53901     0.00085    -0.00076     0.00066
53931    -0.00055    -0.00080     0.00205
53962     0.00022    -0.00028     0.00245
53993    -0.00055    -0.00010     0.00229
54023    -0.00003    -0.00022     0.00173
54054     0.00058    -0.00013     0.00079
54084     0.00043    -0.00012     0.00010
54115     0.00068    -0.00009    -0.00036
54146     0.00113     0.00010    -0.00073
54174     0.00097    -0.00015    -0.00091
54205     0.00166    -0.00039    -0.00081
54235     0.00196    -0.00049    -0.00034
54266     0.00146    -0.00061     0.00067
54296    -0.00023    -0.00034     0.00166
54327     0.00053     0.00023     0.00202
54358    -0.00047     0.00055     0.00184
54388    -0.00041     0.00041     0.00150
54419     0.00022     0.00065     0.00092
54449     0.00067     0.00069     0.00014
54480     0.00089     0.00070    -0.00060
54511     0.00112     0.00055    -0.00110
54540     0.00121     0.00033    -0.00156
54571     0.00095     0.00017    -0.00153
54601     0.00141    -0.00024    -0.00083
54632     0.00083    -0.00051     0.00013
54662     0.00058    -0.00033     0.00113
54693     0.00040     0.00014     0.00160
54724    -0.00076     0.00029     0.00139
54754    -0.00075     0.00025     0.00093
54785    -0.00078     0.00026     0.00049
54815    -0.00043     0.00020    -0.00023
54846    -0.00014     0.00023    -0.00078
54877     0.00018     0.00058    -0.00122
54905     0.00006     0.00051    -0.00163
54936     0.00084     0.00024    -0.00164
54966     0.00103    -0.00010    -0.00100
54997     0.00134    -0.00051     0.00009
55027    -0.00069    -0.00045     0.00118
55058    -0.00083    -0.00003     0.00163
55089     0.00019     0.00023     0.00170
55119    -0.00044     0.00017     0.00123
55150    -0.00044     0.00035     0.00026
55180     0.00004     0.00050    -0.00051
55211     0.00013     0.00084    -0.00101
55242     0.00017     0.00067    -0.00139
55270    -0.00008     0.00075    -0.00162
55301     0.00007     0.00048    -0.00139
55331     0.00045     0.00016    -0.00088
55362     0.00039    -0.00016    -0.00003
55392    -0.00054    -0.00013     0.00118
55423     0.00013     0.00039     0.00193
55454    -0.00047     0.00070     0.00189
55484    -0.00177     0.00064     0.00151
55515    -0.00132     0.00054     0.00075
55545    -0.00115     0.00055    -0.00012
55576    -0.00089     0.00050    -0.00078
55607    -0.00052     0.00055    -0.00118
55635     0.00006     0.00037    -0.00156
55666     0.00104     0.00001    -0.00148
55696     0.00025    -0.00033    -0.00085
55727    -0.00008    -0.00056     0.00034
55757    -0.00032    -0.00058     0.00148
55788    -0.00031    -0.00012     0.00218
55819    -0.00173     0.00022     0.00220
55849    -0.00091     0.00042     0.00164
55880    -0.00064     0.00043     0.00101
55910    -0.00032     0.00028     0.00041
55941    -0.00001     0.00036    -0.00016
55972    -0.00028     0.00033    -0.00045
56001    -0.00022     0.00011    -0.00048
56032     0.00029    -0.00015    -0.00051
56062     0.00092    -0.00037    -0.00018
56093     0.00103    -0.00061     0.00082
56123    -0.00048    -0.00036     0.00189
56154    -0.00009     0.00017     0.00240
56185    -0.00094     0.00066     0.00238
56215    -0.00133     0.00059     0.00180
56246    -0.00161     0.00071     0.00101
56276    -0.00146     0.00072     0.00028
56307    -0.00112     0.00067    -0.00036
56338    -0.00087     0.00065    -0.00086
56366    -0.00021     0.00046    -0.00107
56397     0.00041     0.00045    -0.00103
56427     0.00119     0.00005    -0.00037
56458     0.00128    -0.00055     0.00042
56488    -0.00039    -0.00064     0.00165
56519    -0.00027    -0.00031     0.00239
56550    -0.00060    -0.00028     0.00242
56580    -0.00048    -0.00030     0.00196
56611    -0.00031    -0.00049     0.00129
56641     0.00023    -0.00052     0.00070
56672     0.00088    -0.00033     0.00022
56703     0.00124    -0.00027    -0.00011
56731     0.00156    -0.00036    -0.00036
56762     0.00199    -0.00057    -0.00018
56792     0.00187    -0.00072     0.00008
56823     0.00195    -0.00099     0.00080
56853     0.00084    -0.00090     0.00167
56884    -0.00031    -0.00030     0.00217
56915    -0.00024    -0.00001     0.00194
56945    -0.00047     0.00011     0.00139
56976    -0.00008    -0.00006     0.00064
57006    -0.00047    -0.00023     0.00004
57037    -0.00051    -0.00013    -0.00042
57068     0.00004    -0.00027    -0.00104
57096     0.00013    -0.00043    -0.00139
57127     0.00021    -0.00049    -0.00127
57157     0.00119    -0.00090    -0.00075
57188     0.00099    -0.00121     0.00013
57218     0.00011    -0.00112     0.00100
57249     0.00027    -0.00062     0.00153
57280    -0.00127    -0.00030     0.00161
57310    -0.00053    -0.00028     0.00121
57341    -0.00102    -0.00021     0.00046
57371    -0.00150    -0.00009    -0.00022
57402    -0.00058     0.00005    -0.00088
57433    -0.00061     0.00000    -0.00140
57462     0.00010    -0.00006    -0.00187
57493     0.00021    -0.00006    -0.00190
57523     0.00035    -0.00019    -0.00133
57554     0.00041    -0.00045    -0.00034
