# Hydrology loading displacements computed from the monthly GLDAS NOAH model
# This is a product of the Hydrology loading service: http://lacerta.gsfc.nasa.gov/hydlo/
# Displacements are with respect to the center of mass of the total earth
#
# Created for VieVS on 17.03.2017 at 11:46:08 local time
# OFFSET + TREND REMOVED!!! - Hana 
# mjd up (meters) eastwest (meters) northsouth (meters)
43888     0.00063    -0.00044    -0.00084
43919    -0.00054    -0.00047    -0.00148
43947    -0.00110    -0.00048    -0.00125
43978    -0.00089    -0.00067    -0.00069
44008     0.00177    -0.00088     0.00026
44039     0.00451    -0.00064     0.00100
44069     0.00665     0.00026     0.00109
44100     0.00794     0.00079     0.00091
44131     0.00807     0.00078     0.00092
44161     0.00632     0.00070     0.00097
44192     0.00387     0.00016     0.00050
44222     0.00224    -0.00044    -0.00015
44253     0.00100    -0.00088    -0.00057
44284    -0.00053    -0.00088    -0.00087
44313    -0.00123    -0.00070    -0.00114
44344    -0.00017    -0.00094    -0.00060
44374     0.00197    -0.00083     0.00024
44405     0.00470    -0.00028     0.00083
44435     0.00688     0.00045     0.00077
44466     0.00785     0.00102     0.00063
44497     0.00721     0.00112     0.00060
44527     0.00552     0.00085     0.00074
44558     0.00377     0.00044     0.00041
44588     0.00266     0.00017    -0.00010
44619     0.00166     0.00002    -0.00057
44650     0.00043    -0.00022    -0.00093
44678    -0.00025    -0.00043    -0.00126
44709     0.00033    -0.00045    -0.00101
44739     0.00257    -0.00074    -0.00032
44770     0.00513    -0.00044     0.00080
44800     0.00674     0.00036     0.00091
44831     0.00739     0.00089     0.00073
44862     0.00733     0.00102     0.00075
44892     0.00525     0.00112     0.00067
44923     0.00292     0.00102     0.00048
44953     0.00076     0.00053     0.00003
44984    -0.00067    -0.00010    -0.00068
45015    -0.00126    -0.00002    -0.00117
45043    -0.00160    -0.00004    -0.00122
45074    -0.00096    -0.00054    -0.00068
45104     0.00083    -0.00086     0.00001
45135     0.00383    -0.00095     0.00103
45165     0.00677    -0.00072     0.00150
45196     0.00761     0.00009     0.00108
45227     0.00658     0.00038     0.00096
45257     0.00470     0.00018     0.00066
45288     0.00244     0.00025     0.00008
45318     0.00029    -0.00006    -0.00053
45349    -0.00150    -0.00026    -0.00093
45380    -0.00271    -0.00053    -0.00133
45408    -0.00342    -0.00042    -0.00108
45439    -0.00219    -0.00066    -0.00028
45469     0.00006    -0.00045     0.00056
45500     0.00329    -0.00019     0.00129
45530     0.00606     0.00071     0.00159
45561     0.00674     0.00154     0.00124
45592     0.00588     0.00197     0.00118
45622     0.00341     0.00198     0.00118
45653     0.00163     0.00155     0.00107
45683    -0.00002     0.00084     0.00039
45714    -0.00130     0.00069    -0.00034
45745    -0.00291     0.00051    -0.00053
45774    -0.00354     0.00027    -0.00043
45805    -0.00240    -0.00046    -0.00007
45835     0.00030    -0.00056     0.00071
45866     0.00270    -0.00017     0.00133
45896     0.00470     0.00068     0.00174
45927     0.00551     0.00115     0.00182
45958     0.00537     0.00132     0.00173
45988     0.00432     0.00110     0.00150
46019     0.00251     0.00055     0.00119
46049     0.00054     0.00015     0.00063
46080    -0.00157    -0.00068    -0.00005
46111    -0.00278    -0.00088    -0.00092
46139    -0.00442    -0.00074    -0.00094
46170    -0.00411    -0.00092    -0.00058
46200    -0.00096    -0.00098     0.00008
46231     0.00248    -0.00057     0.00096
46261     0.00503    -0.00003     0.00097
46292     0.00662     0.00044     0.00068
46323     0.00517     0.00078     0.00070
46353     0.00290     0.00074     0.00082
46384     0.00128     0.00039     0.00061
46414    -0.00021    -0.00015    -0.00009
46445    -0.00178    -0.00033    -0.00093
46476    -0.00297    -0.00053    -0.00133
46504    -0.00362    -0.00078    -0.00150
46535    -0.00325    -0.00080    -0.00105
46565    -0.00067    -0.00105    -0.00000
46596     0.00270    -0.00111     0.00103
46626     0.00549    -0.00001     0.00123
46657     0.00594     0.00067     0.00104
46688     0.00514     0.00044     0.00102
46718     0.00320     0.00011     0.00088
46749     0.00153    -0.00009     0.00044
46779    -0.00094    -0.00045    -0.00011
46810    -0.00337    -0.00065    -0.00064
46841    -0.00474    -0.00073    -0.00097
46869    -0.00550    -0.00073    -0.00118
46900    -0.00407    -0.00099    -0.00076
46930    -0.00143    -0.00110     0.00021
46961     0.00166    -0.00080     0.00062
46991     0.00466    -0.00024     0.00116
47022     0.00582     0.00033     0.00113
47053     0.00538     0.00074     0.00084
47083     0.00367     0.00084     0.00063
47114     0.00136     0.00080     0.00050
47144    -0.00085     0.00026     0.00008
47175    -0.00281    -0.00017    -0.00051
47206    -0.00425    -0.00040    -0.00110
47235    -0.00508    -0.00052    -0.00151
47266    -0.00449    -0.00048    -0.00102
47296    -0.00172    -0.00040    -0.00038
47327     0.00130    -0.00017     0.00048
47357     0.00421     0.00051     0.00060
47388     0.00515     0.00120     0.00015
47419     0.00409     0.00151     0.00001
47449     0.00189     0.00141     0.00019
47480    -0.00003     0.00095     0.00004
47510    -0.00252     0.00051    -0.00042
47541    -0.00510     0.00018    -0.00110
47572    -0.00643    -0.00005    -0.00145
47600    -0.00746    -0.00004    -0.00136
47631    -0.00599    -0.00005    -0.00099
47661    -0.00274    -0.00042    -0.00017
47692     0.00068    -0.00010     0.00088
47722     0.00378     0.00038     0.00109
47753     0.00508     0.00049     0.00089
47784     0.00441     0.00065     0.00080
47814     0.00199     0.00069     0.00059
47845    -0.00123     0.00050     0.00038
47875    -0.00351    -0.00009    -0.00048
47906    -0.00614    -0.00039    -0.00128
47937    -0.00779    -0.00054    -0.00186
47965    -0.00952    -0.00041    -0.00172
47996    -0.00786    -0.00034    -0.00117
48026    -0.00327    -0.00074    -0.00023
48057     0.00079    -0.00026     0.00073
48087     0.00362     0.00036     0.00096
48118     0.00496     0.00078     0.00103
48149     0.00258     0.00077     0.00094
48179     0.00077     0.00075     0.00086
48210    -0.00142     0.00049     0.00057
48240    -0.00377    -0.00004    -0.00006
48271    -0.00658    -0.00028    -0.00061
48302    -0.00808    -0.00008    -0.00098
48330    -0.00958    -0.00041    -0.00143
48361    -0.00943    -0.00086    -0.00112
48391    -0.00457    -0.00128    -0.00045
48422    -0.00010    -0.00067     0.00028
48452     0.00348    -0.00008     0.00078
48483     0.00444     0.00062     0.00072
48514     0.00347     0.00098     0.00091
48544     0.00131     0.00088     0.00093
48575    -0.00066     0.00077     0.00076
48605    -0.00328     0.00070     0.00021
48636    -0.00560     0.00041    -0.00037
48667    -0.00772     0.00021    -0.00068
48696    -0.00941     0.00013    -0.00057
48727    -0.00887    -0.00011    -0.00033
48757    -0.00550    -0.00029     0.00047
48788    -0.00151    -0.00040     0.00136
48818     0.00155     0.00005     0.00154
48849     0.00303     0.00056     0.00128
48880     0.00237     0.00062     0.00108
48910     0.00031     0.00085     0.00090
48941    -0.00284     0.00050     0.00036
48971    -0.00501    -0.00007     0.00001
49002    -0.00767    -0.00028    -0.00051
49033    -0.00957    -0.00016    -0.00109
49061    -0.01097    -0.00025    -0.00133
49092    -0.00933    -0.00049    -0.00103
49122    -0.00495    -0.00059    -0.00035
49153    -0.00054    -0.00033     0.00046
49183     0.00241     0.00029     0.00073
49214     0.00382     0.00087     0.00052
49245     0.00179     0.00101     0.00038
49275    -0.00086     0.00083     0.00040
49306    -0.00369     0.00045     0.00026
49336    -0.00627     0.00012    -0.00015
49367    -0.00816    -0.00047    -0.00090
49398    -0.00924    -0.00075    -0.00138
49426    -0.01018    -0.00050    -0.00140
49457    -0.00845    -0.00067    -0.00105
49487    -0.00506    -0.00107    -0.00032
49518    -0.00250    -0.00085     0.00034
49548    -0.00075    -0.00004     0.00040
49579     0.00052     0.00035     0.00012
49610    -0.00037     0.00049    -0.00006
49640    -0.00197     0.00022    -0.00011
49671    -0.00471    -0.00019    -0.00056
49701    -0.00753    -0.00029    -0.00115
49732    -0.00915    -0.00031    -0.00160
49763    -0.01045    -0.00009    -0.00202
49791    -0.01123    -0.00011    -0.00212
49822    -0.00898    -0.00056    -0.00158
49852    -0.00585    -0.00089    -0.00078
49883    -0.00345    -0.00061     0.00005
49913    -0.00110     0.00018     0.00034
49944    -0.00003     0.00087    -0.00016
49975    -0.00082     0.00118    -0.00033
50005    -0.00167     0.00094    -0.00036
50036    -0.00300     0.00050    -0.00052
50066    -0.00383    -0.00021    -0.00092
50097    -0.00476    -0.00055    -0.00172
50128    -0.00581    -0.00062    -0.00235
50157    -0.00620    -0.00050    -0.00259
50188    -0.00530    -0.00069    -0.00215
50218    -0.00385    -0.00106    -0.00085
50249    -0.00158    -0.00118     0.00024
50279     0.00060    -0.00138     0.00133
50310     0.00228    -0.00146     0.00204
50341     0.00288    -0.00161     0.00214
50371     0.00235    -0.00159     0.00185
50402     0.00107    -0.00160     0.00126
50432    -0.00020    -0.00153     0.00045
50463    -0.00173    -0.00140    -0.00045
50494    -0.00406    -0.00103    -0.00126
50522    -0.00546    -0.00093    -0.00194
50553    -0.00371    -0.00102    -0.00214
50583    -0.00215    -0.00116    -0.00183
50614    -0.00091    -0.00085    -0.00099
50644     0.00035     0.00003    -0.00049
50675     0.00014     0.00074    -0.00024
50706    -0.00119     0.00098    -0.00029
50736    -0.00282     0.00091    -0.00083
50767    -0.00487     0.00067    -0.00168
50797    -0.00728     0.00040    -0.00260
50828    -0.00905     0.00026    -0.00312
50859    -0.01010     0.00019    -0.00315
50887    -0.01070     0.00011    -0.00307
50918    -0.00873    -0.00020    -0.00248
50948    -0.00709    -0.00033    -0.00133
50979    -0.00461    -0.00002    -0.00040
51009    -0.00250     0.00090    -0.00035
51040    -0.00175     0.00130    -0.00059
51071    -0.00207     0.00150    -0.00081
51101    -0.00310     0.00134    -0.00096
51132    -0.00446     0.00087    -0.00098
51162    -0.00559     0.00034    -0.00126
51193    -0.00644    -0.00011    -0.00163
51224    -0.00702    -0.00040    -0.00183
51252    -0.00700    -0.00053    -0.00181
51283    -0.00574    -0.00075    -0.00119
51313    -0.00429    -0.00069    -0.00043
51344    -0.00221    -0.00025     0.00043
51374     0.00008     0.00001     0.00070
51405     0.00099     0.00042     0.00033
51436     0.00091     0.00049     0.00021
51466     0.00023     0.00041     0.00002
51497    -0.00045     0.00024    -0.00013
51527    -0.00114    -0.00029    -0.00041
51558    -0.00183    -0.00130    -0.00108
51589    -0.00298    -0.00177    -0.00143
51618    -0.00318    -0.00170    -0.00153
51649    -0.00257    -0.00180    -0.00149
51679    -0.00133    -0.00114    -0.00113
51710    -0.00017    -0.00046    -0.00025
51740     0.00218     0.00001     0.00033
51771     0.00283     0.00041     0.00047
51802     0.00137     0.00046     0.00055
51832    -0.00014     0.00054     0.00033
51863    -0.00141     0.00013     0.00010
51893    -0.00218    -0.00025    -0.00038
51924    -0.00338    -0.00053    -0.00052
51955    -0.00449    -0.00031    -0.00049
51983    -0.00505    -0.00042    -0.00052
52014    -0.00452    -0.00058    -0.00042
52044    -0.00296    -0.00044     0.00034
52075    -0.00074    -0.00003     0.00091
52105     0.00147     0.00058     0.00133
52136     0.00219     0.00127     0.00137
52167     0.00194     0.00131     0.00148
52197     0.00108     0.00136     0.00134
52228     0.00035     0.00125     0.00088
52258    -0.00034     0.00063     0.00055
52289    -0.00103     0.00008     0.00006
52320    -0.00157    -0.00011    -0.00009
52348    -0.00181    -0.00013    -0.00011
52379    -0.00174    -0.00057     0.00014
52409    -0.00123    -0.00055     0.00093
52440     0.00129    -0.00027     0.00182
52470     0.00356     0.00042     0.00217
52501     0.00449     0.00108     0.00196
52532     0.00331     0.00129     0.00179
52562     0.00146     0.00114     0.00139
52593     0.00020     0.00071     0.00086
52623    -0.00082     0.00036     0.00060
52654    -0.00137    -0.00004     0.00020
52685    -0.00208    -0.00034    -0.00001
52713    -0.00243    -0.00057     0.00009
52744    -0.00160    -0.00083     0.00025
52774    -0.00028    -0.00087     0.00096
52805     0.00194    -0.00079     0.00173
52835     0.00432     0.00003     0.00181
52866     0.00482     0.00059     0.00162
52897     0.00422     0.00098     0.00138
52927     0.00317     0.00093     0.00129
52958     0.00173     0.00048     0.00100
52988     0.00095     0.00009     0.00065
53019     0.00064    -0.00043     0.00026
53050     0.00059    -0.00073    -0.00008
53079     0.00046    -0.00089    -0.00018
53110     0.00104    -0.00110    -0.00026
53140     0.00171    -0.00108     0.00039
53171     0.00339    -0.00059     0.00107
53201     0.00631    -0.00010     0.00132
53232     0.00754     0.00054     0.00111
53263     0.00707     0.00099     0.00096
53293     0.00551     0.00084     0.00075
53324     0.00426     0.00027     0.00044
53354     0.00338    -0.00020    -0.00025
53385     0.00231    -0.00054    -0.00060
53416     0.00164    -0.00090    -0.00072
53444     0.00138    -0.00121    -0.00083
53475     0.00183    -0.00125    -0.00051
53505     0.00323    -0.00121    -0.00014
53536     0.00485    -0.00090     0.00067
53566     0.00672     0.00001     0.00111
53597     0.00776     0.00090     0.00111
53628     0.00716     0.00125     0.00101
53658     0.00603     0.00113     0.00106
53689     0.00507     0.00092     0.00103
53719     0.00414    -0.00008     0.00083
53750     0.00376    -0.00072     0.00054
53781     0.00335    -0.00096     0.00021
53809     0.00307    -0.00117    -0.00011
53840     0.00363    -0.00125    -0.00007
53870     0.00453    -0.00100     0.00043
53901     0.00599    -0.00043     0.00111
53931     0.00745     0.00037     0.00166
53962     0.00805     0.00077     0.00141
53993     0.00746     0.00095     0.00119
54023     0.00611     0.00051     0.00115
54054     0.00487    -0.00022     0.00068
54084     0.00389    -0.00069     0.00034
54115     0.00279    -0.00105     0.00015
54146     0.00221    -0.00118    -0.00021
54174     0.00161    -0.00136    -0.00015
54205     0.00193    -0.00167     0.00017
54235     0.00302    -0.00144     0.00051
54266     0.00495    -0.00074     0.00106
54296     0.00677     0.00030     0.00109
54327     0.00742     0.00088     0.00071
54358     0.00687     0.00124     0.00030
54388     0.00524     0.00116     0.00027
54419     0.00392     0.00069    -0.00011
54449     0.00283     0.00005    -0.00045
54480     0.00187    -0.00057    -0.00078
54511     0.00087    -0.00081    -0.00090
54540    -0.00007    -0.00115    -0.00085
54571    -0.00015    -0.00119    -0.00068
54601     0.00105    -0.00111     0.00001
54632     0.00309    -0.00060     0.00066
54662     0.00498     0.00013     0.00083
54693     0.00491     0.00089     0.00053
54724     0.00479     0.00115     0.00025
54754     0.00356     0.00115     0.00007
54785     0.00225     0.00117    -0.00017
54815     0.00088     0.00046    -0.00035
54846    -0.00015     0.00006    -0.00061
54877    -0.00112    -0.00020    -0.00105
54905    -0.00225    -0.00045    -0.00111
54936    -0.00211    -0.00063    -0.00084
54966    -0.00023    -0.00054    -0.00022
54997     0.00233    -0.00023     0.00061
55027     0.00505     0.00043     0.00080
55058     0.00636     0.00095     0.00056
55089     0.00569     0.00124     0.00038
55119     0.00447     0.00120     0.00030
55150     0.00279     0.00065    -0.00025
55180     0.00167     0.00012    -0.00066
55211     0.00086    -0.00005    -0.00117
55242    -0.00006    -0.00006    -0.00121
55270    -0.00058    -0.00013    -0.00139
55301    -0.00025    -0.00026    -0.00107
55331     0.00115    -0.00021    -0.00056
55362     0.00312     0.00015     0.00008
55392     0.00520     0.00081     0.00048
55423     0.00645     0.00154     0.00025
55454     0.00547     0.00217    -0.00011
55484     0.00399     0.00235    -0.00021
55515     0.00198     0.00187    -0.00040
55545    -0.00035     0.00135    -0.00080
55576    -0.00173     0.00084    -0.00104
55607    -0.00304     0.00063    -0.00116
55635    -0.00396     0.00036    -0.00108
55666    -0.00382     0.00012    -0.00064
55696    -0.00192     0.00005    -0.00010
55727     0.00097     0.00060     0.00058
55757     0.00300     0.00135     0.00098
55788     0.00371     0.00197     0.00086
55819     0.00308     0.00231     0.00056
55849     0.00226     0.00198     0.00022
55880     0.00060     0.00146    -0.00005
55910    -0.00099     0.00099    -0.00016
55941    -0.00240     0.00061    -0.00047
55972    -0.00331     0.00038    -0.00052
56001    -0.00378     0.00043    -0.00031
56032    -0.00288     0.00015    -0.00008
56062    -0.00136     0.00014     0.00025
56093     0.00102     0.00046     0.00084
56123     0.00344     0.00111     0.00087
56154     0.00464     0.00172     0.00052
56185     0.00363     0.00210     0.00008
56215     0.00183     0.00168    -0.00002
56246     0.00048     0.00138    -0.00055
56276    -0.00084     0.00082    -0.00094
56307    -0.00201     0.00027    -0.00113
56338    -0.00311    -0.00011    -0.00133
56366    -0.00362    -0.00037    -0.00123
56397    -0.00306    -0.00063    -0.00114
56427    -0.00136    -0.00066    -0.00052
56458     0.00098    -0.00032     0.00039
56488     0.00372     0.00046     0.00079
56519     0.00527     0.00104     0.00075
56550     0.00428     0.00113     0.00073
56580     0.00264     0.00089     0.00065
56611     0.00101     0.00012     0.00058
56641    -0.00052    -0.00046     0.00035
56672    -0.00184    -0.00095    -0.00001
56703    -0.00254    -0.00131    -0.00015
56731    -0.00268    -0.00181    -0.00014
56762    -0.00214    -0.00192     0.00014
56792    -0.00035    -0.00186     0.00043
56823     0.00112    -0.00151     0.00106
56853     0.00197    -0.00080     0.00135
56884     0.00310     0.00005     0.00100
56915     0.00239     0.00050     0.00062
56945     0.00075     0.00035     0.00031
56976    -0.00062    -0.00009     0.00007
57006    -0.00193    -0.00070    -0.00006
57037    -0.00317    -0.00082    -0.00033
57068    -0.00467    -0.00127    -0.00055
57096    -0.00542    -0.00160    -0.00057
57127    -0.00475    -0.00170    -0.00052
57157    -0.00248    -0.00167     0.00015
57188     0.00056    -0.00127     0.00089
57218     0.00300    -0.00068     0.00120
57249     0.00344     0.00016     0.00096
57280     0.00174     0.00051     0.00076
57310    -0.00077     0.00044     0.00056
57341    -0.00278     0.00033     0.00015
57371    -0.00442     0.00030    -0.00033
57402    -0.00515    -0.00015    -0.00072
57433    -0.00615    -0.00066    -0.00082
57462    -0.00664    -0.00124    -0.00092
57493    -0.00587    -0.00151    -0.00094
57523    -0.00380    -0.00128    -0.00067
57554    -0.00095    -0.00071    -0.00005
