# Hydrology loading displacements computed from the monthly GLDAS NOAH model
# This is a product of the Hydrology loading service: http://lacerta.gsfc.nasa.gov/hydlo/
# Displacements are with respect to the center of mass of the total earth
#
# Created for VieVS on 17.03.2017 at 11:46:08 local time
# OFFSET + TREND REMOVED!!! - Hana 
# mjd up (meters) eastwest (meters) northsouth (meters)
43888    -0.00331     0.00033     0.00029
43919    -0.00514     0.00035     0.00038
43947    -0.00436     0.00052     0.00013
43978    -0.00313     0.00076    -0.00005
44008    -0.00065     0.00087     0.00018
44039     0.00164     0.00057     0.00061
44069     0.00385    -0.00035     0.00067
44100     0.00489    -0.00099     0.00055
44131     0.00467    -0.00094     0.00035
44161     0.00260    -0.00087     0.00033
44192    -0.00029    -0.00045     0.00047
44222    -0.00159     0.00007     0.00063
44253    -0.00324     0.00063     0.00080
44284    -0.00355     0.00071     0.00061
44313    -0.00346     0.00056     0.00028
44344    -0.00240     0.00078     0.00031
44374    -0.00063     0.00064     0.00045
44405     0.00118     0.00020     0.00078
44435     0.00262    -0.00080     0.00110
44466     0.00389    -0.00145     0.00089
44497     0.00382    -0.00145     0.00058
44527     0.00251    -0.00092     0.00045
44558     0.00004    -0.00042     0.00037
44588    -0.00127     0.00010     0.00038
44619    -0.00258     0.00027     0.00066
44650    -0.00282     0.00048     0.00074
44678    -0.00307     0.00055     0.00071
44709    -0.00214     0.00046     0.00057
44739    -0.00094     0.00060     0.00074
44770     0.00181     0.00054     0.00085
44800     0.00304    -0.00046     0.00094
44831     0.00412    -0.00130     0.00077
44862     0.00405    -0.00135     0.00064
44892     0.00170    -0.00126     0.00055
44923     0.00095    -0.00083     0.00017
44953    -0.00134    -0.00018     0.00022
44984    -0.00412     0.00026     0.00022
45015    -0.00417     0.00035    -0.00020
45043    -0.00394     0.00041    -0.00030
45074    -0.00255     0.00076    -0.00026
45104    -0.00044     0.00082     0.00005
45135     0.00224     0.00094     0.00047
45165     0.00473     0.00073     0.00082
45196     0.00488    -0.00037     0.00080
45227     0.00481    -0.00079     0.00044
45257     0.00248    -0.00070     0.00060
45288    -0.00018    -0.00084     0.00027
45318    -0.00265    -0.00044    -0.00006
45349    -0.00317     0.00015    -0.00048
45380    -0.00388     0.00061    -0.00065
45408    -0.00367     0.00073    -0.00090
45439    -0.00255     0.00099    -0.00073
45469    -0.00091     0.00059    -0.00045
45500     0.00172     0.00038     0.00007
45530     0.00415    -0.00052     0.00018
45561     0.00565    -0.00159     0.00005
45592     0.00523    -0.00217    -0.00014
45622     0.00484    -0.00197    -0.00065
45653     0.00344    -0.00139    -0.00097
45683     0.00085    -0.00058    -0.00102
45714    -0.00145    -0.00044    -0.00072
45745    -0.00280    -0.00008    -0.00053
45774    -0.00276     0.00031    -0.00060
45805    -0.00183     0.00089    -0.00021
45835    -0.00021     0.00088     0.00004
45866     0.00128     0.00040     0.00033
45896     0.00454    -0.00031     0.00015
45927     0.00577    -0.00095     0.00004
45958     0.00514    -0.00105     0.00011
45988     0.00253    -0.00082     0.00012
46019     0.00089    -0.00028    -0.00019
46049    -0.00078     0.00012    -0.00032
46080    -0.00229     0.00103    -0.00027
46111    -0.00395     0.00115     0.00006
46139    -0.00415     0.00108    -0.00018
46170    -0.00260     0.00111     0.00013
46200    -0.00130     0.00093     0.00031
46231     0.00072     0.00059     0.00070
46261     0.00269    -0.00008     0.00097
46292     0.00395    -0.00066     0.00072
46323     0.00469    -0.00094     0.00018
46353     0.00519    -0.00073    -0.00052
46384     0.00344    -0.00017    -0.00077
46414     0.00111     0.00043    -0.00068
46445    -0.00185     0.00050    -0.00026
46476    -0.00438     0.00074    -0.00012
46504    -0.00474     0.00098    -0.00007
46535    -0.00389     0.00084     0.00028
46565    -0.00142     0.00089     0.00037
46596     0.00164     0.00112     0.00078
46626     0.00430     0.00018     0.00062
46657     0.00546    -0.00073     0.00048
46688     0.00509    -0.00072     0.00038
46718     0.00418    -0.00047     0.00018
46749     0.00249    -0.00029     0.00011
46779     0.00071     0.00010    -0.00006
46810    -0.00141     0.00052     0.00002
46841    -0.00311     0.00071    -0.00007
46869    -0.00372     0.00089    -0.00022
46900    -0.00308     0.00114    -0.00001
46930    -0.00052     0.00121     0.00006
46961     0.00092     0.00087     0.00059
46991     0.00284     0.00021     0.00081
47022     0.00378    -0.00051     0.00071
47053     0.00361    -0.00100     0.00051
47083     0.00146    -0.00126     0.00056
47114    -0.00018    -0.00105     0.00035
47144    -0.00194    -0.00030     0.00026
47175    -0.00313     0.00015     0.00002
47206    -0.00392     0.00042     0.00006
47235    -0.00369     0.00056     0.00019
47266    -0.00297     0.00051     0.00042
47296    -0.00161     0.00005     0.00054
47327     0.00042    -0.00014     0.00098
47357     0.00212    -0.00090     0.00105
47388     0.00350    -0.00175     0.00067
47419     0.00349    -0.00201     0.00028
47449     0.00223    -0.00180     0.00028
47480     0.00083    -0.00108     0.00011
47510    -0.00114    -0.00029     0.00012
47541    -0.00173     0.00011    -0.00010
47572    -0.00205     0.00025    -0.00026
47600    -0.00271     0.00022    -0.00038
47631    -0.00242     0.00004    -0.00007
47661    -0.00053     0.00006     0.00017
47692     0.00249     0.00009     0.00025
47722     0.00452    -0.00039     0.00050
47753     0.00559    -0.00090     0.00048
47784     0.00549    -0.00100     0.00012
47814     0.00486    -0.00086    -0.00025
47845     0.00316    -0.00048    -0.00048
47875     0.00088     0.00005    -0.00029
47906    -0.00068     0.00041    -0.00026
47937    -0.00255     0.00050    -0.00021
47965    -0.00217     0.00049    -0.00051
47996    -0.00130     0.00052    -0.00029
48026     0.00044     0.00056    -0.00008
48057     0.00237     0.00019     0.00018
48087     0.00445    -0.00051     0.00028
48118     0.00607    -0.00099     0.00002
48149     0.00602    -0.00105    -0.00015
48179     0.00453    -0.00094    -0.00047
48210     0.00138    -0.00071    -0.00052
48240    -0.00129    -0.00015    -0.00064
48271    -0.00253     0.00005    -0.00073
48302    -0.00294    -0.00008    -0.00077
48330    -0.00405     0.00011    -0.00075
48361    -0.00310     0.00051    -0.00056
48391    -0.00194     0.00097    -0.00023
48422     0.00065     0.00058     0.00023
48452     0.00337     0.00004     0.00034
48483     0.00444    -0.00082     0.00026
48514     0.00503    -0.00094    -0.00023
48544     0.00240    -0.00082    -0.00012
48575     0.00027    -0.00052    -0.00032
48605    -0.00099    -0.00017    -0.00072
48636    -0.00224     0.00036    -0.00081
48667    -0.00286     0.00085    -0.00100
48696    -0.00280     0.00120    -0.00127
48727    -0.00271     0.00147    -0.00095
48757    -0.00050     0.00127    -0.00066
48788     0.00062     0.00093    -0.00006
48818     0.00217     0.00023     0.00014
48849     0.00409    -0.00062    -0.00015
48880     0.00392    -0.00080    -0.00023
48910     0.00127    -0.00081    -0.00013
48941    -0.00135    -0.00032    -0.00016
48971    -0.00213     0.00034    -0.00021
49002    -0.00216     0.00055    -0.00053
49033    -0.00241     0.00052    -0.00063
49061    -0.00277     0.00070    -0.00076
49092    -0.00257     0.00099    -0.00057
49122    -0.00167     0.00057    -0.00032
49153     0.00082     0.00027    -0.00001
49183     0.00255    -0.00023    -0.00001
49214     0.00390    -0.00100    -0.00027
49245     0.00302    -0.00120    -0.00038
49275    -0.00036    -0.00119     0.00005
49306    -0.00134    -0.00065    -0.00041
49336    -0.00251    -0.00011    -0.00054
49367    -0.00460     0.00050    -0.00027
49398    -0.00500     0.00071    -0.00029
49426    -0.00426     0.00077    -0.00055
49457    -0.00344     0.00095    -0.00045
49487    -0.00203     0.00104    -0.00019
49518     0.00006     0.00084     0.00013
49548     0.00259     0.00000    -0.00025
49579     0.00362    -0.00078    -0.00034
49610     0.00188    -0.00114    -0.00024
49640    -0.00018    -0.00090    -0.00028
49671    -0.00258    -0.00045    -0.00035
49701    -0.00331    -0.00008    -0.00082
49732    -0.00460     0.00010    -0.00104
49763    -0.00552     0.00004    -0.00112
49791    -0.00549     0.00014    -0.00120
49822    -0.00401     0.00064    -0.00102
49852    -0.00292     0.00078    -0.00060
49883    -0.00080     0.00072    -0.00031
49913     0.00168    -0.00014    -0.00044
49944     0.00287    -0.00109    -0.00081
49975     0.00178    -0.00141    -0.00082
50005     0.00044    -0.00118    -0.00089
50036    -0.00089    -0.00061    -0.00115
50066    -0.00316    -0.00003    -0.00088
50097    -0.00563     0.00028    -0.00073
50128    -0.00695     0.00043    -0.00087
50157    -0.00722     0.00039    -0.00092
50188    -0.00604     0.00051    -0.00072
50218    -0.00438     0.00080    -0.00012
50249    -0.00148     0.00096     0.00074
50279     0.00034     0.00116     0.00153
50310     0.00184     0.00128     0.00192
50341     0.00155     0.00137     0.00221
50371    -0.00042     0.00124     0.00235
50402    -0.00153     0.00136     0.00206
50432    -0.00348     0.00129     0.00174
50463    -0.00463     0.00128     0.00129
50494    -0.00548     0.00124     0.00077
50522    -0.00539     0.00127     0.00029
50553    -0.00483     0.00111     0.00047
50583    -0.00401     0.00086     0.00059
50614    -0.00231     0.00073     0.00076
50644    -0.00050     0.00009     0.00059
50675     0.00104    -0.00064     0.00014
50706     0.00109    -0.00095    -0.00045
50736    -0.00067    -0.00089    -0.00083
50767    -0.00371    -0.00083    -0.00102
50797    -0.00628    -0.00062    -0.00102
50828    -0.00676    -0.00037    -0.00133
50859    -0.00626    -0.00004    -0.00184
50887    -0.00589     0.00025    -0.00218
50918    -0.00531     0.00039    -0.00198
50948    -0.00336     0.00034    -0.00188
50979    -0.00144     0.00021    -0.00143
51009     0.00080    -0.00072    -0.00150
51040     0.00216    -0.00158    -0.00151
51071     0.00136    -0.00194    -0.00148
51101    -0.00139    -0.00168    -0.00150
51132    -0.00236    -0.00094    -0.00176
51162    -0.00315    -0.00028    -0.00192
51193    -0.00446     0.00013    -0.00189
51224    -0.00490     0.00045    -0.00177
51252    -0.00476     0.00056    -0.00151
51283    -0.00341     0.00078    -0.00122
51313    -0.00177     0.00074    -0.00105
51344     0.00077     0.00050    -0.00096
51374     0.00300     0.00016    -0.00091
51405     0.00370    -0.00074    -0.00092
51436     0.00355    -0.00097    -0.00104
51466     0.00193    -0.00099    -0.00090
51497     0.00021    -0.00077    -0.00074
51527    -0.00112    -0.00020    -0.00055
51558    -0.00229     0.00059     0.00019
51589    -0.00275     0.00098     0.00059
51618    -0.00269     0.00104     0.00071
51649    -0.00300     0.00102     0.00093
51679    -0.00156     0.00028     0.00065
51710     0.00118    -0.00019     0.00011
51740     0.00342    -0.00042     0.00004
51771     0.00395    -0.00093     0.00009
51802     0.00419    -0.00089    -0.00008
51832     0.00218    -0.00092    -0.00011
51863    -0.00002    -0.00057     0.00010
51893    -0.00108    -0.00034     0.00050
51924    -0.00233     0.00014     0.00038
51955    -0.00271     0.00020    -0.00000
51983    -0.00346     0.00041     0.00011
52014    -0.00292     0.00053     0.00037
52044    -0.00091     0.00037     0.00021
52075     0.00208     0.00019    -0.00005
52105     0.00429    -0.00046    -0.00011
52136     0.00552    -0.00127    -0.00029
52167     0.00518    -0.00120    -0.00041
52197     0.00381    -0.00128    -0.00045
52228     0.00271    -0.00109    -0.00043
52258     0.00168    -0.00024    -0.00040
52289     0.00066     0.00029    -0.00022
52320    -0.00033     0.00055    -0.00005
52348    -0.00082     0.00061    -0.00011
52379    -0.00001     0.00110    -0.00024
52409     0.00113     0.00109    -0.00017
52440     0.00341     0.00089    -0.00007
52470     0.00527     0.00015    -0.00007
52501     0.00535    -0.00053     0.00007
52532     0.00439    -0.00089     0.00007
52562     0.00281    -0.00067    -0.00021
52593     0.00023    -0.00028     0.00010
52623    -0.00199     0.00002     0.00036
52654    -0.00316     0.00044     0.00066
52685    -0.00361     0.00075     0.00071
52713    -0.00285     0.00104     0.00061
52744    -0.00167     0.00130     0.00061
52774     0.00069     0.00132     0.00032
52805     0.00358     0.00122     0.00008
52835     0.00584     0.00027    -0.00007
52866     0.00675    -0.00061    -0.00023
52897     0.00638    -0.00109    -0.00054
52927     0.00514    -0.00097    -0.00079
52958     0.00247    -0.00048    -0.00079
52988    -0.00007    -0.00017    -0.00046
53019    -0.00162     0.00046     0.00003
53050    -0.00240     0.00086     0.00044
53079    -0.00279     0.00111     0.00056
53110    -0.00255     0.00113     0.00080
53140    -0.00143     0.00116     0.00067
53171     0.00141     0.00087     0.00026
53201     0.00395     0.00031     0.00012
53232     0.00467    -0.00061     0.00002
53263     0.00467    -0.00102    -0.00047
53293     0.00378    -0.00078    -0.00067
53324     0.00123    -0.00018    -0.00048
53354    -0.00037     0.00029    -0.00013
53385    -0.00141     0.00072     0.00006
53416    -0.00207     0.00131     0.00005
53444    -0.00246     0.00174     0.00006
53475    -0.00215     0.00174     0.00026
53505    -0.00127     0.00154     0.00048
53536     0.00159     0.00133     0.00027
53566     0.00409     0.00043     0.00009
53597     0.00490    -0.00048    -0.00011
53628     0.00428    -0.00100    -0.00030
53658     0.00353    -0.00077    -0.00061
53689     0.00243    -0.00053    -0.00075
53719     0.00085     0.00062    -0.00046
53750    -0.00011     0.00131    -0.00014
53781    -0.00118     0.00150     0.00004
53809    -0.00217     0.00157     0.00051
53840    -0.00161     0.00158     0.00086
53870     0.00014     0.00135     0.00060
53901     0.00262     0.00092     0.00038
53931     0.00525    -0.00007     0.00018
53962     0.00555    -0.00077     0.00026
53993     0.00458    -0.00105     0.00004
54023     0.00308    -0.00068     0.00001
54054     0.00183    -0.00004     0.00004
54084     0.00019     0.00032     0.00028
54115    -0.00039     0.00079     0.00040
54146    -0.00134     0.00089     0.00054
54174    -0.00162     0.00116     0.00050
54205    -0.00058     0.00148     0.00037
54235     0.00072     0.00121     0.00033
54266     0.00214     0.00054     0.00048
54296     0.00375    -0.00058     0.00047
54327     0.00429    -0.00134     0.00045
54358     0.00392    -0.00161     0.00012
54388     0.00343    -0.00134    -0.00011
54419     0.00223    -0.00076     0.00015
54449     0.00035    -0.00010     0.00049
54480    -0.00100     0.00045     0.00082
54511    -0.00159     0.00085     0.00083
54540    -0.00182     0.00138     0.00071
54571    -0.00201     0.00134     0.00073
54601    -0.00062     0.00119     0.00063
54632     0.00068     0.00059     0.00067
54662     0.00281    -0.00021     0.00053
54693     0.00378    -0.00106     0.00033
54724     0.00339    -0.00136    -0.00003
54754     0.00240    -0.00124    -0.00035
54785     0.00009    -0.00127    -0.00030
54815    -0.00218    -0.00040     0.00002
54846    -0.00340     0.00006     0.00014
54877    -0.00492     0.00021     0.00056
54905    -0.00481     0.00065     0.00054
54936    -0.00395     0.00087     0.00030
54966    -0.00177     0.00070     0.00009
54997     0.00091     0.00047     0.00014
55027     0.00287    -0.00015     0.00018
55058     0.00407    -0.00093     0.00001
55089     0.00398    -0.00132    -0.00023
55119     0.00306    -0.00107    -0.00052
55150     0.00083    -0.00043    -0.00023
55180    -0.00137     0.00011     0.00024
55211    -0.00386     0.00023     0.00059
55242    -0.00482     0.00046     0.00044
55270    -0.00532     0.00049     0.00067
55301    -0.00409     0.00061     0.00067
55331    -0.00248     0.00059     0.00046
55362    -0.00056     0.00031     0.00043
55392     0.00215    -0.00043     0.00029
55423     0.00306    -0.00140     0.00026
55454     0.00266    -0.00200    -0.00015
55484     0.00153    -0.00199    -0.00052
55515    -0.00120    -0.00147    -0.00033
55545    -0.00335    -0.00092    -0.00018
55576    -0.00441    -0.00027     0.00008
55607    -0.00452     0.00019    -0.00002
55635    -0.00453     0.00060    -0.00006
55666    -0.00303     0.00090    -0.00020
55696    -0.00084     0.00091    -0.00040
55727     0.00091     0.00030    -0.00015
55757     0.00278    -0.00053    -0.00005
55788     0.00345    -0.00144     0.00001
55819     0.00365    -0.00195    -0.00028
55849     0.00313    -0.00164    -0.00028
55880     0.00062    -0.00138     0.00001
55910    -0.00051    -0.00084     0.00015
55941    -0.00188    -0.00031     0.00049
55972    -0.00225     0.00020     0.00040
56001    -0.00166     0.00045     0.00026
56032    -0.00144     0.00065     0.00027
56062    -0.00113     0.00048     0.00041
56093     0.00067     0.00015     0.00065
56123     0.00276    -0.00080     0.00070
56154     0.00393    -0.00176     0.00035
56185     0.00363    -0.00239    -0.00002
56215     0.00209    -0.00204    -0.00005
56246    -0.00079    -0.00179     0.00013
56276    -0.00310    -0.00126     0.00045
56307    -0.00398    -0.00059     0.00053
56338    -0.00493    -0.00010     0.00059
56366    -0.00530     0.00027     0.00051
56397    -0.00498     0.00048     0.00077
56427    -0.00328     0.00034     0.00091
56458    -0.00092     0.00021     0.00069
56488     0.00211    -0.00063     0.00038
56519     0.00383    -0.00146     0.00006
56550     0.00424    -0.00161    -0.00024
56580     0.00336    -0.00140    -0.00037
56611     0.00209    -0.00071    -0.00015
56641     0.00114    -0.00014     0.00000
56672    -0.00068     0.00011     0.00054
56703    -0.00208     0.00047     0.00087
56731    -0.00172     0.00104     0.00102
56762    -0.00036     0.00126     0.00093
56792     0.00045     0.00139     0.00099
56823     0.00241     0.00115     0.00073
56853     0.00344     0.00036     0.00076
56884     0.00332    -0.00063     0.00092
56915     0.00310    -0.00099     0.00047
56945     0.00187    -0.00087     0.00022
56976    -0.00047    -0.00044     0.00032
57006    -0.00196     0.00013     0.00025
57037    -0.00253     0.00034     0.00017
57068    -0.00369     0.00082     0.00009
57096    -0.00375     0.00116    -0.00003
57127    -0.00269     0.00127     0.00000
57157    -0.00088     0.00139     0.00009
57188     0.00160     0.00121     0.00003
57218     0.00416     0.00070    -0.00007
57249     0.00476    -0.00034    -0.00026
57280     0.00408    -0.00095    -0.00050
57310     0.00257    -0.00095    -0.00076
57341     0.00141    -0.00077    -0.00110
57371     0.00039    -0.00059    -0.00123
57402    -0.00103    -0.00016    -0.00088
57433    -0.00250     0.00038    -0.00053
57462    -0.00367     0.00100    -0.00023
57493    -0.00303     0.00107    -0.00011
57523    -0.00194     0.00094    -0.00005
57554    -0.00059     0.00052     0.00023
