# Hydrology loading displacements computed from the monthly GLDAS NOAH model
# This is a product of the Hydrology loading service: http://lacerta.gsfc.nasa.gov/hydlo/
# Displacements are with respect to the center of mass of the total earth
#
# Created for VieVS on 17.03.2017 at 11:46:08 local time
# OFFSET + TREND REMOVED!!! - Hana 
# mjd up (meters) eastwest (meters) northsouth (meters)
43888     0.00052    -0.00045    -0.00089
43919     0.00090    -0.00044    -0.00172
43947     0.00079    -0.00052    -0.00170
43978     0.00040    -0.00074    -0.00129
44008     0.00001    -0.00086     0.00004
44039    -0.00029    -0.00075     0.00149
44069    -0.00034     0.00020     0.00237
44100    -0.00028     0.00078     0.00249
44131    -0.00034     0.00076     0.00231
44161    -0.00064     0.00065     0.00200
44192    -0.00052     0.00020     0.00117
44222    -0.00011    -0.00029     0.00031
44253     0.00025    -0.00070    -0.00036
44284     0.00040    -0.00065    -0.00088
44313     0.00049    -0.00048    -0.00125
44344     0.00026    -0.00068    -0.00075
44374    -0.00012    -0.00056     0.00047
44405    -0.00028    -0.00013     0.00171
44435    -0.00020     0.00068     0.00239
44466    -0.00013     0.00122     0.00253
44497    -0.00034     0.00122     0.00226
44527    -0.00066     0.00083     0.00190
44558    -0.00059     0.00042     0.00108
44588    -0.00030     0.00008     0.00031
44619     0.00015    -0.00004    -0.00015
44650     0.00071    -0.00020    -0.00059
44678     0.00089    -0.00036    -0.00106
44709     0.00076    -0.00045    -0.00082
44739     0.00042    -0.00067     0.00005
44770    -0.00008    -0.00055     0.00159
44800    -0.00013     0.00031     0.00227
44831    -0.00006     0.00104     0.00241
44862    -0.00022     0.00117     0.00229
44892    -0.00056     0.00112     0.00164
44923    -0.00060     0.00094     0.00093
44953    -0.00043     0.00042     0.00003
44984    -0.00001    -0.00015    -0.00110
45015     0.00036    -0.00016    -0.00184
45043     0.00051    -0.00015    -0.00196
45074     0.00024    -0.00057    -0.00132
45104     0.00007    -0.00071    -0.00021
45135    -0.00031    -0.00094     0.00147
45165    -0.00058    -0.00076     0.00276
45196    -0.00042     0.00018     0.00269
45227    -0.00058     0.00058     0.00241
45257    -0.00056     0.00039     0.00176
45288    -0.00047     0.00044     0.00063
45318    -0.00036     0.00010    -0.00059
45349    -0.00020    -0.00016    -0.00147
45380    -0.00006    -0.00047    -0.00221
45408    -0.00025    -0.00043    -0.00222
45439    -0.00050    -0.00069    -0.00146
45469    -0.00075    -0.00043    -0.00029
45500    -0.00093    -0.00023     0.00138
45530    -0.00108     0.00061     0.00253
45561    -0.00087     0.00153     0.00280
45592    -0.00098     0.00203     0.00258
45622    -0.00130     0.00196     0.00199
45653    -0.00138     0.00143     0.00128
45683    -0.00106     0.00070     0.00003
45714    -0.00041     0.00059    -0.00087
45745    -0.00016     0.00034    -0.00125
45774    -0.00013     0.00008    -0.00131
45805     0.00003    -0.00057    -0.00086
45835    -0.00037    -0.00060     0.00038
45866    -0.00072    -0.00031     0.00159
45896    -0.00093     0.00045     0.00259
45927    -0.00094     0.00110     0.00291
45958    -0.00100     0.00125     0.00275
45988    -0.00109     0.00098     0.00208
46019    -0.00111     0.00031     0.00123
46049    -0.00083    -0.00012     0.00024
46080    -0.00034    -0.00089    -0.00070
46111     0.00038    -0.00100    -0.00159
46139     0.00023    -0.00081    -0.00182
46170     0.00021    -0.00096    -0.00114
46200    -0.00007    -0.00091    -0.00025
46231    -0.00044    -0.00059     0.00126
46261    -0.00031    -0.00006     0.00207
46292    -0.00018     0.00043     0.00213
46323    -0.00047     0.00082     0.00201
46353    -0.00085     0.00077     0.00158
46384    -0.00082     0.00038     0.00078
46414    -0.00043    -0.00011    -0.00023
46445     0.00015    -0.00027    -0.00118
46476     0.00034    -0.00052    -0.00189
46504     0.00045    -0.00080    -0.00217
46535     0.00028    -0.00086    -0.00152
46565    -0.00016    -0.00098    -0.00028
46596    -0.00048    -0.00116     0.00140
46626    -0.00056    -0.00014     0.00236
46657    -0.00052     0.00069     0.00259
46688    -0.00065     0.00059     0.00241
46718    -0.00062     0.00022     0.00191
46749    -0.00039     0.00003     0.00104
46779    -0.00022    -0.00038     0.00004
46810     0.00006    -0.00062    -0.00072
46841     0.00028    -0.00066    -0.00132
46869     0.00027    -0.00069    -0.00179
46900     0.00014    -0.00099    -0.00133
46930    -0.00028    -0.00097    -0.00014
46961    -0.00036    -0.00074     0.00096
46991    -0.00068    -0.00025     0.00216
47022    -0.00068     0.00037     0.00238
47053    -0.00069     0.00077     0.00206
47083    -0.00070     0.00081     0.00156
47114    -0.00073     0.00066     0.00095
47144    -0.00042     0.00005     0.00010
47175    -0.00003    -0.00035    -0.00090
47206     0.00041    -0.00059    -0.00162
47235     0.00080    -0.00063    -0.00193
47266     0.00063    -0.00065    -0.00122
47296     0.00039    -0.00035    -0.00032
47327     0.00005    -0.00014     0.00123
47357     0.00006     0.00047     0.00193
47388     0.00023     0.00120     0.00181
47419     0.00017     0.00154     0.00140
47449    -0.00014     0.00132     0.00112
47480    -0.00022     0.00070     0.00043
47510     0.00010     0.00016    -0.00046
47541     0.00061    -0.00015    -0.00143
47572     0.00089    -0.00031    -0.00211
47600     0.00083    -0.00021    -0.00233
47631     0.00080    -0.00010    -0.00173
47661     0.00054    -0.00016    -0.00058
47692     0.00006    -0.00006     0.00104
47722     0.00005     0.00046     0.00208
47753     0.00011     0.00086     0.00237
47784    -0.00008     0.00102     0.00212
47814    -0.00020     0.00099     0.00147
47845    -0.00027     0.00062     0.00067
47875     0.00036    -0.00003    -0.00045
47906     0.00087    -0.00044    -0.00144
47937     0.00115    -0.00059    -0.00229
47965     0.00093    -0.00050    -0.00243
47996     0.00084    -0.00046    -0.00166
48026     0.00057    -0.00056    -0.00049
48057     0.00015    -0.00016     0.00087
48087     0.00002     0.00044     0.00174
48118    -0.00013     0.00087     0.00216
48149    -0.00028     0.00097     0.00198
48179    -0.00049     0.00093     0.00128
48210    -0.00055     0.00063     0.00032
48240    -0.00026     0.00018    -0.00085
48271     0.00021     0.00002    -0.00173
48302     0.00069     0.00021    -0.00214
48330     0.00081    -0.00008    -0.00273
48361     0.00069    -0.00049    -0.00224
48391     0.00033    -0.00085    -0.00120
48422     0.00014    -0.00046     0.00038
48452    -0.00008     0.00002     0.00156
48483    -0.00014     0.00075     0.00189
48514    -0.00057     0.00089     0.00187
48544    -0.00083     0.00075     0.00136
48575    -0.00097     0.00053     0.00060
48605    -0.00086     0.00031    -0.00037
48636    -0.00055    -0.00010    -0.00132
48667    -0.00030    -0.00043    -0.00195
48696    -0.00039    -0.00068    -0.00216
48727    -0.00037    -0.00099    -0.00181
48757    -0.00065    -0.00090    -0.00051
48788    -0.00089    -0.00081     0.00099
48818    -0.00096    -0.00028     0.00184
48849    -0.00078     0.00041     0.00200
48880    -0.00069     0.00048     0.00172
48910    -0.00076     0.00060     0.00120
48941    -0.00068     0.00017     0.00014
48971    -0.00046    -0.00033    -0.00043
49002    -0.00014    -0.00043    -0.00115
49033     0.00036    -0.00029    -0.00183
49061     0.00044    -0.00039    -0.00222
49092     0.00024    -0.00067    -0.00191
49122     0.00005    -0.00053    -0.00102
49153    -0.00023    -0.00033     0.00037
49183    -0.00042     0.00017     0.00110
49214    -0.00041     0.00088     0.00124
49245    -0.00046     0.00109     0.00093
49275    -0.00059     0.00093     0.00050
49306    -0.00057     0.00048    -0.00020
49336    -0.00033     0.00007    -0.00099
49367     0.00028    -0.00052    -0.00196
49398     0.00080    -0.00074    -0.00255
49426     0.00089    -0.00061    -0.00269
49457     0.00063    -0.00080    -0.00221
49487     0.00038    -0.00093    -0.00127
49518     0.00024    -0.00080    -0.00016
49548     0.00025    -0.00006     0.00029
49579     0.00043     0.00053     0.00041
49610     0.00030     0.00078     0.00013
49640     0.00020     0.00034    -0.00035
49671     0.00033    -0.00011    -0.00130
49701     0.00053    -0.00024    -0.00235
49732     0.00078    -0.00022    -0.00316
49763     0.00109    -0.00001    -0.00379
49791     0.00128    -0.00005    -0.00401
49822     0.00104    -0.00049    -0.00334
49852     0.00074    -0.00073    -0.00222
49883     0.00036    -0.00055    -0.00089
49913     0.00027     0.00020    -0.00005
49944     0.00048     0.00101    -0.00010
49975     0.00028     0.00136    -0.00028
50005     0.00018     0.00110    -0.00071
50036     0.00015     0.00063    -0.00148
50066     0.00055    -0.00008    -0.00217
50097     0.00109    -0.00042    -0.00315
50128     0.00138    -0.00049    -0.00400
50157     0.00155    -0.00035    -0.00437
50188     0.00146    -0.00044    -0.00382
50218     0.00095    -0.00087    -0.00213
50249     0.00064    -0.00108    -0.00014
50279     0.00015    -0.00133     0.00164
50310    -0.00018    -0.00138     0.00283
50341    -0.00020    -0.00151     0.00308
50371    -0.00008    -0.00148     0.00263
50402     0.00009    -0.00153     0.00174
50432     0.00032    -0.00146     0.00061
50463     0.00086    -0.00140    -0.00059
50494     0.00142    -0.00120    -0.00181
50522     0.00186    -0.00115    -0.00272
50553     0.00219    -0.00110    -0.00259
50583     0.00222    -0.00100    -0.00207
50614     0.00168    -0.00089    -0.00091
50644     0.00108    -0.00019    -0.00013
50675     0.00059     0.00056     0.00025
50706     0.00042     0.00091    -0.00016
50736     0.00071     0.00085    -0.00124
50767     0.00122     0.00068    -0.00253
50797     0.00197     0.00043    -0.00368
50828     0.00220     0.00030    -0.00451
50859     0.00203     0.00015    -0.00495
50887     0.00173     0.00003    -0.00528
50918     0.00134    -0.00013    -0.00469
50948     0.00075    -0.00017    -0.00328
50979     0.00027    -0.00004    -0.00175
51009     0.00033     0.00089    -0.00110
51040     0.00063     0.00157    -0.00083
51071     0.00067     0.00187    -0.00102
51101     0.00050     0.00166    -0.00172
51132     0.00039     0.00111    -0.00238
51162     0.00058     0.00055    -0.00302
51193     0.00089     0.00006    -0.00368
51224     0.00104    -0.00021    -0.00398
51252     0.00114    -0.00028    -0.00388
51283     0.00093    -0.00047    -0.00305
51313     0.00045    -0.00051    -0.00197
51344    -0.00008    -0.00019    -0.00062
51374    -0.00015     0.00011     0.00026
51405     0.00003     0.00081     0.00042
51436    -0.00006     0.00096     0.00034
51466    -0.00008     0.00093    -0.00008
51497    -0.00002     0.00073    -0.00047
51527     0.00021     0.00021    -0.00095
51558     0.00117    -0.00068    -0.00152
51589     0.00178    -0.00101    -0.00192
51618     0.00203    -0.00093    -0.00207
51649     0.00204    -0.00105    -0.00199
51679     0.00172    -0.00052    -0.00136
51710     0.00098    -0.00011    -0.00037
51740     0.00052     0.00017     0.00059
51771     0.00029     0.00069     0.00096
51802     0.00019     0.00069     0.00087
51832     0.00022     0.00068     0.00030
51863     0.00049     0.00024    -0.00028
51893     0.00110    -0.00010    -0.00079
51924     0.00110    -0.00045    -0.00131
51955     0.00085    -0.00030    -0.00165
51983     0.00084    -0.00044    -0.00188
52014     0.00074    -0.00053    -0.00158
52044     0.00017    -0.00038    -0.00050
52075    -0.00017    -0.00010     0.00048
52105    -0.00058     0.00048     0.00147
52136    -0.00079     0.00123     0.00192
52167    -0.00103     0.00129     0.00186
52197    -0.00103     0.00134     0.00138
52228    -0.00073     0.00120     0.00070
52258    -0.00048     0.00051     0.00008
52289    -0.00003    -0.00001    -0.00055
52320     0.00014    -0.00020    -0.00092
52348     0.00010    -0.00025    -0.00113
52379    -0.00001    -0.00072    -0.00091
52409    -0.00049    -0.00071    -0.00001
52440    -0.00102    -0.00057     0.00135
52470    -0.00131     0.00013     0.00226
52501    -0.00131     0.00076     0.00255
52532    -0.00131     0.00101     0.00231
52562    -0.00120     0.00086     0.00146
52593    -0.00081     0.00039     0.00057
52623    -0.00053    -0.00003     0.00004
52654    -0.00007    -0.00046    -0.00043
52685     0.00021    -0.00073    -0.00074
52713     0.00033    -0.00095    -0.00073
52744     0.00029    -0.00117    -0.00041
52774    -0.00027    -0.00119     0.00039
52805    -0.00077    -0.00111     0.00145
52835    -0.00087    -0.00020     0.00219
52866    -0.00081     0.00057     0.00237
52897    -0.00083     0.00103     0.00200
52927    -0.00095     0.00098     0.00149
52958    -0.00093     0.00054     0.00071
52988    -0.00064     0.00014     0.00013
53019    -0.00012    -0.00039    -0.00035
53050     0.00039    -0.00070    -0.00067
53079     0.00050    -0.00087    -0.00083
53110     0.00066    -0.00102    -0.00072
53140     0.00027    -0.00102    -0.00006
53171    -0.00027    -0.00062     0.00091
53201    -0.00048    -0.00010     0.00174
53232    -0.00052     0.00064     0.00191
53263    -0.00078     0.00103     0.00157
53293    -0.00089     0.00087     0.00104
53324    -0.00072     0.00028     0.00036
53354    -0.00007    -0.00016    -0.00035
53385     0.00030    -0.00053    -0.00088
53416     0.00040    -0.00100    -0.00128
53444     0.00047    -0.00134    -0.00153
53475     0.00026    -0.00138    -0.00115
53505     0.00005    -0.00125    -0.00051
53536    -0.00038    -0.00100     0.00069
53566    -0.00066    -0.00009     0.00169
53597    -0.00091     0.00082     0.00203
53628    -0.00107     0.00127     0.00192
53658    -0.00124     0.00111     0.00157
53689    -0.00127     0.00082     0.00113
53719    -0.00090    -0.00023     0.00062
53750    -0.00040    -0.00092     0.00020
53781    -0.00001    -0.00117    -0.00024
53809     0.00038    -0.00133    -0.00053
53840     0.00052    -0.00138    -0.00029
53870     0.00004    -0.00111     0.00040
53901    -0.00052    -0.00056     0.00143
53931    -0.00093     0.00031     0.00248
53962    -0.00093     0.00090     0.00266
53993    -0.00104     0.00115     0.00230
54023    -0.00115     0.00070     0.00187
54054    -0.00074     0.00000     0.00103
54084    -0.00037    -0.00045     0.00043
54115    -0.00003    -0.00080     0.00003
54146     0.00027    -0.00085    -0.00040
54174     0.00027    -0.00103    -0.00050
54205     0.00012    -0.00134    -0.00013
54235    -0.00008    -0.00119     0.00045
54266    -0.00047    -0.00059     0.00141
54296    -0.00062     0.00042     0.00201
54327    -0.00040     0.00107     0.00205
54358    -0.00038     0.00142     0.00158
54388    -0.00056     0.00125     0.00124
54419    -0.00019     0.00079     0.00074
54449     0.00013     0.00014     0.00011
54480     0.00060    -0.00052    -0.00040
54511     0.00084    -0.00085    -0.00078
54540     0.00083    -0.00127    -0.00107
54571     0.00061    -0.00127    -0.00096
54601     0.00009    -0.00118    -0.00008
54632    -0.00028    -0.00071     0.00090
54662    -0.00042     0.00005     0.00159
54693    -0.00029     0.00082     0.00163
54724    -0.00033     0.00109     0.00120
54754    -0.00047     0.00105     0.00070
54785    -0.00039     0.00101     0.00009
54815    -0.00011     0.00024    -0.00043
54846     0.00027    -0.00021    -0.00091
54877     0.00075    -0.00042    -0.00132
54905     0.00078    -0.00067    -0.00162
54936     0.00056    -0.00089    -0.00144
54966     0.00012    -0.00079    -0.00063
54997    -0.00030    -0.00050     0.00061
55027    -0.00037     0.00020     0.00141
55058    -0.00034     0.00082     0.00158
55089    -0.00038     0.00115     0.00143
55119    -0.00055     0.00102     0.00095
55150    -0.00012     0.00037     0.00009
55180     0.00035    -0.00020    -0.00054
55211     0.00086    -0.00043    -0.00115
55242     0.00076    -0.00053    -0.00151
55270     0.00099    -0.00058    -0.00166
55301     0.00084    -0.00067    -0.00128
55331     0.00049    -0.00060    -0.00064
55362     0.00009    -0.00028     0.00034
55392    -0.00012     0.00041     0.00135
55423    -0.00004     0.00131     0.00160
55454    -0.00009     0.00195     0.00114
55484    -0.00032     0.00206     0.00061
55515    -0.00029     0.00153    -0.00004
55545     0.00009     0.00095    -0.00086
55576     0.00052     0.00030    -0.00139
55607     0.00078    -0.00005    -0.00173
55635     0.00093    -0.00040    -0.00186
55666     0.00062    -0.00069    -0.00145
55696     0.00020    -0.00070    -0.00062
55727    -0.00030    -0.00009     0.00065
55757    -0.00062     0.00070     0.00159
55788    -0.00069     0.00146     0.00191
55819    -0.00072     0.00187     0.00163
55849    -0.00046     0.00159     0.00114
55880    -0.00018     0.00109     0.00062
55910    -0.00001     0.00057     0.00013
55941     0.00028     0.00012    -0.00038
55972     0.00036    -0.00019    -0.00061
56001     0.00032    -0.00022    -0.00051
56032     0.00009    -0.00046    -0.00029
56062    -0.00013    -0.00046     0.00020
56093    -0.00045    -0.00014     0.00135
56123    -0.00045     0.00066     0.00209
56154    -0.00036     0.00151     0.00211
56185    -0.00028     0.00215     0.00159
56215    -0.00037     0.00176     0.00106
56246    -0.00005     0.00144     0.00022
56276     0.00024     0.00093    -0.00040
56307     0.00045     0.00036    -0.00087
56338     0.00067    -0.00003    -0.00128
56366     0.00064    -0.00029    -0.00133
56397     0.00070    -0.00054    -0.00108
56427     0.00033    -0.00056    -0.00017
56458    -0.00020    -0.00037     0.00085
56488    -0.00043     0.00044     0.00172
56519    -0.00055     0.00114     0.00203
56550    -0.00074     0.00135     0.00202
56580    -0.00090     0.00118     0.00163
56611    -0.00075     0.00050     0.00121
56641    -0.00044    -0.00005     0.00078
56672    -0.00002    -0.00050     0.00042
56703     0.00022    -0.00086     0.00022
56731     0.00032    -0.00137     0.00023
56762     0.00019    -0.00149     0.00060
56792     0.00006    -0.00147     0.00102
56823    -0.00037    -0.00119     0.00179
56853    -0.00061    -0.00044     0.00241
56884    -0.00048     0.00047     0.00248
56915    -0.00049     0.00091     0.00198
56945    -0.00057     0.00074     0.00133
56976    -0.00046     0.00028     0.00066
57006    -0.00031    -0.00033     0.00018
57037    -0.00006    -0.00043    -0.00035
57068    -0.00003    -0.00083    -0.00084
57096    -0.00001    -0.00111    -0.00104
57127    -0.00000    -0.00118    -0.00085
57157    -0.00032    -0.00128    -0.00006
57188    -0.00065    -0.00105     0.00099
57218    -0.00082    -0.00059     0.00182
57249    -0.00079     0.00030     0.00192
57280    -0.00095     0.00082     0.00162
57310    -0.00117     0.00092     0.00106
57341    -0.00099     0.00082     0.00018
57371    -0.00075     0.00075    -0.00064
57402    -0.00028     0.00031    -0.00120
57433    -0.00002    -0.00019    -0.00154
57462     0.00019    -0.00075    -0.00176
57493     0.00031    -0.00099    -0.00159
57523     0.00016    -0.00083    -0.00098
57554    -0.00008    -0.00041     0.00008
