# Hydrology loading displacements computed from the monthly GLDAS NOAH model
# This is a product of the Hydrology loading service: http://lacerta.gsfc.nasa.gov/hydlo/
# Displacements are with respect to the center of mass of the total earth
#
# Created for VieVS on 17.03.2017 at 11:46:08 local time
# OFFSET + TREND REMOVED!!! - Hana 
# mjd up (meters) eastwest (meters) northsouth (meters)
43888    -0.00099     0.00046    -0.00050
43919    -0.00061     0.00045    -0.00119
43947    -0.00029     0.00055    -0.00105
43978     0.00096     0.00079    -0.00071
44008     0.00155     0.00080     0.00036
44039     0.00165     0.00055     0.00154
44069     0.00142    -0.00043     0.00213
44100     0.00108    -0.00107     0.00200
44131     0.00115    -0.00105     0.00171
44161     0.00132    -0.00096     0.00140
44192     0.00040    -0.00048     0.00078
44222    -0.00089     0.00018     0.00037
44253    -0.00099     0.00083    -0.00001
44284    -0.00255     0.00085    -0.00034
44313    -0.00299     0.00048    -0.00044
44344    -0.00146     0.00062    -0.00003
44374    -0.00015     0.00045     0.00097
44405     0.00061    -0.00009     0.00191
44435     0.00065    -0.00096     0.00235
44466     0.00074    -0.00152     0.00235
44497     0.00068    -0.00154     0.00205
44527     0.00087    -0.00119     0.00160
44558     0.00120    -0.00072     0.00093
44588    -0.00091    -0.00018     0.00034
44619    -0.00174     0.00014     0.00027
44650    -0.00566     0.00042     0.00013
44678    -0.00531     0.00044    -0.00032
44709    -0.00375     0.00055    -0.00021
44739    -0.00272     0.00076     0.00046
44770    -0.00184     0.00050     0.00167
44800    -0.00137    -0.00043     0.00216
44831    -0.00135    -0.00122     0.00213
44862    -0.00158    -0.00134     0.00188
44892    -0.00062    -0.00126     0.00128
44923     0.00008    -0.00100     0.00069
44953    -0.00027    -0.00042    -0.00011
44984     0.00004     0.00037    -0.00096
45015     0.00071     0.00047    -0.00149
45043     0.00094     0.00035    -0.00158
45074     0.00095     0.00064    -0.00109
45104     0.00060     0.00066    -0.00011
45135     0.00097     0.00081     0.00142
45165     0.00069     0.00058     0.00252
45196     0.00085    -0.00038     0.00229
45227     0.00142    -0.00081     0.00197
45257     0.00111    -0.00065     0.00143
45288     0.00018    -0.00067     0.00049
45318     0.00087    -0.00034    -0.00040
45349     0.00151     0.00006    -0.00115
45380     0.00208     0.00047    -0.00168
45408     0.00322     0.00047    -0.00176
45439     0.00376     0.00072    -0.00106
45469     0.00405     0.00041    -0.00007
45500     0.00324     0.00015     0.00129
45530     0.00277    -0.00074     0.00219
45561     0.00227    -0.00165     0.00227
45592     0.00287    -0.00217     0.00204
45622     0.00306    -0.00212     0.00146
45653     0.00244    -0.00146     0.00080
45683     0.00157    -0.00057    -0.00015
45714     0.00095    -0.00031    -0.00082
45745     0.00172     0.00024    -0.00096
45774     0.00248     0.00036    -0.00091
45805     0.00126     0.00087    -0.00045
45835     0.00224     0.00076     0.00048
45866     0.00257     0.00036     0.00148
45896     0.00230    -0.00040     0.00230
45927     0.00237    -0.00106     0.00251
45958     0.00254    -0.00121     0.00223
45988     0.00295    -0.00095     0.00158
46019     0.00273    -0.00021     0.00094
46049     0.00227     0.00035     0.00029
46080     0.00215     0.00122    -0.00033
46111    -0.00012     0.00166    -0.00087
46139     0.00003     0.00142    -0.00124
46170     0.00074     0.00148    -0.00054
46200     0.00173     0.00131     0.00018
46231     0.00229     0.00085     0.00138
46261     0.00206     0.00024     0.00196
46292     0.00238    -0.00032     0.00190
46323     0.00264    -0.00074     0.00177
46353     0.00312    -0.00076     0.00132
46384     0.00180    -0.00023     0.00054
46414     0.00121     0.00035    -0.00035
46445     0.00032     0.00070    -0.00096
46476     0.00070     0.00092    -0.00159
46504     0.00148     0.00114    -0.00181
46535     0.00121     0.00120    -0.00104
46565     0.00147     0.00130     0.00017
46596     0.00176     0.00132     0.00152
46626     0.00205     0.00020     0.00223
46657     0.00214    -0.00068     0.00229
46688     0.00233    -0.00066     0.00200
46718     0.00215    -0.00038     0.00157
46749     0.00001    -0.00029     0.00081
46779    -0.00002     0.00027     0.00012
46810    -0.00010     0.00081    -0.00050
46841     0.00094     0.00084    -0.00105
46869     0.00168     0.00089    -0.00161
46900     0.00231     0.00117    -0.00126
46930     0.00333     0.00107    -0.00024
46961     0.00347     0.00078     0.00067
46991     0.00346     0.00019     0.00168
47022     0.00323    -0.00045     0.00178
47053     0.00211    -0.00088     0.00129
47083     0.00074    -0.00076     0.00060
47114     0.00103    -0.00055     0.00002
47144    -0.00019     0.00018    -0.00039
47175     0.00018     0.00062    -0.00093
47206    -0.00037     0.00073    -0.00133
47235    -0.00423     0.00048    -0.00148
47266    -0.00379     0.00038    -0.00087
47296    -0.00276     0.00005    -0.00017
47327    -0.00210    -0.00018     0.00104
47357    -0.00188    -0.00075     0.00154
47388    -0.00137    -0.00151     0.00133
47419    -0.00137    -0.00190     0.00092
47449    -0.00164    -0.00168     0.00072
47480    -0.00187    -0.00108     0.00008
47510    -0.00141    -0.00045    -0.00070
47541    -0.00219    -0.00021    -0.00152
47572    -0.00401    -0.00005    -0.00195
47600    -0.00384    -0.00005    -0.00204
47631    -0.00243    -0.00021    -0.00149
47661    -0.00241    -0.00027    -0.00052
47692    -0.00230    -0.00034     0.00087
47722    -0.00200    -0.00086     0.00167
47753    -0.00167    -0.00126     0.00185
47784    -0.00080    -0.00144     0.00162
47814    -0.00022    -0.00140     0.00106
47845    -0.00108    -0.00086     0.00035
47875    -0.00255     0.00022    -0.00054
47906    -0.00201     0.00073    -0.00112
47937    -0.00231     0.00087    -0.00166
47965    -0.00149     0.00070    -0.00197
47996    -0.00176     0.00065    -0.00127
48026    -0.00158     0.00064    -0.00034
48057    -0.00049     0.00013     0.00076
48087    -0.00013    -0.00054     0.00139
48118     0.00010    -0.00099     0.00169
48149     0.00072    -0.00111     0.00149
48179     0.00152    -0.00111     0.00090
48210     0.00266    -0.00080     0.00004
48240     0.00250    -0.00021    -0.00091
48271     0.00158     0.00007    -0.00152
48302    -0.00121    -0.00026    -0.00193
48330    -0.00215     0.00013    -0.00237
48361    -0.00187     0.00054    -0.00182
48391    -0.00038     0.00084    -0.00096
48422    -0.00020     0.00038     0.00035
48452     0.00002    -0.00016     0.00131
48483     0.00025    -0.00093     0.00151
48514     0.00096    -0.00114     0.00143
48544     0.00114    -0.00109     0.00085
48575     0.00134    -0.00090     0.00010
48605     0.00169    -0.00060    -0.00064
48636     0.00227    -0.00005    -0.00136
48667     0.00365     0.00042    -0.00192
48696     0.00437     0.00068    -0.00220
48727     0.00488     0.00092    -0.00184
48757     0.00507     0.00079    -0.00062
48788     0.00490     0.00061     0.00068
48818     0.00468     0.00001     0.00137
48849     0.00436    -0.00069     0.00142
48880     0.00455    -0.00078     0.00111
48910     0.00498    -0.00090     0.00061
48941     0.00377    -0.00055    -0.00042
48971     0.00365     0.00015    -0.00075
49002     0.00312     0.00051    -0.00102
49033     0.00224     0.00046    -0.00151
49061     0.00176     0.00066    -0.00180
49092     0.00215     0.00084    -0.00160
49122     0.00279     0.00063    -0.00089
49153     0.00319     0.00032     0.00027
49183     0.00344    -0.00027     0.00081
49214     0.00333    -0.00098     0.00083
49245     0.00376    -0.00123     0.00046
49275     0.00206    -0.00112    -0.00022
49306     0.00205    -0.00062    -0.00081
49336     0.00136    -0.00007    -0.00125
49367     0.00065     0.00063    -0.00189
49398    -0.00176     0.00082    -0.00245
49426    -0.00097     0.00079    -0.00258
49457     0.00020     0.00104    -0.00215
49487     0.00097     0.00110    -0.00133
49518     0.00144     0.00089    -0.00038
49548     0.00158     0.00006    -0.00009
49579     0.00141    -0.00053    -0.00008
49610     0.00190    -0.00080    -0.00036
49640     0.00243    -0.00031    -0.00076
49671     0.00225     0.00013    -0.00160
49701     0.00313     0.00033    -0.00241
49732     0.00156     0.00056    -0.00299
49763     0.00151     0.00049    -0.00336
49791     0.00118     0.00051    -0.00346
49822     0.00023     0.00086    -0.00274
49852     0.00007     0.00108    -0.00184
49883     0.00068     0.00078    -0.00071
49913     0.00090    -0.00004    -0.00006
49944     0.00104    -0.00090    -0.00026
49975     0.00151    -0.00132    -0.00051
50005     0.00226    -0.00110    -0.00094
50036     0.00139    -0.00061    -0.00176
50066    -0.00129     0.00025    -0.00228
50097    -0.00241     0.00087    -0.00311
50128    -0.00459     0.00106    -0.00385
50157    -0.00644     0.00089    -0.00403
50188    -0.00751     0.00091    -0.00334
50218    -0.00782     0.00120    -0.00178
50249    -0.00914     0.00134     0.00038
50279    -0.01020     0.00168     0.00200
50310    -0.01061     0.00164     0.00295
50341    -0.00937     0.00178     0.00324
50371    -0.00951     0.00176     0.00281
50402    -0.00970     0.00182     0.00210
50432    -0.00992     0.00193     0.00106
50463    -0.00978     0.00176     0.00007
50494    -0.00925     0.00147    -0.00100
50522    -0.00960     0.00147    -0.00196
50553    -0.01051     0.00125    -0.00189
50583    -0.00979     0.00113    -0.00150
50614    -0.00833     0.00093    -0.00055
50644    -0.00650     0.00020     0.00003
50675    -0.00536    -0.00058     0.00031
50706    -0.00477    -0.00094    -0.00011
50736    -0.00494    -0.00083    -0.00116
50767    -0.00582    -0.00045    -0.00238
50797    -0.00617    -0.00005    -0.00335
50828    -0.00569     0.00002    -0.00409
50859    -0.00396     0.00031    -0.00441
50887    -0.00262     0.00040    -0.00484
50918    -0.00132     0.00043    -0.00439
50948     0.00017     0.00037    -0.00312
50979     0.00083     0.00011    -0.00180
51009     0.00109    -0.00089    -0.00133
51040     0.00096    -0.00157    -0.00116
51071     0.00124    -0.00190    -0.00139
51101     0.00111    -0.00171    -0.00207
51132     0.00168    -0.00116    -0.00269
51162    -0.00103    -0.00037    -0.00310
51193    -0.00137     0.00039    -0.00337
51224    -0.00084     0.00074    -0.00345
51252     0.00015     0.00085    -0.00325
51283     0.00062     0.00095    -0.00243
51313     0.00106     0.00083    -0.00162
51344     0.00153     0.00036    -0.00055
51374     0.00177    -0.00001     0.00017
51405     0.00159    -0.00072     0.00019
51436     0.00187    -0.00090     0.00006
51466     0.00222    -0.00096    -0.00038
51497     0.00244    -0.00072    -0.00066
51527     0.00105    -0.00008    -0.00090
51558    -0.00205     0.00099    -0.00119
51589    -0.00428     0.00145    -0.00118
51618    -0.00582     0.00140    -0.00104
51649    -0.00698     0.00131    -0.00110
51679    -0.00609     0.00075    -0.00082
51710    -0.00447     0.00022    -0.00002
51740    -0.00339    -0.00013     0.00073
51771    -0.00246    -0.00070     0.00095
51802    -0.00173    -0.00074     0.00079
51832    -0.00095    -0.00073     0.00022
51863    -0.00205    -0.00005    -0.00029
51893    -0.00352     0.00060    -0.00051
51924    -0.00183     0.00099    -0.00086
51955    -0.00082     0.00078    -0.00104
51983    -0.00110     0.00086    -0.00102
52014    -0.00133     0.00072    -0.00100
52044    -0.00127     0.00029    -0.00032
52075    -0.00014    -0.00005     0.00045
52105    -0.00002    -0.00072     0.00125
52136     0.00022    -0.00147     0.00156
52167     0.00051    -0.00158     0.00133
52197     0.00089    -0.00166     0.00083
52228    -0.00130    -0.00155     0.00037
52258    -0.00302    -0.00092     0.00007
52289    -0.00215    -0.00021    -0.00047
52320    -0.00145     0.00003    -0.00079
52348    -0.00023     0.00002    -0.00104
52379     0.00082     0.00052    -0.00079
52409     0.00160     0.00046    -0.00005
52440     0.00107     0.00016     0.00108
52470     0.00126    -0.00053     0.00180
52501     0.00098    -0.00117     0.00189
52532     0.00088    -0.00141     0.00155
52562     0.00128    -0.00124     0.00092
52593     0.00139    -0.00068     0.00026
52623     0.00106    -0.00029    -0.00024
52654     0.00037     0.00033    -0.00050
52685     0.00024     0.00056    -0.00066
52713     0.00026     0.00087    -0.00049
52744     0.00076     0.00109    -0.00021
52774     0.00185     0.00107     0.00040
52805     0.00214     0.00093     0.00131
52835     0.00207     0.00002     0.00190
52866     0.00209    -0.00078     0.00192
52897     0.00240    -0.00124     0.00150
52927     0.00281    -0.00122     0.00105
52958     0.00259    -0.00078     0.00033
52988     0.00256    -0.00032    -0.00003
53019     0.00161     0.00017    -0.00037
53050     0.00060     0.00065    -0.00050
53079    -0.00220     0.00086    -0.00032
53110    -0.00321     0.00090    -0.00015
53140    -0.00136     0.00086     0.00026
53171    -0.00018     0.00037     0.00100
53201     0.00008    -0.00018     0.00160
53232     0.00029    -0.00091     0.00162
53263     0.00104    -0.00132     0.00122
53293     0.00151    -0.00122     0.00071
53324     0.00181    -0.00058     0.00017
53354    -0.00035    -0.00001    -0.00009
53385    -0.00140     0.00046    -0.00053
53416    -0.00110     0.00094    -0.00102
53444    -0.00075     0.00131    -0.00142
53475    -0.00120     0.00111    -0.00116
53505    -0.00039     0.00098    -0.00071
53536     0.00050     0.00071     0.00033
53566     0.00096    -0.00022     0.00114
53597     0.00128    -0.00116     0.00133
53628     0.00187    -0.00163     0.00120
53658     0.00273    -0.00148     0.00088
53689     0.00259    -0.00110     0.00051
53719     0.00183     0.00003     0.00038
53750    -0.00029     0.00075     0.00037
53781    -0.00301     0.00083     0.00012
53809    -0.00510     0.00107     0.00007
53840    -0.00469     0.00120     0.00024
53870    -0.00324     0.00093     0.00059
53901    -0.00193     0.00033     0.00135
53931    -0.00148    -0.00061     0.00219
53962    -0.00150    -0.00120     0.00214
53993    -0.00063    -0.00146     0.00169
54023     0.00032    -0.00100     0.00121
54054     0.00017    -0.00022     0.00053
54084     0.00013     0.00043     0.00017
54115    -0.00065     0.00090     0.00017
54146     0.00004     0.00104    -0.00010
54174     0.00148     0.00123    -0.00021
54205     0.00134     0.00150     0.00016
54235     0.00188     0.00128     0.00054
54266     0.00192     0.00060     0.00129
54296     0.00199    -0.00044     0.00167
54327     0.00188    -0.00112     0.00158
54358     0.00216    -0.00151     0.00109
54388     0.00022    -0.00129     0.00079
54419    -0.00086    -0.00089     0.00060
54449    -0.00263    -0.00027     0.00042
54480    -0.00405     0.00059     0.00047
54511    -0.00412     0.00096     0.00015
54540    -0.00314     0.00136    -0.00032
54571    -0.00225     0.00141    -0.00046
54601    -0.00110     0.00125     0.00011
54632    -0.00040     0.00067     0.00077
54662     0.00001    -0.00016     0.00123
54693     0.00029    -0.00094     0.00117
54724     0.00111    -0.00124     0.00071
54754     0.00189    -0.00120     0.00020
54785     0.00113    -0.00113    -0.00026
54815     0.00099    -0.00027    -0.00053
54846    -0.00039     0.00039    -0.00049
54877    -0.00335     0.00056    -0.00056
54905    -0.00378     0.00083    -0.00076
54936    -0.00200     0.00107    -0.00073
54966    -0.00090     0.00088    -0.00015
54997    -0.00059     0.00043     0.00090
55027    -0.00030    -0.00032     0.00146
55058    -0.00025    -0.00094     0.00142
55089     0.00043    -0.00130     0.00120
55119     0.00062    -0.00122     0.00069
55150    -0.00008    -0.00049     0.00008
55180    -0.00101     0.00028    -0.00016
55211    -0.00214     0.00045    -0.00069
55242    -0.00203     0.00064    -0.00101
55270    -0.00148     0.00075    -0.00104
55301    -0.00267     0.00088    -0.00064
55331    -0.00242     0.00075    -0.00011
55362    -0.00117     0.00038     0.00060
55392    -0.00071    -0.00037     0.00136
55423    -0.00045    -0.00130     0.00143
55454     0.00051    -0.00198     0.00087
55484     0.00156    -0.00212     0.00029
55515     0.00165    -0.00155    -0.00031
55545     0.00021    -0.00081    -0.00085
55576    -0.00172    -0.00007    -0.00120
55607    -0.00140     0.00012    -0.00145
55635    -0.00028     0.00032    -0.00149
55666    -0.00026     0.00053    -0.00114
55696     0.00004     0.00045    -0.00053
55727     0.00024    -0.00023     0.00040
55757     0.00063    -0.00105     0.00110
55788     0.00057    -0.00174     0.00129
55819     0.00106    -0.00217     0.00101
55849     0.00095    -0.00183     0.00071
55880     0.00107    -0.00124     0.00043
55910     0.00052    -0.00073     0.00025
55941     0.00005     0.00000    -0.00008
55972     0.00023     0.00028    -0.00020
56001     0.00118     0.00027    -0.00013
56032     0.00155     0.00053    -0.00007
56062     0.00246     0.00050     0.00023
56093     0.00273     0.00013     0.00113
56123     0.00246    -0.00070     0.00161
56154     0.00230    -0.00156     0.00149
56185     0.00174    -0.00204     0.00090
56215     0.00171    -0.00169     0.00046
56246     0.00155    -0.00139    -0.00020
56276     0.00076    -0.00092    -0.00062
56307     0.00003    -0.00012    -0.00062
56338     0.00032     0.00051    -0.00088
56366     0.00138     0.00073    -0.00102
56397     0.00085     0.00097    -0.00087
56427     0.00092     0.00101    -0.00012
56458     0.00206     0.00069     0.00066
56488     0.00235    -0.00021     0.00134
56519     0.00234    -0.00096     0.00153
56550     0.00261    -0.00126     0.00148
56580     0.00235    -0.00113     0.00124
56611     0.00243    -0.00038     0.00085
56641     0.00056     0.00018     0.00056
56672    -0.00082     0.00069     0.00080
56703    -0.00230     0.00090     0.00092
56731    -0.00397     0.00151     0.00117
56762    -0.00275     0.00165     0.00146
56792    -0.00123     0.00158     0.00164
56823    -0.00016     0.00120     0.00215
56853     0.00037     0.00041     0.00250
56884     0.00042    -0.00051     0.00235
56915     0.00098    -0.00098     0.00179
56945     0.00139    -0.00085     0.00117
56976     0.00157    -0.00042     0.00045
57006     0.00146     0.00030     0.00007
57037     0.00092     0.00069    -0.00014
57068     0.00202     0.00115    -0.00058
57096     0.00291     0.00135    -0.00087
57127     0.00257     0.00126    -0.00058
57157     0.00343     0.00133     0.00003
57188     0.00379     0.00101     0.00083
57218     0.00369     0.00050     0.00143
57249     0.00354    -0.00038     0.00136
57280     0.00313    -0.00093     0.00104
57310     0.00363    -0.00104     0.00050
57341     0.00407    -0.00092    -0.00023
57371     0.00361    -0.00079    -0.00072
57402     0.00287    -0.00031    -0.00109
57433     0.00312     0.00022    -0.00138
57462     0.00209     0.00081    -0.00131
57493     0.00204     0.00102    -0.00114
57523     0.00253     0.00083    -0.00083
57554     0.00280     0.00037    -0.00003
