# Hydrology loading displacements computed from the monthly GLDAS NOAH model
# This is a product of the Hydrology loading service: http://lacerta.gsfc.nasa.gov/hydlo/
# Displacements are with respect to the center of mass of the total earth
#
# Created for VieVS on 17.03.2017 at 11:46:08 local time
# OFFSET + TREND REMOVED!!! - Hana 
# mjd up (meters) eastwest (meters) northsouth (meters)
43888    -0.00489    -0.00052    -0.00070
43919    -0.00616    -0.00063    -0.00137
43947    -0.00634    -0.00050    -0.00116
43978    -0.00512    -0.00054    -0.00063
44008    -0.00321    -0.00055     0.00059
44039     0.00042    -0.00041     0.00163
44069     0.00397     0.00016     0.00176
44100     0.00603     0.00059     0.00137
44131     0.00650     0.00058     0.00124
44161     0.00590     0.00054     0.00112
44192     0.00290     0.00001     0.00073
44222     0.00099    -0.00070     0.00033
44253    -0.00370    -0.00100    -0.00021
44284    -0.00560    -0.00077    -0.00064
44313    -0.00559    -0.00061    -0.00097
44344    -0.00401    -0.00071    -0.00034
44374    -0.00184    -0.00043     0.00063
44405     0.00057    -0.00000     0.00155
44435     0.00404     0.00040     0.00156
44466     0.00642     0.00067     0.00123
44497     0.00658     0.00082     0.00099
44527     0.00589     0.00071     0.00097
44558     0.00490     0.00035     0.00059
44588     0.00155    -0.00012     0.00020
44619     0.00062    -0.00050    -0.00013
44650    -0.00239    -0.00080    -0.00057
44678    -0.00282    -0.00102    -0.00092
44709    -0.00257    -0.00104    -0.00059
44739    -0.00092    -0.00098     0.00031
44770     0.00087    -0.00043     0.00168
44800     0.00412     0.00020     0.00167
44831     0.00637     0.00064     0.00123
44862     0.00701     0.00078     0.00098
44892     0.00518     0.00095     0.00064
44923     0.00077     0.00081     0.00015
44953    -0.00420     0.00026    -0.00013
44984    -0.00638    -0.00013    -0.00070
45015    -0.00651    -0.00016    -0.00120
45043    -0.00618    -0.00019    -0.00133
45074    -0.00648    -0.00042    -0.00072
45104    -0.00287    -0.00056     0.00026
45135    -0.00007    -0.00047     0.00172
45165     0.00256    -0.00031     0.00258
45196     0.00511     0.00019     0.00191
45227     0.00561     0.00057     0.00148
45257     0.00423     0.00053     0.00105
45288     0.00101     0.00057     0.00008
45318    -0.00428     0.00032    -0.00074
45349    -0.00659     0.00008    -0.00116
45380    -0.00871    -0.00006    -0.00163
45408    -0.00917     0.00020    -0.00156
45439    -0.00774     0.00018    -0.00062
45469    -0.00555     0.00045     0.00022
45500    -0.00148     0.00055     0.00142
45530     0.00185     0.00113     0.00203
45561     0.00455     0.00156     0.00159
45592     0.00524     0.00193     0.00119
45622     0.00441     0.00218     0.00079
45653    -0.00002     0.00189     0.00045
45683    -0.00683     0.00139    -0.00017
45714    -0.00723     0.00127    -0.00067
45745    -0.00705     0.00102    -0.00077
45774    -0.00683     0.00082    -0.00059
45805    -0.00566     0.00014     0.00004
45835    -0.00361     0.00013     0.00113
45866    -0.00092     0.00046     0.00202
45896     0.00255     0.00106     0.00227
45927     0.00491     0.00150     0.00194
45958     0.00555     0.00155     0.00171
45988     0.00447     0.00141     0.00131
46019    -0.00004     0.00084     0.00111
46049    -0.00402     0.00040     0.00052
46080    -0.00498    -0.00031    -0.00003
46111    -0.00568    -0.00071    -0.00085
46139    -0.00577    -0.00048    -0.00107
46170    -0.00443    -0.00070    -0.00046
46200    -0.00176    -0.00060     0.00027
46231     0.00105    -0.00020     0.00139
46261     0.00457    -0.00002     0.00148
46292     0.00610     0.00028     0.00117
46323     0.00579     0.00073     0.00100
46353     0.00468     0.00100     0.00084
46384     0.00252     0.00082     0.00049
46414    -0.00137     0.00032    -0.00033
46445    -0.00243    -0.00020    -0.00104
46476    -0.00558    -0.00049    -0.00141
46504    -0.00622    -0.00074    -0.00145
46535    -0.00421    -0.00078    -0.00084
46565    -0.00272    -0.00069     0.00042
46596     0.00054    -0.00067     0.00175
46626     0.00371     0.00012     0.00199
46657     0.00601     0.00058     0.00165
46688     0.00613     0.00055     0.00150
46718     0.00490     0.00043     0.00136
46749     0.00409     0.00019     0.00081
46779     0.00236    -0.00020     0.00030
46810     0.00015    -0.00054    -0.00015
46841    -0.00265    -0.00071    -0.00056
46869    -0.00421    -0.00072    -0.00094
46900    -0.00267    -0.00092    -0.00042
46930    -0.00024    -0.00073     0.00053
46961     0.00218    -0.00049     0.00115
46991     0.00462     0.00001     0.00180
47022     0.00608     0.00040     0.00159
47053     0.00681     0.00062     0.00105
47083     0.00696     0.00056     0.00058
47114     0.00561     0.00058     0.00020
47144     0.00134    -0.00010     0.00000
47175    -0.00228    -0.00049    -0.00059
47206    -0.00284    -0.00083    -0.00105
47235    -0.00173    -0.00109    -0.00132
47266    -0.00069    -0.00100    -0.00063
47296     0.00037    -0.00072    -0.00003
47327     0.00247    -0.00059     0.00112
47357     0.00525    -0.00015     0.00121
47388     0.00722     0.00029     0.00052
47419     0.00770     0.00065    -0.00003
47449     0.00722     0.00065    -0.00006
47480     0.00465     0.00020    -0.00010
47510     0.00153    -0.00028    -0.00047
47541    -0.00140    -0.00069    -0.00109
47572    -0.00206    -0.00085    -0.00157
47600    -0.00379    -0.00070    -0.00165
47631    -0.00267    -0.00062    -0.00113
47661    -0.00051    -0.00057    -0.00022
47692     0.00167    -0.00011     0.00104
47722     0.00478     0.00015     0.00144
47753     0.00676     0.00031     0.00126
47784     0.00652     0.00057     0.00099
47814     0.00543     0.00053     0.00048
47845     0.00398     0.00028     0.00016
47875     0.00317    -0.00058    -0.00051
47906     0.00095    -0.00115    -0.00107
47937    -0.00149    -0.00134    -0.00165
47965    -0.00207    -0.00108    -0.00169
47996    -0.00041    -0.00090    -0.00106
48026     0.00091    -0.00078    -0.00001
48057     0.00178    -0.00024     0.00101
48087     0.00482     0.00016     0.00120
48118     0.00658     0.00052     0.00112
48149     0.00703     0.00057     0.00088
48179     0.00644     0.00072     0.00039
48210     0.00512     0.00051    -0.00010
48240     0.00369     0.00004    -0.00072
48271     0.00263    -0.00017    -0.00132
48302     0.00159    -0.00025    -0.00170
48330    -0.00146    -0.00063    -0.00224
48361    -0.00150    -0.00093    -0.00167
48391    -0.00063    -0.00095    -0.00059
48422     0.00182    -0.00053     0.00054
48452     0.00436    -0.00012     0.00118
48483     0.00645     0.00030     0.00091
48514     0.00659     0.00063     0.00085
48544     0.00625     0.00063     0.00053
48575     0.00448     0.00069     0.00021
48605     0.00223     0.00058    -0.00023
48636    -0.00036     0.00018    -0.00090
48667    -0.00291    -0.00021    -0.00128
48696    -0.00431    -0.00033    -0.00130
48727    -0.00312    -0.00064    -0.00086
48757    -0.00072    -0.00049     0.00016
48788     0.00183    -0.00022     0.00121
48818     0.00356     0.00021     0.00158
48849     0.00556     0.00060     0.00119
48880     0.00599     0.00064     0.00089
48910     0.00582     0.00072     0.00050
48941     0.00360     0.00038    -0.00005
48971     0.00087    -0.00009    -0.00019
49002    -0.00429    -0.00015    -0.00089
49033    -0.00601    -0.00011    -0.00159
49061    -0.00619    -0.00021    -0.00183
49092    -0.00551    -0.00042    -0.00130
49122    -0.00336    -0.00030    -0.00057
49153    -0.00184    -0.00003     0.00044
49183     0.00113     0.00053     0.00077
49214     0.00347     0.00095     0.00048
49245     0.00432     0.00109     0.00007
49275     0.00397     0.00104    -0.00019
49306     0.00312     0.00076    -0.00051
49336     0.00090     0.00032    -0.00086
49367    -0.00086    -0.00049    -0.00130
49398    -0.00254    -0.00084    -0.00177
49426    -0.00355    -0.00072    -0.00184
49457    -0.00306    -0.00080    -0.00130
49487    -0.00203    -0.00076    -0.00052
49518     0.00005    -0.00062     0.00033
49548     0.00263    -0.00009     0.00028
49579     0.00480     0.00012    -0.00013
49610     0.00540     0.00027    -0.00056
49640     0.00482     0.00007    -0.00075
49671     0.00213    -0.00033    -0.00116
49701    -0.00063    -0.00044    -0.00182
49732    -0.00464    -0.00044    -0.00251
49763    -0.00587    -0.00028    -0.00300
49791    -0.00688    -0.00028    -0.00320
49822    -0.00615    -0.00051    -0.00239
49852    -0.00518    -0.00044    -0.00133
49883    -0.00295    -0.00006    -0.00036
49913     0.00009     0.00041    -0.00007
49944     0.00267     0.00078    -0.00064
49975     0.00369     0.00102    -0.00103
50005     0.00360     0.00091    -0.00120
50036     0.00272     0.00062    -0.00143
50066    -0.00045    -0.00012    -0.00144
50097    -0.00374    -0.00064    -0.00206
50128    -0.00745    -0.00073    -0.00281
50157    -0.00790    -0.00059    -0.00328
50188    -0.00749    -0.00066    -0.00280
50218    -0.00658    -0.00085    -0.00111
50249    -0.00416    -0.00101     0.00057
50279    -0.00324    -0.00117     0.00226
50310    -0.00059    -0.00117     0.00326
50341    -0.00154    -0.00130     0.00343
50371    -0.00170    -0.00138     0.00302
50402    -0.00497    -0.00142     0.00222
50432    -0.00619    -0.00135     0.00122
50463    -0.00735    -0.00128     0.00016
50494    -0.00723    -0.00113    -0.00093
50522    -0.00642    -0.00124    -0.00171
50553    -0.00546    -0.00140    -0.00174
50583    -0.00424    -0.00125    -0.00138
50614    -0.00256    -0.00089    -0.00037
50644    -0.00008    -0.00020     0.00002
50675     0.00207     0.00046    -0.00006
50706     0.00228     0.00086    -0.00051
50736     0.00114     0.00083    -0.00131
50767    -0.00126     0.00050    -0.00230
50797    -0.00405    -0.00000    -0.00325
50828    -0.00793    -0.00007    -0.00385
50859    -0.01045     0.00015    -0.00411
50887    -0.00972     0.00025    -0.00417
50918    -0.00914     0.00026    -0.00362
50948    -0.00789     0.00050    -0.00232
50979    -0.00642     0.00077    -0.00103
51009    -0.00268     0.00132    -0.00097
51040     0.00074     0.00149    -0.00132
51071     0.00225     0.00159    -0.00179
51101     0.00148     0.00163    -0.00222
51132    -0.00142     0.00135    -0.00234
51162    -0.00539     0.00075    -0.00237
51193    -0.00682     0.00028    -0.00255
51224    -0.00881     0.00002    -0.00276
51252    -0.00815    -0.00016    -0.00272
51283    -0.00688    -0.00025    -0.00204
51313    -0.00491    -0.00005    -0.00101
51344    -0.00224     0.00045    -0.00005
51374     0.00068     0.00068     0.00032
51405     0.00291     0.00089    -0.00010
51436     0.00378     0.00095    -0.00033
51466     0.00393     0.00091    -0.00066
51497     0.00248     0.00058    -0.00072
51527     0.00070    -0.00006    -0.00074
51558    -0.00063    -0.00134    -0.00083
51589    -0.00306    -0.00189    -0.00122
51618    -0.00468    -0.00164    -0.00146
51649    -0.00345    -0.00164    -0.00127
51679    -0.00202    -0.00108    -0.00089
51710     0.00017    -0.00034    -0.00017
51740     0.00278     0.00008     0.00037
51771     0.00483     0.00047     0.00028
51802     0.00505     0.00049     0.00021
51832     0.00462     0.00050    -0.00025
51863     0.00294     0.00023    -0.00048
51893     0.00215    -0.00028    -0.00070
51924     0.00049    -0.00055    -0.00088
51955    -0.00164    -0.00033    -0.00118
51983    -0.00373    -0.00047    -0.00134
52014    -0.00307    -0.00061    -0.00094
52044    -0.00101    -0.00034    -0.00002
52075     0.00158     0.00005     0.00066
52105     0.00375     0.00058     0.00112
52136     0.00528     0.00113     0.00104
52167     0.00558     0.00126     0.00089
52197     0.00545     0.00130     0.00050
52228     0.00413     0.00101     0.00007
52258    -0.00004     0.00029     0.00002
52289    -0.00262    -0.00045    -0.00030
52320    -0.00315    -0.00063    -0.00040
52348    -0.00358    -0.00059    -0.00046
52379    -0.00270    -0.00085    -0.00005
52409    -0.00129    -0.00055     0.00075
52440     0.00105    -0.00017     0.00177
52470     0.00367     0.00046     0.00201
52501     0.00533     0.00088     0.00178
52532     0.00571     0.00105     0.00139
52562     0.00527     0.00096     0.00072
52593     0.00390     0.00047     0.00014
52623     0.00157    -0.00008    -0.00008
52654    -0.00231    -0.00091    -0.00015
52685    -0.00327    -0.00116    -0.00013
52713    -0.00361    -0.00124     0.00007
52744    -0.00355    -0.00145     0.00050
52774    -0.00314    -0.00115     0.00122
52805    -0.00017    -0.00078     0.00194
52835     0.00295    -0.00002     0.00194
52866     0.00499     0.00047     0.00152
52897     0.00562     0.00084     0.00095
52927     0.00547     0.00091     0.00061
52958     0.00407     0.00054     0.00024
52988     0.00154     0.00004     0.00011
53019    -0.00114    -0.00069     0.00000
53050    -0.00258    -0.00116    -0.00008
53079    -0.00357    -0.00120    -0.00017
53110    -0.00172    -0.00140    -0.00009
53140    -0.00022    -0.00114     0.00056
53171     0.00136    -0.00045     0.00124
53201     0.00374     0.00008     0.00146
53232     0.00543     0.00058     0.00108
53263     0.00547     0.00101     0.00071
53293     0.00441     0.00098     0.00036
53324     0.00213     0.00062     0.00009
53354     0.00067    -0.00002    -0.00030
53385    -0.00285    -0.00046    -0.00069
53416    -0.00391    -0.00080    -0.00081
53444    -0.00437    -0.00112    -0.00093
53475    -0.00444    -0.00113    -0.00044
53505    -0.00374    -0.00098     0.00017
53536    -0.00189    -0.00059     0.00116
53566     0.00132     0.00017     0.00150
53597     0.00375     0.00094     0.00118
53628     0.00459     0.00134     0.00088
53658     0.00406     0.00140     0.00080
53689     0.00242     0.00116     0.00080
53719    -0.00060     0.00012     0.00093
53750    -0.00573    -0.00062     0.00086
53781    -0.00579    -0.00087     0.00064
53809    -0.00667    -0.00118     0.00034
53840    -0.00644    -0.00120     0.00047
53870    -0.00378    -0.00078     0.00094
53901    -0.00119    -0.00020     0.00162
53931     0.00218     0.00061     0.00195
53962     0.00445     0.00095     0.00159
53993     0.00514     0.00119     0.00107
54023     0.00467     0.00097     0.00095
54054     0.00338     0.00021     0.00069
54084     0.00134    -0.00038     0.00056
54115    -0.00038    -0.00071     0.00053
54146    -0.00137    -0.00091     0.00014
54174    -0.00242    -0.00107     0.00022
54205    -0.00187    -0.00117     0.00070
54235    -0.00057    -0.00099     0.00107
54266     0.00183    -0.00033     0.00152
54296     0.00416     0.00042     0.00137
54327     0.00582     0.00065     0.00086
54358     0.00624     0.00089     0.00026
54388     0.00474     0.00088     0.00025
54419     0.00381     0.00032     0.00014
54449     0.00162    -0.00024     0.00006
54480    -0.00183    -0.00082    -0.00002
54511    -0.00474    -0.00098    -0.00014
54540    -0.00534    -0.00120    -0.00012
54571    -0.00436    -0.00118     0.00006
54601    -0.00236    -0.00091     0.00077
54632    -0.00008    -0.00035     0.00132
54662     0.00301     0.00018     0.00126
54693     0.00500     0.00058     0.00070
54724     0.00533     0.00083     0.00014
54754     0.00470     0.00086    -0.00019
54785     0.00295     0.00088    -0.00052
54815     0.00171     0.00023    -0.00050
54846    -0.00044    -0.00019    -0.00042
54877    -0.00196    -0.00049    -0.00082
54905    -0.00453    -0.00067    -0.00096
54936    -0.00384    -0.00080    -0.00061
54966    -0.00272    -0.00054     0.00008
54997    -0.00047    -0.00010     0.00092
55027     0.00246     0.00041     0.00106
55058     0.00447     0.00075     0.00072
55089     0.00522     0.00091     0.00033
55119     0.00423     0.00102     0.00002
55150     0.00296     0.00032    -0.00031
55180     0.00134    -0.00027    -0.00052
55211    -0.00199    -0.00061    -0.00084
55242    -0.00598    -0.00043    -0.00111
55270    -0.00652    -0.00061    -0.00127
55301    -0.00606    -0.00073    -0.00081
55331    -0.00482    -0.00056    -0.00022
55362    -0.00317    -0.00014     0.00058
55392     0.00058     0.00048     0.00091
55423     0.00357     0.00101     0.00047
55454     0.00438     0.00150    -0.00016
55484     0.00382     0.00170    -0.00053
55515     0.00131     0.00125    -0.00066
55545    -0.00248     0.00078    -0.00096
55576    -0.00564     0.00026    -0.00105
55607    -0.00623     0.00002    -0.00113
55635    -0.00825    -0.00015    -0.00105
55666    -0.00786    -0.00020    -0.00047
55696    -0.00614    -0.00006     0.00026
55727    -0.00435     0.00055     0.00098
55757    -0.00085     0.00116     0.00122
55788     0.00220     0.00157     0.00093
55819     0.00373     0.00181     0.00036
55849     0.00319     0.00143     0.00002
55880     0.00242     0.00092    -0.00013
55910     0.00134     0.00052    -0.00018
55941    -0.00013     0.00001    -0.00025
55972    -0.00237    -0.00021    -0.00019
56001    -0.00376    -0.00015     0.00003
56032    -0.00533    -0.00034     0.00023
56062    -0.00311    -0.00027     0.00060
56093    -0.00043     0.00007     0.00142
56123     0.00262     0.00056     0.00145
56154     0.00491     0.00107     0.00082
56185     0.00594     0.00147    -0.00003
56215     0.00544     0.00123    -0.00027
56246     0.00373     0.00082    -0.00072
56276    -0.00132     0.00008    -0.00096
56307    -0.00295    -0.00039    -0.00107
56338    -0.00269    -0.00066    -0.00116
56366    -0.00252    -0.00078    -0.00099
56397    -0.00210    -0.00101    -0.00067
56427     0.00005    -0.00078     0.00006
56458     0.00156    -0.00022     0.00086
56488     0.00366     0.00051     0.00109
56519     0.00522     0.00106     0.00087
56550     0.00536     0.00129     0.00073
56580     0.00444     0.00124     0.00064
56611     0.00374     0.00076     0.00064
56641     0.00282     0.00030     0.00055
56672     0.00266    -0.00020     0.00049
56703     0.00090    -0.00060     0.00055
56731    -0.00180    -0.00117     0.00081
56762    -0.00154    -0.00122     0.00120
56792     0.00006    -0.00113     0.00151
56823     0.00197    -0.00067     0.00194
56853     0.00395    -0.00004     0.00198
56884     0.00551     0.00044     0.00140
56915     0.00556     0.00077     0.00076
56945     0.00427     0.00064     0.00036
56976     0.00277     0.00024     0.00017
57006    -0.00162    -0.00037     0.00004
57037    -0.00279    -0.00047    -0.00019
57068    -0.00377    -0.00082    -0.00031
57096    -0.00335    -0.00100    -0.00030
57127    -0.00231    -0.00107    -0.00009
57157    -0.00095    -0.00080     0.00055
57188     0.00088    -0.00033     0.00119
57218     0.00312     0.00005     0.00147
57249     0.00472     0.00054     0.00105
57280     0.00505     0.00089     0.00059
57310     0.00455     0.00107     0.00012
57341     0.00312     0.00109    -0.00045
57371     0.00037     0.00094    -0.00081
57402    -0.00345     0.00024    -0.00099
57433    -0.00510    -0.00027    -0.00099
57462    -0.00595    -0.00088    -0.00094
57493    -0.00473    -0.00106    -0.00076
57523    -0.00311    -0.00077    -0.00042
57554    -0.00050    -0.00030     0.00019
