# Hydrology loading displacements computed from the monthly GLDAS NOAH model
# This is a product of the Hydrology loading service: http://lacerta.gsfc.nasa.gov/hydlo/
# Displacements are with respect to the center of mass of the total earth
#
# Created for VieVS on 17.03.2017 at 11:46:08 local time
# OFFSET + TREND REMOVED!!! - Hana 
# mjd up (meters) eastwest (meters) northsouth (meters)
43888    -0.00379    -0.00134    -0.00005
43919    -0.00404    -0.00182    -0.00047
43947    -0.00433    -0.00158    -0.00049
43978    -0.00360    -0.00103    -0.00008
44008    -0.00163    -0.00020     0.00073
44039     0.00034     0.00043     0.00144
44069     0.00354     0.00094     0.00120
44100     0.00419     0.00093     0.00081
44131     0.00339     0.00082     0.00073
44161     0.00183     0.00079     0.00063
44192     0.00052     0.00033     0.00042
44222     0.00012    -0.00022     0.00021
44253    -0.00053    -0.00056     0.00015
44284    -0.00072    -0.00069    -0.00013
44313    -0.00181    -0.00095    -0.00043
44344    -0.00224    -0.00076     0.00007
44374    -0.00031     0.00007     0.00075
44405     0.00210     0.00070     0.00117
44435     0.00414     0.00094     0.00105
44466     0.00535     0.00089     0.00082
44497     0.00564     0.00095     0.00065
44527     0.00399     0.00109     0.00073
44558     0.00228     0.00073     0.00040
44588     0.00069     0.00017     0.00019
44619     0.00062    -0.00017     0.00011
44650    -0.00098    -0.00073    -0.00004
44678    -0.00187    -0.00116    -0.00017
44709    -0.00126    -0.00096     0.00011
44739    -0.00058    -0.00046     0.00078
44770     0.00102     0.00048     0.00150
44800     0.00308     0.00082     0.00119
44831     0.00473     0.00086     0.00082
44862     0.00488     0.00082     0.00061
44892     0.00315     0.00089     0.00035
44923     0.00138     0.00064    -0.00006
44953    -0.00041     0.00026    -0.00031
44984    -0.00275    -0.00049    -0.00057
45015    -0.00435    -0.00105    -0.00091
45043    -0.00404    -0.00103    -0.00098
45074    -0.00353    -0.00069    -0.00025
45104    -0.00117    -0.00026     0.00044
45135     0.00051     0.00034     0.00142
45165     0.00324     0.00094     0.00199
45196     0.00467     0.00093     0.00129
45227     0.00493     0.00107     0.00094
45257     0.00395     0.00076     0.00067
45288     0.00207     0.00032     0.00000
45318    -0.00039    -0.00028    -0.00057
45349    -0.00244    -0.00061    -0.00081
45380    -0.00458    -0.00105    -0.00094
45408    -0.00478    -0.00071    -0.00097
45439    -0.00442    -0.00024    -0.00037
45469    -0.00261     0.00044     0.00023
45500    -0.00041     0.00098     0.00112
45530     0.00354     0.00172     0.00106
45561     0.00641     0.00185     0.00055
45592     0.00716     0.00207     0.00004
45622     0.00577     0.00206    -0.00027
45653     0.00234     0.00169    -0.00023
45683    -0.00221     0.00054    -0.00034
45714    -0.00326    -0.00014    -0.00073
45745    -0.00427    -0.00028    -0.00080
45774    -0.00507    -0.00034    -0.00056
45805    -0.00437    -0.00039     0.00019
45835    -0.00229     0.00023     0.00091
45866    -0.00027     0.00100     0.00134
45896     0.00204     0.00158     0.00126
45927     0.00414     0.00176     0.00078
45958     0.00512     0.00188     0.00055
45988     0.00420     0.00173     0.00026
46019     0.00162     0.00125     0.00025
46049    -0.00095     0.00058     0.00008
46080    -0.00248    -0.00016     0.00021
46111    -0.00325    -0.00097    -0.00020
46139    -0.00373    -0.00084    -0.00037
46170    -0.00253    -0.00067     0.00029
46200    -0.00067    -0.00002     0.00065
46231     0.00102     0.00078     0.00132
46261     0.00308     0.00091     0.00141
46292     0.00447     0.00087     0.00085
46323     0.00425     0.00095     0.00046
46353     0.00243     0.00096     0.00030
46384     0.00001     0.00051    -0.00000
46414    -0.00192    -0.00026    -0.00024
46445    -0.00285    -0.00079    -0.00046
46476    -0.00470    -0.00124    -0.00065
46504    -0.00491    -0.00138    -0.00057
46535    -0.00304    -0.00092    -0.00011
46565    -0.00087    -0.00001     0.00072
46596     0.00009     0.00064     0.00184
46626     0.00270     0.00118     0.00167
46657     0.00369     0.00114     0.00134
46688     0.00398     0.00115     0.00129
46718     0.00264     0.00080     0.00123
46749     0.00119     0.00031     0.00068
46779    -0.00198    -0.00035     0.00037
46810    -0.00344    -0.00075     0.00015
46841    -0.00405    -0.00089    -0.00012
46869    -0.00418    -0.00089    -0.00054
46900    -0.00359    -0.00076    -0.00014
46930    -0.00069     0.00025     0.00047
46961     0.00168     0.00071     0.00097
46991     0.00348     0.00133     0.00132
47022     0.00584     0.00156     0.00096
47053     0.00530     0.00126     0.00045
47083     0.00374     0.00101     0.00029
47114     0.00244     0.00091     0.00009
47144     0.00011     0.00038     0.00012
47175    -0.00153    -0.00021    -0.00025
47206    -0.00355    -0.00085    -0.00045
47235    -0.00373    -0.00127    -0.00047
47266    -0.00218    -0.00088    -0.00003
47296    -0.00061    -0.00033     0.00032
47327     0.00261     0.00064     0.00098
47357     0.00517     0.00111     0.00089
47388     0.00552     0.00078     0.00025
47419     0.00509     0.00062    -0.00022
47449     0.00439     0.00074    -0.00028
47480     0.00138     0.00036    -0.00020
47510     0.00005    -0.00014    -0.00048
47541    -0.00129    -0.00078    -0.00081
47572    -0.00226    -0.00116    -0.00108
47600    -0.00313    -0.00113    -0.00131
47631    -0.00242    -0.00094    -0.00095
47661    -0.00139    -0.00053    -0.00012
47692    -0.00053     0.00017     0.00086
47722     0.00229     0.00048     0.00089
47753     0.00365     0.00047     0.00072
47784     0.00355     0.00050     0.00042
47814     0.00182     0.00030     0.00003
47845     0.00040     0.00023    -0.00011
47875    -0.00046    -0.00048    -0.00021
47906    -0.00193    -0.00115    -0.00048
47937    -0.00447    -0.00174    -0.00073
47965    -0.00396    -0.00138    -0.00093
47996    -0.00290    -0.00102    -0.00047
48026    -0.00179    -0.00058     0.00029
48057     0.00042     0.00027     0.00068
48087     0.00327     0.00079     0.00074
48118     0.00374     0.00085     0.00066
48149     0.00395     0.00088     0.00044
48179     0.00198     0.00075     0.00015
48210     0.00011     0.00052    -0.00035
48240    -0.00164    -0.00002    -0.00072
48271    -0.00318    -0.00063    -0.00109
48302    -0.00334    -0.00092    -0.00136
48330    -0.00398    -0.00127    -0.00147
48361    -0.00322    -0.00109    -0.00085
48391    -0.00201    -0.00059    -0.00008
48422     0.00115     0.00016     0.00055
48452     0.00441     0.00093     0.00073
48483     0.00531     0.00108     0.00044
48514     0.00459     0.00136     0.00034
48544     0.00261     0.00125     0.00029
48575     0.00111     0.00106    -0.00010
48605    -0.00096     0.00046    -0.00054
48636    -0.00238    -0.00003    -0.00083
48667    -0.00371    -0.00028    -0.00088
48696    -0.00472    -0.00019    -0.00084
48727    -0.00437    -0.00015    -0.00034
48757    -0.00217     0.00046     0.00044
48788    -0.00047     0.00102     0.00117
48818     0.00135     0.00136     0.00131
48849     0.00257     0.00118     0.00078
48880     0.00243     0.00096     0.00053
48910     0.00218     0.00094     0.00014
48941    -0.00010     0.00041    -0.00022
48971    -0.00164     0.00002    -0.00036
49002    -0.00265    -0.00049    -0.00065
49033    -0.00340    -0.00094    -0.00099
49061    -0.00479    -0.00121    -0.00117
49092    -0.00438    -0.00104    -0.00081
49122    -0.00204    -0.00042    -0.00028
49153     0.00020     0.00031     0.00047
49183     0.00286     0.00088     0.00034
49214     0.00464     0.00102    -0.00010
49245     0.00476     0.00096    -0.00049
49275     0.00317     0.00085    -0.00057
49306     0.00088     0.00057    -0.00069
49336    -0.00177    -0.00005    -0.00082
49367    -0.00398    -0.00089    -0.00087
49398    -0.00496    -0.00146    -0.00105
49426    -0.00544    -0.00146    -0.00123
49457    -0.00432    -0.00109    -0.00069
49487    -0.00292    -0.00062    -0.00001
49518    -0.00098    -0.00006     0.00059
49548     0.00047     0.00004     0.00024
49579     0.00128    -0.00025    -0.00025
49610     0.00158    -0.00023    -0.00070
49640     0.00074    -0.00031    -0.00076
49671    -0.00034    -0.00067    -0.00109
49701    -0.00268    -0.00114    -0.00158
49732    -0.00368    -0.00142    -0.00195
49763    -0.00388    -0.00159    -0.00232
49791    -0.00442    -0.00177    -0.00237
49822    -0.00350    -0.00146    -0.00159
49852    -0.00251    -0.00101    -0.00076
49883    -0.00070    -0.00028    -0.00022
49913     0.00196     0.00022    -0.00038
49944     0.00322     0.00002    -0.00106
49975     0.00429     0.00024    -0.00153
50005     0.00141    -0.00010    -0.00144
50036    -0.00153    -0.00044    -0.00153
50066    -0.00227    -0.00091    -0.00145
50097    -0.00317    -0.00157    -0.00185
50128    -0.00421    -0.00205    -0.00231
50157    -0.00481    -0.00223    -0.00254
50188    -0.00375    -0.00198    -0.00206
50218    -0.00265    -0.00116    -0.00060
50249    -0.00044    -0.00041     0.00084
50279     0.00169     0.00057     0.00210
50310     0.00344     0.00116     0.00278
50341     0.00425     0.00130     0.00293
50371     0.00349     0.00112     0.00265
50402     0.00192     0.00061     0.00220
50432    -0.00004    -0.00007     0.00144
50463    -0.00199    -0.00089     0.00078
50494    -0.00370    -0.00161    -0.00003
50522    -0.00455    -0.00224    -0.00059
50553    -0.00365    -0.00256    -0.00057
50583    -0.00270    -0.00243    -0.00037
50614    -0.00106    -0.00155     0.00016
50644     0.00096    -0.00070     0.00001
50675     0.00234    -0.00017    -0.00045
50706     0.00210    -0.00015    -0.00098
50736     0.00091    -0.00073    -0.00165
50767    -0.00140    -0.00166    -0.00236
50797    -0.00277    -0.00252    -0.00280
50828    -0.00416    -0.00289    -0.00303
50859    -0.00505    -0.00272    -0.00320
50887    -0.00549    -0.00252    -0.00330
50918    -0.00432    -0.00196    -0.00299
50948    -0.00284    -0.00102    -0.00233
50979    -0.00146    -0.00020    -0.00144
51009    -0.00024    -0.00007    -0.00159
51040     0.00248    -0.00011    -0.00194
51071     0.00300    -0.00016    -0.00225
51101     0.00111    -0.00030    -0.00254
51132     0.00005    -0.00028    -0.00265
51162    -0.00127    -0.00061    -0.00262
51193    -0.00362    -0.00121    -0.00263
51224    -0.00473    -0.00152    -0.00251
51252    -0.00468    -0.00158    -0.00227
51283    -0.00314    -0.00118    -0.00163
51313    -0.00155    -0.00052    -0.00105
51344     0.00060     0.00042    -0.00047
51374     0.00310     0.00082    -0.00024
51405     0.00495     0.00072    -0.00067
51436     0.00429     0.00053    -0.00084
51466     0.00203     0.00016    -0.00090
51497     0.00160     0.00007    -0.00100
51527     0.00046    -0.00029    -0.00087
51558    -0.00087    -0.00134    -0.00035
51589    -0.00179    -0.00190    -0.00019
51618    -0.00211    -0.00208    -0.00033
51649    -0.00255    -0.00224    -0.00012
51679    -0.00103    -0.00160    -0.00006
51710     0.00055    -0.00066     0.00002
51740     0.00196    -0.00002     0.00023
51771     0.00260     0.00014    -0.00012
51802     0.00371     0.00031    -0.00033
51832     0.00343     0.00023    -0.00066
51863     0.00222    -0.00010    -0.00058
51893     0.00063    -0.00088    -0.00044
51924    -0.00111    -0.00105    -0.00041
51955    -0.00224    -0.00095    -0.00064
51983    -0.00321    -0.00106    -0.00064
52014    -0.00311    -0.00104    -0.00040
52044    -0.00038    -0.00007     0.00006
52075     0.00052     0.00045     0.00035
52105     0.00338     0.00129     0.00043
52136     0.00615     0.00174    -0.00014
52167     0.00658     0.00190    -0.00033
52197     0.00575     0.00172    -0.00052
52228     0.00510     0.00134    -0.00066
52258     0.00310     0.00075    -0.00046
52289     0.00161     0.00013    -0.00037
52320     0.00037    -0.00009    -0.00033
52348    -0.00073    -0.00015    -0.00031
52379    -0.00152    -0.00012     0.00014
52409    -0.00132     0.00039     0.00062
52440    -0.00013     0.00120     0.00130
52470     0.00316     0.00202     0.00122
52501     0.00591     0.00228     0.00080
52532     0.00654     0.00219     0.00034
52562     0.00453     0.00155    -0.00004
52593     0.00184     0.00075    -0.00019
52623    -0.00032     0.00023    -0.00003
52654    -0.00188    -0.00041     0.00018
52685    -0.00255    -0.00065     0.00030
52713    -0.00336    -0.00074     0.00046
52744    -0.00345    -0.00070     0.00081
52774    -0.00228     0.00001     0.00119
52805    -0.00137     0.00057     0.00153
52835     0.00142     0.00107     0.00124
52866     0.00196     0.00100     0.00086
52897     0.00300     0.00096     0.00012
52927     0.00152     0.00091     0.00001
52958    -0.00070     0.00054    -0.00002
52988    -0.00227     0.00007     0.00009
53019    -0.00286    -0.00040     0.00039
53050    -0.00325    -0.00081     0.00056
53079    -0.00353    -0.00090     0.00060
53110    -0.00382    -0.00110     0.00076
53140    -0.00246    -0.00045     0.00102
53171    -0.00064     0.00034     0.00112
53201     0.00131     0.00082     0.00113
53232     0.00225     0.00079     0.00063
53263     0.00152     0.00081     0.00016
53293     0.00071     0.00069    -0.00023
53324    -0.00043     0.00030    -0.00022
53354    -0.00238    -0.00066    -0.00009
53385    -0.00349    -0.00113     0.00001
53416    -0.00431    -0.00123     0.00016
53444    -0.00522    -0.00133     0.00033
53475    -0.00477    -0.00105     0.00054
53505    -0.00317    -0.00054     0.00088
53536    -0.00104     0.00029     0.00129
53566     0.00145     0.00095     0.00098
53597     0.00383     0.00144     0.00037
53628     0.00404     0.00160     0.00015
53658     0.00130     0.00142     0.00028
53689     0.00026     0.00129     0.00022
53719    -0.00161     0.00073     0.00071
53750    -0.00358     0.00012     0.00116
53781    -0.00426    -0.00033     0.00129
53809    -0.00374    -0.00064     0.00136
53840    -0.00297    -0.00066     0.00152
53870    -0.00249    -0.00015     0.00155
53901    -0.00108     0.00067     0.00157
53931     0.00129     0.00133     0.00142
53962     0.00360     0.00147     0.00104
53993     0.00391     0.00137     0.00043
54023     0.00208     0.00118     0.00064
54054    -0.00043     0.00043     0.00070
54084    -0.00100     0.00001     0.00063
54115    -0.00219    -0.00037     0.00071
54146    -0.00208    -0.00062     0.00058
54174    -0.00288    -0.00058     0.00064
54205    -0.00361    -0.00047     0.00115
54235    -0.00176    -0.00000     0.00138
54266     0.00093     0.00089     0.00143
54296     0.00339     0.00139     0.00101
54327     0.00538     0.00128     0.00042
54358     0.00622     0.00125    -0.00019
54388     0.00535     0.00127    -0.00022
54419     0.00340     0.00058    -0.00001
54449     0.00085    -0.00016     0.00025
54480    -0.00133    -0.00085     0.00059
54511    -0.00334    -0.00124     0.00069
54540    -0.00500    -0.00136     0.00089
54571    -0.00396    -0.00115     0.00087
54601    -0.00181    -0.00040     0.00105
54632     0.00034     0.00040     0.00117
54662     0.00243     0.00086     0.00098
54693     0.00350     0.00088     0.00054
54724     0.00382     0.00086    -0.00021
54754     0.00301     0.00084    -0.00044
54785     0.00163     0.00062    -0.00065
54815    -0.00087     0.00001    -0.00035
54846    -0.00237    -0.00056    -0.00018
54877    -0.00265    -0.00106    -0.00019
54905    -0.00325    -0.00120    -0.00017
54936    -0.00341    -0.00107     0.00004
54966    -0.00197    -0.00045     0.00035
54997    -0.00027     0.00033     0.00076
55027     0.00104     0.00076     0.00078
55058     0.00230     0.00069     0.00040
55089     0.00382     0.00075    -0.00013
55119     0.00244     0.00062    -0.00030
55150     0.00048    -0.00019    -0.00030
55180    -0.00124    -0.00082    -0.00015
55211    -0.00209    -0.00138    -0.00020
55242    -0.00306    -0.00142    -0.00038
55270    -0.00354    -0.00162    -0.00036
55301    -0.00259    -0.00127    -0.00005
55331    -0.00083    -0.00069     0.00008
55362     0.00104     0.00007     0.00024
55392     0.00356     0.00073     0.00029
55423     0.00590     0.00085    -0.00026
55454     0.00682     0.00097    -0.00097
55484     0.00424     0.00082    -0.00113
55515     0.00257     0.00058    -0.00109
55545     0.00008    -0.00014    -0.00105
55576    -0.00118    -0.00061    -0.00083
55607    -0.00257    -0.00093    -0.00074
55635    -0.00425    -0.00120    -0.00055
55666    -0.00425    -0.00095    -0.00011
55696    -0.00337    -0.00048     0.00043
55727    -0.00058     0.00044     0.00065
55757     0.00253     0.00123     0.00041
55788     0.00419     0.00144    -0.00006
55819     0.00290     0.00110    -0.00050
55849     0.00217     0.00060    -0.00056
55880     0.00149     0.00023    -0.00055
55910    -0.00019    -0.00015    -0.00047
55941    -0.00099    -0.00051    -0.00037
55972    -0.00154    -0.00060    -0.00024
56001    -0.00143    -0.00040    -0.00016
56032    -0.00067    -0.00005     0.00010
56062    -0.00071     0.00026     0.00038
56093     0.00155     0.00097     0.00077
56123     0.00519     0.00155     0.00052
56154     0.00703     0.00150    -0.00022
56185     0.00767     0.00132    -0.00104
56215     0.00582     0.00109    -0.00093
56246     0.00410     0.00051    -0.00107
56276     0.00256    -0.00002    -0.00097
56307     0.00042    -0.00052    -0.00080
56338    -0.00094    -0.00087    -0.00079
56366    -0.00190    -0.00089    -0.00065
56397    -0.00170    -0.00098    -0.00027
56427    -0.00032    -0.00039     0.00025
56458    -0.00048     0.00027     0.00074
56488     0.00177     0.00083     0.00055
56519     0.00371     0.00113     0.00017
56550     0.00399     0.00132     0.00005
56580     0.00351     0.00125    -0.00008
56611     0.00232     0.00099     0.00023
56641    -0.00009     0.00040     0.00045
56672    -0.00226    -0.00031     0.00072
56703    -0.00357    -0.00073     0.00095
56731    -0.00405    -0.00085     0.00139
56762    -0.00407    -0.00070     0.00170
56792    -0.00275    -0.00045     0.00196
56823    -0.00058     0.00033     0.00213
56853     0.00172     0.00095     0.00187
56884     0.00377     0.00095     0.00118
56915     0.00463     0.00088     0.00048
56945     0.00361     0.00067     0.00023
56976     0.00178     0.00043     0.00021
57006    -0.00099     0.00002     0.00043
57037    -0.00245    -0.00037     0.00023
57068    -0.00404    -0.00059     0.00025
57096    -0.00435    -0.00064     0.00020
57127    -0.00404    -0.00062     0.00030
57157    -0.00196     0.00004     0.00079
57188    -0.00092     0.00059     0.00121
57218     0.00094     0.00094     0.00130
57249     0.00376     0.00124     0.00072
57280     0.00508     0.00143     0.00013
57310     0.00392     0.00131    -0.00026
57341     0.00210     0.00080    -0.00072
57371     0.00018     0.00025    -0.00110
57402    -0.00193    -0.00050    -0.00100
57433    -0.00320    -0.00079    -0.00076
57462    -0.00427    -0.00103    -0.00035
57493    -0.00373    -0.00105    -0.00005
57523    -0.00197    -0.00065    -0.00003
57554     0.00074     0.00014     0.00017
