# Hydrology loading displacements computed from the monthly GLDAS NOAH model
# This is a product of the Hydrology loading service: http://lacerta.gsfc.nasa.gov/hydlo/
# Displacements are with respect to the center of mass of the total earth
#
# Created for VieVS on 17.03.2017 at 11:46:08 local time
# OFFSET + TREND REMOVED!!! - Hana 
# mjd up (meters) eastwest (meters) northsouth (meters)
43888    -0.00412    -0.00124    -0.00014
43919    -0.00449    -0.00177    -0.00053
43947    -0.00473    -0.00150    -0.00058
43978    -0.00402    -0.00102    -0.00014
44008    -0.00175    -0.00020     0.00072
44039     0.00049     0.00043     0.00142
44069     0.00399     0.00093     0.00119
44100     0.00478     0.00097     0.00078
44131     0.00385     0.00085     0.00070
44161     0.00205     0.00082     0.00056
44192     0.00060     0.00036     0.00036
44222     0.00016    -0.00023     0.00017
44253    -0.00057    -0.00059     0.00014
44284    -0.00077    -0.00072    -0.00013
44313    -0.00193    -0.00093    -0.00048
44344    -0.00251    -0.00076     0.00000
44374    -0.00038     0.00006     0.00076
44405     0.00226     0.00064     0.00120
44435     0.00451     0.00090     0.00107
44466     0.00581     0.00085     0.00087
44497     0.00610     0.00087     0.00076
44527     0.00437     0.00105     0.00084
44558     0.00253     0.00071     0.00047
44588     0.00075     0.00018     0.00022
44619     0.00066    -0.00019     0.00013
44650    -0.00109    -0.00068    -0.00008
44678    -0.00221    -0.00111    -0.00023
44709    -0.00161    -0.00097     0.00011
44739    -0.00077    -0.00047     0.00081
44770     0.00107     0.00044     0.00155
44800     0.00337     0.00080     0.00121
44831     0.00508     0.00084     0.00087
44862     0.00524     0.00077     0.00070
44892     0.00333     0.00087     0.00043
44923     0.00146     0.00066    -0.00007
44953    -0.00040     0.00032    -0.00035
44984    -0.00292    -0.00040    -0.00063
45015    -0.00470    -0.00095    -0.00099
45043    -0.00440    -0.00096    -0.00107
45074    -0.00396    -0.00067    -0.00032
45104    -0.00139    -0.00031     0.00044
45135     0.00058     0.00028     0.00142
45165     0.00367     0.00085     0.00200
45196     0.00523     0.00088     0.00130
45227     0.00549     0.00101     0.00098
45257     0.00444     0.00071     0.00072
45288     0.00237     0.00030     0.00003
45318    -0.00032    -0.00030    -0.00056
45349    -0.00258    -0.00058    -0.00083
45380    -0.00490    -0.00096    -0.00100
45408    -0.00516    -0.00064    -0.00103
45439    -0.00484    -0.00023    -0.00038
45469    -0.00284     0.00044     0.00024
45500    -0.00042     0.00098     0.00112
45530     0.00392     0.00167     0.00109
45561     0.00700     0.00179     0.00063
45592     0.00789     0.00203     0.00013
45622     0.00636     0.00202    -0.00017
45653     0.00269     0.00176    -0.00019
45683    -0.00239     0.00062    -0.00036
45714    -0.00356    -0.00008    -0.00076
45745    -0.00457    -0.00016    -0.00087
45774    -0.00554    -0.00023    -0.00066
45805    -0.00487    -0.00035     0.00012
45835    -0.00265     0.00023     0.00088
45866    -0.00024     0.00102     0.00131
45896     0.00229     0.00159     0.00124
45927     0.00453     0.00173     0.00078
45958     0.00556     0.00179     0.00059
45988     0.00465     0.00167     0.00030
46019     0.00187     0.00121     0.00028
46049    -0.00097     0.00059     0.00008
46080    -0.00269    -0.00019     0.00023
46111    -0.00349    -0.00096    -0.00019
46139    -0.00406    -0.00081    -0.00037
46170    -0.00289    -0.00071     0.00033
46200    -0.00074    -0.00007     0.00072
46231     0.00119     0.00074     0.00138
46261     0.00343     0.00088     0.00146
46292     0.00503     0.00084     0.00088
46323     0.00475     0.00093     0.00048
46353     0.00268     0.00097     0.00030
46384     0.00009     0.00054    -0.00003
46414    -0.00206    -0.00025    -0.00029
46445    -0.00311    -0.00075    -0.00049
46476    -0.00512    -0.00117    -0.00075
46504    -0.00535    -0.00131    -0.00067
46535    -0.00343    -0.00092    -0.00016
46565    -0.00106    -0.00007     0.00074
46596     0.00013     0.00061     0.00184
46626     0.00299     0.00114     0.00169
46657     0.00393     0.00111     0.00137
46688     0.00425     0.00109     0.00135
46718     0.00282     0.00073     0.00130
46749     0.00128     0.00027     0.00071
46779    -0.00213    -0.00031     0.00033
46810    -0.00374    -0.00068     0.00010
46841    -0.00444    -0.00082    -0.00016
46869    -0.00448    -0.00079    -0.00060
46900    -0.00396    -0.00073    -0.00021
46930    -0.00075     0.00023     0.00048
46961     0.00185     0.00064     0.00102
46991     0.00378     0.00127     0.00138
47022     0.00639     0.00146     0.00106
47053     0.00580     0.00119     0.00052
47083     0.00396     0.00097     0.00033
47114     0.00249     0.00088     0.00011
47144     0.00006     0.00039     0.00013
47175    -0.00165    -0.00018    -0.00026
47206    -0.00375    -0.00075    -0.00050
47235    -0.00399    -0.00116    -0.00054
47266    -0.00256    -0.00088    -0.00006
47296    -0.00083    -0.00034     0.00034
47327     0.00281     0.00062     0.00102
47357     0.00568     0.00108     0.00096
47388     0.00609     0.00081     0.00028
47419     0.00550     0.00063    -0.00016
47449     0.00479     0.00073    -0.00021
47480     0.00158     0.00042    -0.00018
47510     0.00008    -0.00011    -0.00049
47541    -0.00139    -0.00076    -0.00082
47572    -0.00244    -0.00112    -0.00111
47600    -0.00335    -0.00106    -0.00137
47631    -0.00275    -0.00089    -0.00100
47661    -0.00171    -0.00051    -0.00014
47692    -0.00075     0.00018     0.00086
47722     0.00243     0.00047     0.00088
47753     0.00391     0.00049     0.00069
47784     0.00382     0.00052     0.00039
47814     0.00197     0.00038    -0.00005
47845     0.00040     0.00028    -0.00017
47875    -0.00051    -0.00045    -0.00024
47906    -0.00206    -0.00110    -0.00051
47937    -0.00486    -0.00164    -0.00082
47965    -0.00443    -0.00134    -0.00098
47996    -0.00337    -0.00102    -0.00047
48026    -0.00206    -0.00057     0.00030
48057     0.00043     0.00026     0.00069
48087     0.00353     0.00075     0.00078
48118     0.00394     0.00083     0.00067
48149     0.00413     0.00085     0.00045
48179     0.00200     0.00076     0.00014
48210     0.00005     0.00055    -0.00040
48240    -0.00182     0.00001    -0.00075
48271    -0.00350    -0.00059    -0.00112
48302    -0.00369    -0.00085    -0.00141
48330    -0.00448    -0.00123    -0.00151
48361    -0.00368    -0.00109    -0.00083
48391    -0.00221    -0.00059    -0.00004
48422     0.00128     0.00013     0.00060
48452     0.00489     0.00087     0.00080
48483     0.00590     0.00110     0.00050
48514     0.00513     0.00143     0.00037
48544     0.00290     0.00134     0.00031
48575     0.00130     0.00114    -0.00011
48605    -0.00102     0.00051    -0.00057
48636    -0.00250     0.00003    -0.00086
48667    -0.00392    -0.00020    -0.00092
48696    -0.00503    -0.00010    -0.00091
48727    -0.00479    -0.00011    -0.00039
48757    -0.00253     0.00042     0.00046
48788    -0.00056     0.00100     0.00119
48818     0.00145     0.00132     0.00136
48849     0.00280     0.00114     0.00081
48880     0.00267     0.00092     0.00055
48910     0.00232     0.00087     0.00017
48941    -0.00014     0.00037    -0.00022
48971    -0.00167     0.00005    -0.00042
49002    -0.00284    -0.00046    -0.00070
49033    -0.00371    -0.00090    -0.00102
49061    -0.00515    -0.00112    -0.00125
49092    -0.00484    -0.00100    -0.00090
49122    -0.00236    -0.00045    -0.00028
49153     0.00014     0.00025     0.00053
49183     0.00312     0.00077     0.00041
49214     0.00501     0.00090    -0.00001
49245     0.00516     0.00083    -0.00039
49275     0.00346     0.00077    -0.00049
49306     0.00096     0.00053    -0.00066
49336    -0.00189    -0.00002    -0.00085
49367    -0.00426    -0.00082    -0.00093
49398    -0.00531    -0.00138    -0.00113
49426    -0.00584    -0.00135    -0.00135
49457    -0.00479    -0.00108    -0.00074
49487    -0.00323    -0.00062     0.00000
49518    -0.00106    -0.00009     0.00063
49548     0.00044    -0.00001     0.00027
49579     0.00131    -0.00029    -0.00027
49610     0.00172    -0.00023    -0.00073
49640     0.00082    -0.00031    -0.00080
49671    -0.00031    -0.00069    -0.00111
49701    -0.00282    -0.00110    -0.00163
49732    -0.00393    -0.00137    -0.00200
49763    -0.00419    -0.00156    -0.00232
49791    -0.00479    -0.00172    -0.00240
49822    -0.00392    -0.00148    -0.00157
49852    -0.00276    -0.00105    -0.00071
49883    -0.00070    -0.00033    -0.00016
49913     0.00221     0.00015    -0.00032
49944     0.00347    -0.00005    -0.00100
49975     0.00468     0.00015    -0.00144
50005     0.00147    -0.00010    -0.00141
50036    -0.00165    -0.00038    -0.00157
50066    -0.00242    -0.00088    -0.00146
50097    -0.00337    -0.00154    -0.00187
50128    -0.00453    -0.00202    -0.00235
50157    -0.00524    -0.00217    -0.00260
50188    -0.00427    -0.00199    -0.00208
50218    -0.00301    -0.00119    -0.00057
50249    -0.00052    -0.00046     0.00089
50279     0.00186     0.00054     0.00214
50310     0.00379     0.00112     0.00284
50341     0.00472     0.00126     0.00299
50371     0.00393     0.00114     0.00269
50402     0.00219     0.00064     0.00222
50432    -0.00001    -0.00002     0.00143
50463    -0.00216    -0.00083     0.00076
50494    -0.00405    -0.00154    -0.00005
50522    -0.00510    -0.00221    -0.00063
50553    -0.00415    -0.00255    -0.00058
50583    -0.00303    -0.00244    -0.00036
50614    -0.00117    -0.00160     0.00018
50644     0.00099    -0.00076     0.00004
50675     0.00246    -0.00022    -0.00042
50706     0.00215    -0.00022    -0.00095
50736     0.00087    -0.00080    -0.00164
50767    -0.00160    -0.00168    -0.00240
50797    -0.00303    -0.00250    -0.00285
50828    -0.00455    -0.00286    -0.00306
50859    -0.00544    -0.00266    -0.00324
50887    -0.00603    -0.00250    -0.00332
50918    -0.00472    -0.00197    -0.00298
50948    -0.00297    -0.00102    -0.00235
50979    -0.00143    -0.00019    -0.00147
51009    -0.00026    -0.00006    -0.00162
51040     0.00264    -0.00015    -0.00192
51071     0.00320    -0.00020    -0.00221
51101     0.00121    -0.00028    -0.00253
51132     0.00008    -0.00027    -0.00265
51162    -0.00131    -0.00061    -0.00262
51193    -0.00379    -0.00117    -0.00266
51224    -0.00499    -0.00146    -0.00257
51252    -0.00502    -0.00153    -0.00234
51283    -0.00350    -0.00122    -0.00164
51313    -0.00170    -0.00057    -0.00102
51344     0.00068     0.00033    -0.00040
51374     0.00339     0.00069    -0.00013
51405     0.00540     0.00060    -0.00056
51436     0.00463     0.00043    -0.00076
51466     0.00208     0.00009    -0.00085
51497     0.00163    -0.00000    -0.00095
51527     0.00042    -0.00037    -0.00083
51558    -0.00105    -0.00142    -0.00033
51589    -0.00205    -0.00195    -0.00018
51618    -0.00235    -0.00211    -0.00035
51649    -0.00292    -0.00228    -0.00014
51679    -0.00128    -0.00165     0.00001
51710     0.00045    -0.00075     0.00009
51740     0.00201    -0.00015     0.00031
51771     0.00274     0.00005    -0.00006
51802     0.00398     0.00018    -0.00025
51832     0.00370     0.00012    -0.00057
51863     0.00243    -0.00019    -0.00050
51893     0.00066    -0.00095    -0.00038
51924    -0.00123    -0.00110    -0.00036
51955    -0.00241    -0.00096    -0.00060
51983    -0.00340    -0.00104    -0.00062
52014    -0.00324    -0.00098    -0.00044
52044    -0.00038    -0.00010     0.00008
52075     0.00058     0.00043     0.00037
52105     0.00374     0.00124     0.00048
52136     0.00690     0.00169    -0.00008
52167     0.00740     0.00184    -0.00025
52197     0.00643     0.00165    -0.00044
52228     0.00568     0.00126    -0.00056
52258     0.00351     0.00067    -0.00036
52289     0.00191     0.00009    -0.00029
52320     0.00052    -0.00013    -0.00026
52348    -0.00071    -0.00016    -0.00025
52379    -0.00161    -0.00013     0.00018
52409    -0.00141     0.00037     0.00064
52440    -0.00011     0.00118     0.00132
52470     0.00349     0.00197     0.00128
52501     0.00656     0.00220     0.00089
52532     0.00727     0.00210     0.00042
52562     0.00502     0.00146     0.00003
52593     0.00207     0.00070    -0.00017
52623    -0.00032     0.00022    -0.00004
52654    -0.00207    -0.00039     0.00012
52685    -0.00276    -0.00062     0.00025
52713    -0.00355    -0.00067     0.00038
52744    -0.00364    -0.00062     0.00071
52774    -0.00242     0.00003     0.00115
52805    -0.00139     0.00059     0.00148
52835     0.00163     0.00107     0.00120
52866     0.00214     0.00104     0.00079
52897     0.00325     0.00097     0.00006
52927     0.00158     0.00094    -0.00005
52958    -0.00081     0.00058    -0.00007
52988    -0.00255     0.00011     0.00005
53019    -0.00326    -0.00040     0.00040
53050    -0.00367    -0.00082     0.00057
53079    -0.00393    -0.00090     0.00062
53110    -0.00425    -0.00107     0.00073
53140    -0.00282    -0.00049     0.00102
53171    -0.00074     0.00028     0.00114
53201     0.00140     0.00076     0.00116
53232     0.00237     0.00075     0.00063
53263     0.00155     0.00080     0.00013
53293     0.00075     0.00071    -0.00030
53324    -0.00044     0.00029    -0.00027
53354    -0.00258    -0.00063    -0.00014
53385    -0.00387    -0.00112    -0.00004
53416    -0.00475    -0.00122     0.00012
53444    -0.00568    -0.00128     0.00029
53475    -0.00533    -0.00105     0.00049
53505    -0.00358    -0.00054     0.00090
53536    -0.00116     0.00028     0.00133
53566     0.00152     0.00092     0.00098
53597     0.00415     0.00141     0.00037
53628     0.00438     0.00160     0.00018
53658     0.00135     0.00151     0.00026
53689     0.00021     0.00134     0.00019
53719    -0.00173     0.00079     0.00068
53750    -0.00392     0.00018     0.00113
53781    -0.00472    -0.00032     0.00131
53809    -0.00420    -0.00068     0.00142
53840    -0.00340    -0.00071     0.00157
53870    -0.00277    -0.00014     0.00158
53901    -0.00118     0.00072     0.00155
53931     0.00133     0.00136     0.00138
53962     0.00386     0.00147     0.00105
53993     0.00419     0.00135     0.00043
54023     0.00217     0.00116     0.00065
54054    -0.00051     0.00047     0.00066
54084    -0.00108     0.00003     0.00061
54115    -0.00238    -0.00036     0.00067
54146    -0.00226    -0.00063     0.00056
54174    -0.00307    -0.00055     0.00061
54205    -0.00392    -0.00042     0.00109
54235    -0.00202    -0.00001     0.00138
54266     0.00102     0.00087     0.00147
54296     0.00369     0.00138     0.00106
54327     0.00588     0.00127     0.00044
54358     0.00683     0.00121    -0.00014
54388     0.00591     0.00122    -0.00016
54419     0.00373     0.00058     0.00004
54449     0.00089    -0.00014     0.00027
54480    -0.00146    -0.00080     0.00058
54511    -0.00362    -0.00115     0.00063
54540    -0.00541    -0.00125     0.00080
54571    -0.00441    -0.00113     0.00083
54601    -0.00200    -0.00044     0.00107
54632     0.00042     0.00035     0.00120
54662     0.00266     0.00081     0.00101
54693     0.00389     0.00091     0.00058
54724     0.00436     0.00091    -0.00019
54754     0.00348     0.00090    -0.00042
54785     0.00189     0.00069    -0.00063
54815    -0.00085     0.00009    -0.00036
54846    -0.00257    -0.00051    -0.00020
54877    -0.00288    -0.00102    -0.00019
54905    -0.00353    -0.00117    -0.00019
54936    -0.00369    -0.00105     0.00003
54966    -0.00209    -0.00047     0.00038
54997    -0.00023     0.00032     0.00079
55027     0.00123     0.00082     0.00077
55058     0.00254     0.00075     0.00037
55089     0.00420     0.00076    -0.00015
55119     0.00272     0.00062    -0.00031
55150     0.00063    -0.00016    -0.00033
55180    -0.00118    -0.00076    -0.00020
55211    -0.00213    -0.00132    -0.00026
55242    -0.00318    -0.00135    -0.00046
55270    -0.00365    -0.00151    -0.00047
55301    -0.00282    -0.00123    -0.00012
55331    -0.00087    -0.00073     0.00008
55362     0.00125     0.00003     0.00025
55392     0.00401     0.00067     0.00033
55423     0.00655     0.00078    -0.00020
55454     0.00755     0.00087    -0.00087
55484     0.00456     0.00081    -0.00108
55515     0.00274     0.00058    -0.00105
55545    -0.00005    -0.00013    -0.00103
55576    -0.00135    -0.00059    -0.00082
55607    -0.00281    -0.00086    -0.00076
55635    -0.00454    -0.00108    -0.00063
55666    -0.00468    -0.00090    -0.00020
55696    -0.00381    -0.00047     0.00042
55727    -0.00067     0.00043     0.00067
55757     0.00278     0.00120     0.00044
55788     0.00469     0.00145    -0.00006
55819     0.00315     0.00121    -0.00060
55849     0.00228     0.00069    -0.00067
55880     0.00160     0.00029    -0.00065
55910    -0.00020    -0.00009    -0.00057
55941    -0.00110    -0.00048    -0.00044
55972    -0.00171    -0.00058    -0.00029
56001    -0.00164    -0.00041    -0.00020
56032    -0.00077    -0.00008     0.00010
56062    -0.00072     0.00029     0.00036
56093     0.00181     0.00100     0.00075
56123     0.00588     0.00155     0.00053
56154     0.00790     0.00150    -0.00020
56185     0.00855     0.00131    -0.00100
56215     0.00645     0.00110    -0.00089
56246     0.00456     0.00053    -0.00104
56276     0.00284     0.00001    -0.00094
56307     0.00055    -0.00047    -0.00079
56338    -0.00092    -0.00082    -0.00081
56366    -0.00191    -0.00081    -0.00070
56397    -0.00178    -0.00094    -0.00031
56427    -0.00034    -0.00040     0.00025
56458    -0.00055     0.00029     0.00073
56488     0.00186     0.00085     0.00053
56519     0.00400     0.00112     0.00017
56550     0.00437     0.00135     0.00005
56580     0.00381     0.00124    -0.00005
56611     0.00250     0.00096     0.00027
56641    -0.00007     0.00043     0.00044
56672    -0.00244    -0.00024     0.00065
56703    -0.00391    -0.00066     0.00085
56731    -0.00438    -0.00077     0.00128
56762    -0.00441    -0.00061     0.00157
56792    -0.00319    -0.00045     0.00188
56823    -0.00081     0.00028     0.00212
56853     0.00171     0.00091     0.00190
56884     0.00397     0.00092     0.00122
56915     0.00493     0.00081     0.00054
56945     0.00386     0.00061     0.00031
56976     0.00191     0.00039     0.00028
57006    -0.00103     0.00006     0.00044
57037    -0.00271    -0.00033     0.00021
57068    -0.00445    -0.00054     0.00020
57096    -0.00470    -0.00058     0.00015
57127    -0.00435    -0.00057     0.00024
57157    -0.00219     0.00001     0.00078
57188    -0.00094     0.00057     0.00122
57218     0.00104     0.00089     0.00130
57249     0.00410     0.00116     0.00078
57280     0.00552     0.00132     0.00023
57310     0.00416     0.00122    -0.00018
57341     0.00212     0.00071    -0.00066
57371     0.00003     0.00018    -0.00106
57402    -0.00223    -0.00052    -0.00100
57433    -0.00357    -0.00079    -0.00079
57462    -0.00475    -0.00102    -0.00038
57493    -0.00416    -0.00107    -0.00004
57523    -0.00220    -0.00070     0.00002
57554     0.00081     0.00006     0.00024
