# Hydrology loading displacements computed from the monthly GLDAS NOAH model
# This is a product of the Hydrology loading service: http://lacerta.gsfc.nasa.gov/hydlo/
# Displacements are with respect to the center of mass of the total earth
#
# Created for VieVS on 17.03.2017 at 11:46:08 local time
# OFFSET + TREND REMOVED!!! - Hana 
# mjd up (meters) eastwest (meters) northsouth (meters)
43888     0.00092     0.00024    -0.00001
43919     0.00201     0.00055    -0.00041
43947     0.00207     0.00032    -0.00048
43978     0.00169    -0.00011    -0.00032
44008     0.00038    -0.00057     0.00047
44039    -0.00111    -0.00076     0.00131
44069    -0.00252    -0.00023     0.00147
44100    -0.00305     0.00020     0.00134
44131    -0.00307     0.00014     0.00120
44161    -0.00311    -0.00010     0.00095
44192    -0.00155    -0.00009     0.00058
44222     0.00011     0.00003     0.00035
44253     0.00140     0.00001     0.00019
44284     0.00198     0.00004    -0.00014
44313     0.00244     0.00027    -0.00045
44344     0.00199    -0.00009    -0.00017
44374     0.00031    -0.00047     0.00050
44405    -0.00138    -0.00046     0.00107
44435    -0.00284     0.00008     0.00131
44466    -0.00330     0.00054     0.00125
44497    -0.00329     0.00046     0.00099
44527    -0.00256     0.00011     0.00069
44558    -0.00140    -0.00001     0.00031
44588     0.00002     0.00011     0.00004
44619     0.00098     0.00035     0.00002
44650     0.00173     0.00046     0.00004
44678     0.00228     0.00057    -0.00014
44709     0.00194     0.00039    -0.00001
44739     0.00084    -0.00010     0.00054
44770    -0.00153    -0.00065     0.00136
44800    -0.00320    -0.00023     0.00151
44831    -0.00413     0.00035     0.00145
44862    -0.00393     0.00050     0.00119
44892    -0.00325     0.00030     0.00053
44923    -0.00200     0.00020    -0.00002
44953    -0.00037     0.00004    -0.00040
44984     0.00140     0.00008    -0.00077
45015     0.00248     0.00031    -0.00115
45043     0.00233     0.00028    -0.00114
45074     0.00196    -0.00013    -0.00060
45104     0.00089    -0.00035     0.00020
45135    -0.00086    -0.00092     0.00130
45165    -0.00225    -0.00094     0.00209
45196    -0.00240    -0.00011     0.00164
45227    -0.00237     0.00006     0.00114
45257    -0.00136     0.00012     0.00078
45288     0.00002     0.00033    -0.00006
45318     0.00143     0.00025    -0.00073
45349     0.00258     0.00019    -0.00120
45380     0.00386     0.00018    -0.00155
45408     0.00357    -0.00013    -0.00167
45439     0.00211    -0.00075    -0.00109
45469     0.00030    -0.00095    -0.00040
45500    -0.00172    -0.00106     0.00068
45530    -0.00334    -0.00068     0.00104
45561    -0.00407     0.00013     0.00097
45592    -0.00454     0.00036     0.00058
45622    -0.00387     0.00020    -0.00004
45653    -0.00265    -0.00015    -0.00041
45683    -0.00078    -0.00026    -0.00078
45714     0.00039     0.00005    -0.00102
45745     0.00111    -0.00000    -0.00109
45774     0.00139    -0.00021    -0.00105
45805     0.00138    -0.00053    -0.00034
45835     0.00009    -0.00090     0.00035
45866    -0.00130    -0.00107     0.00083
45896    -0.00286    -0.00085     0.00107
45927    -0.00438    -0.00049     0.00116
45958    -0.00474    -0.00040     0.00101
45988    -0.00403    -0.00052     0.00060
46019    -0.00223    -0.00072     0.00023
46049    -0.00075    -0.00075    -0.00019
46080     0.00077    -0.00083    -0.00026
46111     0.00224    -0.00032    -0.00050
46139     0.00218    -0.00033    -0.00084
46170     0.00167    -0.00039    -0.00024
46200     0.00060    -0.00060     0.00022
46231    -0.00145    -0.00085     0.00099
46261    -0.00252    -0.00039     0.00143
46292    -0.00289     0.00004     0.00135
46323    -0.00303     0.00017     0.00093
46353    -0.00254    -0.00006     0.00041
46384    -0.00137    -0.00024     0.00002
46414    -0.00024    -0.00018    -0.00018
46445     0.00066     0.00013    -0.00048
46476     0.00188     0.00014    -0.00083
46504     0.00278     0.00014    -0.00092
46535     0.00237    -0.00003    -0.00054
46565     0.00071    -0.00057     0.00021
46596    -0.00107    -0.00106     0.00131
46626    -0.00301    -0.00067     0.00150
46657    -0.00383    -0.00005     0.00138
46688    -0.00358    -0.00009     0.00128
46718    -0.00283    -0.00024     0.00112
46749    -0.00156    -0.00010     0.00068
46779    -0.00007    -0.00013     0.00021
46810     0.00089    -0.00015    -0.00012
46841     0.00167    -0.00018    -0.00049
46869     0.00214    -0.00019    -0.00081
46900     0.00202    -0.00045    -0.00045
46930     0.00076    -0.00083     0.00016
46961    -0.00058    -0.00081     0.00082
46991    -0.00214    -0.00081     0.00128
47022    -0.00266    -0.00034     0.00120
47053    -0.00244     0.00007     0.00080
47083    -0.00167     0.00023     0.00037
47114    -0.00065     0.00014    -0.00013
47144     0.00053    -0.00008    -0.00030
47175     0.00205    -0.00002    -0.00065
47206     0.00323     0.00022    -0.00086
47235     0.00390     0.00058    -0.00085
47266     0.00302     0.00033    -0.00035
47296     0.00164     0.00023     0.00007
47327    -0.00046    -0.00001     0.00097
47357    -0.00186     0.00031     0.00124
47388    -0.00236     0.00096     0.00095
47419    -0.00223     0.00119     0.00046
47449    -0.00183     0.00088     0.00015
47480    -0.00059     0.00054    -0.00014
47510     0.00068     0.00038    -0.00035
47541     0.00200     0.00053    -0.00066
47572     0.00326     0.00072    -0.00098
47600     0.00333     0.00062    -0.00122
47631     0.00208     0.00050    -0.00068
47661     0.00096     0.00026     0.00005
47692    -0.00108    -0.00023     0.00091
47722    -0.00237     0.00007     0.00142
47753    -0.00271     0.00050     0.00152
47784    -0.00242     0.00057     0.00113
47814    -0.00174     0.00056     0.00056
47845    -0.00071     0.00033     0.00007
47875     0.00137     0.00055    -0.00010
47906     0.00291     0.00069    -0.00043
47937     0.00376     0.00082    -0.00080
47965     0.00392     0.00066    -0.00113
47996     0.00295     0.00050    -0.00057
48026     0.00144     0.00009     0.00024
48057    -0.00019    -0.00016     0.00072
48087    -0.00172     0.00003     0.00100
48118    -0.00261     0.00025     0.00110
48149    -0.00240     0.00032     0.00086
48179    -0.00153     0.00024     0.00020
48210    -0.00022     0.00009    -0.00048
48240     0.00149     0.00010    -0.00101
48271     0.00244     0.00026    -0.00131
48302     0.00279     0.00058    -0.00141
48330     0.00388     0.00070    -0.00164
48361     0.00374     0.00040    -0.00118
48391     0.00293    -0.00006    -0.00045
48422     0.00105    -0.00009     0.00044
48452    -0.00080    -0.00012     0.00100
48483    -0.00184     0.00034     0.00093
48514    -0.00195     0.00021     0.00064
48544    -0.00121     0.00007     0.00016
48575    -0.00031    -0.00013    -0.00041
48605     0.00091    -0.00013    -0.00098
48636     0.00223    -0.00013    -0.00132
48667     0.00308    -0.00025    -0.00150
48696     0.00350    -0.00056    -0.00165
48727     0.00321    -0.00078    -0.00123
48757     0.00149    -0.00105    -0.00041
48788    -0.00019    -0.00130     0.00050
48818    -0.00140    -0.00103     0.00081
48849    -0.00207    -0.00043     0.00072
48880    -0.00194    -0.00030     0.00057
48910    -0.00177    -0.00029     0.00014
48941    -0.00030    -0.00034    -0.00036
48971     0.00079    -0.00047    -0.00042
49002     0.00187    -0.00028    -0.00073
49033     0.00269     0.00007    -0.00106
49061     0.00301     0.00014    -0.00125
49092     0.00303    -0.00010    -0.00102
49122     0.00215    -0.00021    -0.00059
49153     0.00062    -0.00038     0.00014
49183    -0.00055    -0.00027     0.00032
49214    -0.00132     0.00023     0.00017
49245    -0.00128     0.00041    -0.00012
49275    -0.00077     0.00028    -0.00041
49306     0.00028     0.00005    -0.00077
49336     0.00150    -0.00004    -0.00106
49367     0.00256     0.00001    -0.00114
49398     0.00354     0.00020    -0.00119
49426     0.00331     0.00016    -0.00129
49457     0.00300    -0.00011    -0.00103
49487     0.00206    -0.00039    -0.00044
49518     0.00065    -0.00055     0.00021
49548    -0.00015    -0.00007     0.00012
49579    -0.00065     0.00054     0.00008
49610    -0.00043     0.00077    -0.00029
49640     0.00025     0.00049    -0.00049
49671     0.00152     0.00041    -0.00088
49701     0.00293     0.00049    -0.00154
49732     0.00367     0.00059    -0.00197
49763     0.00396     0.00077    -0.00232
49791     0.00429     0.00082    -0.00237
49822     0.00362     0.00037    -0.00179
49852     0.00244    -0.00007    -0.00099
49883     0.00077    -0.00034    -0.00032
49913    -0.00079    -0.00002    -0.00009
49944    -0.00116     0.00074    -0.00039
49975    -0.00115     0.00098    -0.00078
50005    -0.00054     0.00082    -0.00103
50036     0.00052     0.00054    -0.00139
50066     0.00182     0.00039    -0.00136
50097     0.00298     0.00058    -0.00157
50128     0.00375     0.00076    -0.00197
50157     0.00392     0.00093    -0.00214
50188     0.00325     0.00074    -0.00170
50218     0.00143    -0.00002    -0.00045
50249    -0.00070    -0.00049     0.00101
50279    -0.00228    -0.00103     0.00221
50310    -0.00357    -0.00133     0.00299
50341    -0.00348    -0.00135     0.00323
50371    -0.00311    -0.00124     0.00296
50402    -0.00189    -0.00105     0.00239
50432    -0.00080    -0.00074     0.00166
50463     0.00014    -0.00041     0.00105
50494     0.00089    -0.00007     0.00036
50522     0.00150     0.00024    -0.00009
50553     0.00135     0.00056     0.00016
50583     0.00043     0.00052     0.00054
50614    -0.00072     0.00014     0.00097
50644    -0.00173     0.00019     0.00081
50675    -0.00272     0.00037     0.00048
50706    -0.00290     0.00047    -0.00002
50736    -0.00205     0.00065    -0.00057
50767    -0.00045     0.00098    -0.00118
50797     0.00109     0.00132    -0.00153
50828     0.00264     0.00147    -0.00202
50859     0.00315     0.00121    -0.00242
50887     0.00367     0.00096    -0.00283
50918     0.00315     0.00054    -0.00256
50948     0.00157    -0.00005    -0.00186
50979    -0.00010    -0.00039    -0.00113
51009    -0.00149     0.00014    -0.00105
51040    -0.00220     0.00086    -0.00092
51071    -0.00216     0.00123    -0.00111
51101    -0.00155     0.00104    -0.00163
51132    -0.00020     0.00063    -0.00200
51162     0.00096     0.00041    -0.00215
51193     0.00232     0.00037    -0.00229
51224     0.00332     0.00040    -0.00231
51252     0.00354     0.00045    -0.00215
51283     0.00297     0.00016    -0.00160
51313     0.00205    -0.00020    -0.00112
51344     0.00037    -0.00051    -0.00061
51374    -0.00062    -0.00038    -0.00015
51405    -0.00121     0.00031    -0.00017
51436    -0.00109     0.00048    -0.00032
51466    -0.00026     0.00060    -0.00065
51497     0.00066     0.00057    -0.00085
51527     0.00196     0.00049    -0.00086
51558     0.00342     0.00070    -0.00028
51589     0.00423     0.00081    -0.00009
51618     0.00444     0.00089    -0.00009
51649     0.00437     0.00088     0.00003
51679     0.00323     0.00085     0.00004
51710     0.00155     0.00038     0.00010
51740     0.00035     0.00019     0.00037
51771    -0.00052     0.00036     0.00028
51802    -0.00073     0.00032     0.00021
51832    -0.00015     0.00041    -0.00017
51863     0.00032     0.00033    -0.00008
51893     0.00171     0.00062     0.00000
51924     0.00278     0.00042    -0.00031
51955     0.00313     0.00034    -0.00076
51983     0.00335     0.00022    -0.00087
52014     0.00289     0.00019    -0.00060
52044     0.00164    -0.00015    -0.00022
52075     0.00027    -0.00035     0.00011
52105    -0.00141    -0.00030     0.00038
52136    -0.00239     0.00009     0.00029
52167    -0.00247     0.00007     0.00013
52197    -0.00227     0.00011    -0.00024
52228    -0.00195     0.00026    -0.00045
52258    -0.00095     0.00005    -0.00042
52289    -0.00003     0.00009    -0.00038
52320     0.00068     0.00006    -0.00047
52348     0.00112    -0.00002    -0.00066
52379     0.00150    -0.00034    -0.00041
52409     0.00073    -0.00073    -0.00013
52440    -0.00078    -0.00114     0.00045
52470    -0.00221    -0.00097     0.00064
52501    -0.00273    -0.00046     0.00059
52532    -0.00258    -0.00018     0.00036
52562    -0.00178    -0.00008    -0.00009
52593    -0.00049    -0.00005    -0.00032
52623     0.00070    -0.00009    -0.00039
52654     0.00201     0.00000    -0.00029
52685     0.00269    -0.00002    -0.00024
52713     0.00228    -0.00022    -0.00002
52744     0.00159    -0.00039     0.00031
52774     0.00071    -0.00084     0.00056
52805    -0.00068    -0.00122     0.00103
52835    -0.00196    -0.00077     0.00106
52866    -0.00270    -0.00021     0.00092
52897    -0.00279     0.00011     0.00045
52927    -0.00221     0.00002    -0.00001
52958    -0.00092    -0.00012    -0.00037
52988     0.00016    -0.00014    -0.00043
53019     0.00094    -0.00023    -0.00022
53050     0.00071    -0.00023     0.00009
53079     0.00111    -0.00026     0.00010
53110     0.00132    -0.00015     0.00032
53140     0.00048    -0.00056     0.00051
53171    -0.00105    -0.00084     0.00073
53201    -0.00236    -0.00069     0.00096
53232    -0.00300    -0.00012     0.00076
53263    -0.00302     0.00004     0.00023
53293    -0.00233    -0.00003    -0.00015
53324    -0.00158    -0.00024    -0.00019
53354    -0.00010     0.00006    -0.00012
53385     0.00091     0.00004    -0.00016
53416     0.00118    -0.00021    -0.00013
53444     0.00198    -0.00032    -0.00017
53475     0.00189    -0.00049    -0.00006
53505     0.00124    -0.00058     0.00020
53536    -0.00035    -0.00089     0.00071
53566    -0.00224    -0.00064     0.00087
53597    -0.00315    -0.00021     0.00059
53628    -0.00336     0.00006     0.00026
53658    -0.00316    -0.00018    -0.00001
53689    -0.00273    -0.00039    -0.00020
53719    -0.00141    -0.00079     0.00009
53750    -0.00003    -0.00094     0.00029
53781     0.00100    -0.00079     0.00027
53809     0.00175    -0.00057     0.00035
53840     0.00145    -0.00059     0.00065
53870     0.00034    -0.00080     0.00078
53901    -0.00090    -0.00087     0.00090
53931    -0.00250    -0.00067     0.00103
53962    -0.00295    -0.00011     0.00098
53993    -0.00261     0.00009     0.00055
54023    -0.00175    -0.00020     0.00036
54054    -0.00026    -0.00025     0.00028
54084     0.00115    -0.00025     0.00017
54115     0.00171    -0.00036     0.00021
54146     0.00221    -0.00017     0.00014
54174     0.00222    -0.00039     0.00011
54205     0.00216    -0.00071     0.00040
54235     0.00119    -0.00081     0.00071
54266    -0.00056    -0.00080     0.00097
54296    -0.00202    -0.00028     0.00090
54327    -0.00268     0.00036     0.00085
54358    -0.00234     0.00073     0.00036
54388    -0.00188     0.00053     0.00008
54419    -0.00062     0.00068     0.00017
54449     0.00055     0.00056     0.00024
54480     0.00182     0.00051     0.00043
54511     0.00247     0.00037     0.00038
54540     0.00296     0.00003     0.00028
54571     0.00268    -0.00013     0.00026
54601     0.00156    -0.00051     0.00056
54632     0.00025    -0.00059     0.00078
54662    -0.00107    -0.00027     0.00087
54693    -0.00154     0.00038     0.00065
54724    -0.00136     0.00055     0.00020
54754    -0.00078     0.00051    -0.00024
54785    -0.00006     0.00054    -0.00067
54815     0.00054     0.00020    -0.00045
54846     0.00145     0.00009    -0.00040
54877     0.00222     0.00033    -0.00031
54905     0.00238     0.00021    -0.00038
54936     0.00216    -0.00004    -0.00027
54966     0.00099    -0.00037     0.00007
54997    -0.00093    -0.00064     0.00060
55027    -0.00252    -0.00034     0.00078
55058    -0.00322     0.00018     0.00067
55089    -0.00321     0.00049     0.00042
55119    -0.00267     0.00039     0.00004
55150    -0.00079     0.00047    -0.00007
55180     0.00014     0.00043     0.00003
55211     0.00132     0.00062    -0.00002
55242     0.00183     0.00046    -0.00024
55270     0.00190     0.00056    -0.00010
55301     0.00141     0.00031     0.00010
55331     0.00042    -0.00000     0.00033
55362    -0.00093    -0.00021     0.00062
55392    -0.00230    -0.00002     0.00088
55423    -0.00336     0.00066     0.00075
55454    -0.00373     0.00102     0.00013
55484    -0.00313     0.00100    -0.00046
55515    -0.00225     0.00077    -0.00061
55545    -0.00136     0.00063    -0.00064
55576    -0.00011     0.00044    -0.00051
55607     0.00036     0.00027    -0.00045
55635     0.00052     0.00001    -0.00032
55666    -0.00015    -0.00038    -0.00005
55696    -0.00099    -0.00064     0.00029
55727    -0.00294    -0.00069     0.00066
55757    -0.00420    -0.00047     0.00072
55788    -0.00496     0.00009     0.00061
55819    -0.00459     0.00049     0.00018
55849    -0.00354     0.00063     0.00009
55880    -0.00245     0.00054     0.00005
55910    -0.00154     0.00033     0.00003
55941    -0.00011     0.00033    -0.00005
55972     0.00044     0.00018    -0.00004
56001    -0.00001    -0.00007     0.00014
56032     0.00007    -0.00033     0.00024
56062    -0.00099    -0.00055     0.00049
56093    -0.00286    -0.00071     0.00105
56123    -0.00391    -0.00022     0.00122
56154    -0.00429     0.00050     0.00089
56185    -0.00403     0.00107     0.00027
56215    -0.00301     0.00091    -0.00002
56246    -0.00170     0.00102    -0.00037
56276    -0.00010     0.00096    -0.00050
56307     0.00132     0.00081    -0.00054
56338     0.00203     0.00071    -0.00055
56366     0.00206     0.00044    -0.00045
56397     0.00205     0.00032    -0.00011
56427     0.00128    -0.00004     0.00029
56458    -0.00025    -0.00051     0.00064
56488    -0.00184    -0.00030     0.00074
56519    -0.00298     0.00007     0.00067
56550    -0.00294     0.00018     0.00045
56580    -0.00247     0.00003     0.00016
56611    -0.00162    -0.00027     0.00020
56641    -0.00059    -0.00037     0.00028
56672     0.00067    -0.00030     0.00041
56703     0.00159    -0.00033     0.00053
56731     0.00207    -0.00052     0.00084
56762     0.00168    -0.00072     0.00112
56792     0.00119    -0.00086     0.00133
56823     0.00008    -0.00108     0.00152
56853    -0.00115    -0.00084     0.00148
56884    -0.00190    -0.00009     0.00123
56915    -0.00144     0.00032     0.00067
56945    -0.00068     0.00030     0.00027
56976     0.00031     0.00008    -0.00001
57006     0.00110    -0.00024    -0.00000
57037     0.00138    -0.00027    -0.00019
57068     0.00217    -0.00044    -0.00037
57096     0.00261    -0.00062    -0.00042
57127     0.00239    -0.00065    -0.00024
57157     0.00158    -0.00103     0.00019
57188     0.00032    -0.00123     0.00062
57218    -0.00074    -0.00103     0.00094
57249    -0.00137    -0.00039     0.00067
57280    -0.00135    -0.00002     0.00018
57310    -0.00046     0.00008    -0.00041
57341     0.00066     0.00019    -0.00093
57371     0.00178     0.00032    -0.00142
57402     0.00281     0.00039    -0.00133
57433     0.00321     0.00018    -0.00117
57462     0.00385    -0.00003    -0.00098
57493     0.00399    -0.00004    -0.00071
57523     0.00287    -0.00018    -0.00042
57554     0.00049    -0.00033     0.00012
