# Hydrology loading displacements computed from the monthly GLDAS NOAH model
# This is a product of the Hydrology loading service: http://lacerta.gsfc.nasa.gov/hydlo/
# Displacements are with respect to the center of mass of the total earth
#
# Created for VieVS on 17.03.2017 at 11:46:08 local time
# OFFSET + TREND REMOVED!!! - Hana 
# mjd up (meters) eastwest (meters) northsouth (meters)
43888     0.00091     0.00026    -0.00002
43919     0.00203     0.00056    -0.00041
43947     0.00210     0.00033    -0.00048
43978     0.00170    -0.00011    -0.00032
44008     0.00038    -0.00057     0.00047
44039    -0.00114    -0.00077     0.00132
44069    -0.00258    -0.00023     0.00148
44100    -0.00315     0.00020     0.00134
44131    -0.00318     0.00014     0.00120
44161    -0.00323    -0.00009     0.00095
44192    -0.00160    -0.00008     0.00059
44222     0.00009     0.00003     0.00036
44253     0.00143    -0.00000     0.00020
44284     0.00203     0.00002    -0.00014
44313     0.00250     0.00025    -0.00044
44344     0.00203    -0.00010    -0.00017
44374     0.00029    -0.00048     0.00051
44405    -0.00142    -0.00048     0.00108
44435    -0.00293     0.00006     0.00132
44466    -0.00342     0.00053     0.00126
44497    -0.00345     0.00045     0.00099
44527    -0.00266     0.00010     0.00069
44558    -0.00147    -0.00001     0.00031
44588     0.00001     0.00010     0.00005
44619     0.00103     0.00034     0.00003
44650     0.00182     0.00045     0.00005
44678     0.00238     0.00057    -0.00013
44709     0.00200     0.00038    -0.00001
44739     0.00083    -0.00012     0.00053
44770    -0.00157    -0.00065     0.00135
44800    -0.00331    -0.00023     0.00151
44831    -0.00428     0.00037     0.00145
44862    -0.00404     0.00053     0.00118
44892    -0.00336     0.00033     0.00052
44923    -0.00206     0.00022    -0.00003
44953    -0.00037     0.00005    -0.00041
44984     0.00145     0.00008    -0.00077
45015     0.00257     0.00031    -0.00115
45043     0.00241     0.00029    -0.00114
45074     0.00203    -0.00012    -0.00060
45104     0.00091    -0.00036     0.00020
45135    -0.00089    -0.00093     0.00130
45165    -0.00230    -0.00094     0.00209
45196    -0.00245    -0.00012     0.00164
45227    -0.00244     0.00005     0.00114
45257    -0.00139     0.00010     0.00078
45288     0.00001     0.00030    -0.00006
45318     0.00143     0.00023    -0.00073
45349     0.00262     0.00016    -0.00120
45380     0.00397     0.00016    -0.00154
45408     0.00368    -0.00014    -0.00166
45439     0.00218    -0.00076    -0.00108
45469     0.00033    -0.00096    -0.00039
45500    -0.00175    -0.00107     0.00069
45530    -0.00340    -0.00069     0.00105
45561    -0.00414     0.00013     0.00098
45592    -0.00464     0.00036     0.00058
45622    -0.00396     0.00020    -0.00004
45653    -0.00270    -0.00015    -0.00041
45683    -0.00078    -0.00027    -0.00077
45714     0.00043     0.00004    -0.00100
45745     0.00119    -0.00001    -0.00107
45774     0.00148    -0.00022    -0.00103
45805     0.00144    -0.00054    -0.00031
45835     0.00011    -0.00092     0.00037
45866    -0.00133    -0.00110     0.00085
45896    -0.00291    -0.00087     0.00109
45927    -0.00449    -0.00050     0.00117
45958    -0.00488    -0.00039     0.00101
45988    -0.00416    -0.00050     0.00059
46019    -0.00229    -0.00070     0.00023
46049    -0.00080    -0.00074    -0.00019
46080     0.00071    -0.00083    -0.00027
46111     0.00223    -0.00032    -0.00051
46139     0.00219    -0.00032    -0.00086
46170     0.00167    -0.00038    -0.00026
46200     0.00058    -0.00059     0.00021
46231    -0.00152    -0.00084     0.00098
46261    -0.00261    -0.00038     0.00143
46292    -0.00299     0.00006     0.00135
46323    -0.00311     0.00019     0.00093
46353    -0.00259    -0.00004     0.00041
46384    -0.00140    -0.00023     0.00003
46414    -0.00027    -0.00015    -0.00018
46445     0.00064     0.00016    -0.00049
46476     0.00190     0.00016    -0.00084
46504     0.00283     0.00016    -0.00092
46535     0.00242    -0.00002    -0.00055
46565     0.00070    -0.00056     0.00020
46596    -0.00111    -0.00104     0.00129
46626    -0.00309    -0.00065     0.00149
46657    -0.00392    -0.00002     0.00136
46688    -0.00366    -0.00006     0.00127
46718    -0.00290    -0.00022     0.00112
46749    -0.00161    -0.00008     0.00067
46779    -0.00009    -0.00011     0.00021
46810     0.00089    -0.00014    -0.00012
46841     0.00169    -0.00019    -0.00049
46869     0.00216    -0.00020    -0.00081
46900     0.00203    -0.00046    -0.00046
46930     0.00076    -0.00084     0.00015
46961    -0.00061    -0.00082     0.00082
46991    -0.00219    -0.00082     0.00128
47022    -0.00272    -0.00035     0.00121
47053    -0.00249     0.00006     0.00081
47083    -0.00169     0.00022     0.00038
47114    -0.00063     0.00012    -0.00012
47144     0.00055    -0.00009    -0.00030
47175     0.00212    -0.00004    -0.00064
47206     0.00335     0.00020    -0.00085
47235     0.00404     0.00056    -0.00083
47266     0.00317     0.00031    -0.00033
47296     0.00175     0.00021     0.00009
47327    -0.00039    -0.00002     0.00098
47357    -0.00185     0.00030     0.00126
47388    -0.00239     0.00096     0.00096
47419    -0.00227     0.00119     0.00047
47449    -0.00189     0.00087     0.00015
47480    -0.00062     0.00053    -0.00013
47510     0.00069     0.00036    -0.00034
47541     0.00204     0.00052    -0.00065
47572     0.00336     0.00070    -0.00097
47600     0.00345     0.00060    -0.00120
47631     0.00216     0.00050    -0.00065
47661     0.00104     0.00025     0.00008
47692    -0.00105    -0.00024     0.00094
47722    -0.00237     0.00006     0.00146
47753    -0.00271     0.00050     0.00155
47784    -0.00243     0.00055     0.00116
47814    -0.00175     0.00055     0.00059
47845    -0.00070     0.00032     0.00009
47875     0.00144     0.00053    -0.00008
47906     0.00301     0.00067    -0.00041
47937     0.00387     0.00081    -0.00078
47965     0.00405     0.00065    -0.00111
47996     0.00309     0.00048    -0.00055
48026     0.00153     0.00006     0.00026
48057    -0.00013    -0.00018     0.00074
48087    -0.00172     0.00001     0.00102
48118    -0.00264     0.00023     0.00111
48149    -0.00243     0.00030     0.00088
48179    -0.00154     0.00022     0.00021
48210    -0.00021     0.00007    -0.00046
48240     0.00154     0.00008    -0.00100
48271     0.00252     0.00024    -0.00130
48302     0.00289     0.00055    -0.00139
48330     0.00402     0.00068    -0.00162
48361     0.00386     0.00037    -0.00116
48391     0.00305    -0.00008    -0.00044
48422     0.00114    -0.00011     0.00046
48452    -0.00078    -0.00015     0.00102
48483    -0.00188     0.00031     0.00095
48514    -0.00199     0.00017     0.00066
48544    -0.00123     0.00004     0.00018
48575    -0.00031    -0.00016    -0.00040
48605     0.00095    -0.00016    -0.00096
48636     0.00230    -0.00015    -0.00130
48667     0.00319    -0.00027    -0.00148
48696     0.00363    -0.00058    -0.00163
48727     0.00333    -0.00079    -0.00121
48757     0.00157    -0.00106    -0.00039
48788    -0.00015    -0.00132     0.00052
48818    -0.00139    -0.00104     0.00083
48849    -0.00209    -0.00044     0.00074
48880    -0.00197    -0.00031     0.00059
48910    -0.00181    -0.00030     0.00015
48941    -0.00031    -0.00035    -0.00035
48971     0.00082    -0.00049    -0.00040
49002     0.00193    -0.00030    -0.00071
49033     0.00279     0.00006    -0.00104
49061     0.00312     0.00013    -0.00123
49092     0.00314    -0.00011    -0.00100
49122     0.00226    -0.00022    -0.00057
49153     0.00071    -0.00039     0.00016
49183    -0.00050    -0.00028     0.00034
49214    -0.00129     0.00022     0.00019
49245    -0.00126     0.00039    -0.00010
49275    -0.00075     0.00027    -0.00039
49306     0.00032     0.00003    -0.00075
49336     0.00157    -0.00005    -0.00104
49367     0.00263     0.00000    -0.00113
49398     0.00363     0.00019    -0.00119
49426     0.00340     0.00015    -0.00128
49457     0.00309    -0.00011    -0.00103
49487     0.00212    -0.00039    -0.00045
49518     0.00066    -0.00055     0.00020
49548    -0.00016    -0.00007     0.00011
49579    -0.00068     0.00054     0.00006
49610    -0.00044     0.00077    -0.00030
49640     0.00024     0.00049    -0.00050
49671     0.00153     0.00041    -0.00089
49701     0.00297     0.00049    -0.00156
49732     0.00373     0.00059    -0.00198
49763     0.00402     0.00077    -0.00233
49791     0.00437     0.00082    -0.00238
49822     0.00367     0.00037    -0.00181
49852     0.00246    -0.00006    -0.00100
49883     0.00076    -0.00033    -0.00034
49913    -0.00085    -0.00001    -0.00011
49944    -0.00122     0.00075    -0.00041
49975    -0.00121     0.00100    -0.00080
50005    -0.00058     0.00084    -0.00105
50036     0.00051     0.00056    -0.00141
50066     0.00183     0.00041    -0.00138
50097     0.00301     0.00060    -0.00159
50128     0.00377     0.00078    -0.00199
50157     0.00395     0.00095    -0.00216
50188     0.00327     0.00077    -0.00173
50218     0.00143     0.00001    -0.00048
50249    -0.00073    -0.00044     0.00098
50279    -0.00231    -0.00099     0.00219
50310    -0.00361    -0.00128     0.00296
50341    -0.00351    -0.00130     0.00320
50371    -0.00313    -0.00119     0.00294
50402    -0.00188    -0.00101     0.00237
50432    -0.00078    -0.00070     0.00164
50463     0.00014    -0.00037     0.00102
50494     0.00088    -0.00003     0.00032
50522     0.00147     0.00029    -0.00015
50553     0.00130     0.00061     0.00010
50583     0.00034     0.00058     0.00048
50614    -0.00080     0.00021     0.00092
50644    -0.00181     0.00026     0.00077
50675    -0.00282     0.00043     0.00043
50706    -0.00301     0.00054    -0.00007
50736    -0.00217     0.00073    -0.00063
50767    -0.00055     0.00106    -0.00123
50797     0.00101     0.00139    -0.00158
50828     0.00261     0.00153    -0.00206
50859     0.00313     0.00127    -0.00247
50887     0.00366     0.00101    -0.00288
50918     0.00313     0.00059    -0.00261
50948     0.00152    -0.00000    -0.00190
50979    -0.00017    -0.00035    -0.00117
51009    -0.00158     0.00019    -0.00109
51040    -0.00230     0.00092    -0.00095
51071    -0.00227     0.00128    -0.00114
51101    -0.00166     0.00110    -0.00168
51132    -0.00027     0.00068    -0.00204
51162     0.00091     0.00046    -0.00219
51193     0.00231     0.00042    -0.00232
51224     0.00337     0.00044    -0.00233
51252     0.00361     0.00048    -0.00217
51283     0.00305     0.00019    -0.00162
51313     0.00211    -0.00019    -0.00113
51344     0.00040    -0.00049    -0.00062
51374    -0.00061    -0.00036    -0.00016
51405    -0.00123     0.00032    -0.00019
51436    -0.00111     0.00049    -0.00033
51466    -0.00023     0.00060    -0.00066
51497     0.00072     0.00056    -0.00085
51527     0.00208     0.00048    -0.00085
51558     0.00358     0.00069    -0.00026
51589     0.00441     0.00081    -0.00007
51618     0.00463     0.00088    -0.00007
51649     0.00454     0.00086     0.00005
51679     0.00335     0.00082     0.00006
51710     0.00157     0.00033     0.00011
51740     0.00034     0.00014     0.00038
51771    -0.00057     0.00031     0.00029
51802    -0.00080     0.00027     0.00021
51832    -0.00021     0.00037    -0.00016
51863     0.00028     0.00031    -0.00007
51893     0.00174     0.00060     0.00001
51924     0.00285     0.00040    -0.00030
51955     0.00325     0.00031    -0.00074
51983     0.00347     0.00020    -0.00085
52014     0.00298     0.00017    -0.00060
52044     0.00172    -0.00016    -0.00022
52075     0.00032    -0.00037     0.00011
52105    -0.00142    -0.00032     0.00037
52136    -0.00241     0.00008     0.00028
52167    -0.00248     0.00006     0.00013
52197    -0.00228     0.00011    -0.00026
52228    -0.00197     0.00028    -0.00049
52258    -0.00096     0.00008    -0.00046
52289    -0.00002     0.00012    -0.00043
52320     0.00073     0.00009    -0.00051
52348     0.00118    -0.00001    -0.00069
52379     0.00158    -0.00033    -0.00043
52409     0.00081    -0.00072    -0.00015
52440    -0.00073    -0.00114     0.00043
52470    -0.00221    -0.00098     0.00062
52501    -0.00273    -0.00047     0.00057
52532    -0.00259    -0.00019     0.00034
52562    -0.00179    -0.00009    -0.00011
52593    -0.00049    -0.00006    -0.00034
52623     0.00073    -0.00011    -0.00040
52654     0.00210    -0.00003    -0.00029
52685     0.00281    -0.00005    -0.00023
52713     0.00239    -0.00023    -0.00003
52744     0.00167    -0.00038     0.00029
52774     0.00077    -0.00083     0.00054
52805    -0.00066    -0.00122     0.00101
52835    -0.00197    -0.00078     0.00105
52866    -0.00273    -0.00022     0.00091
52897    -0.00284     0.00011     0.00043
52927    -0.00225     0.00001    -0.00003
52958    -0.00092    -0.00014    -0.00038
52988     0.00019    -0.00016    -0.00044
53019     0.00097    -0.00025    -0.00023
53050     0.00068    -0.00023     0.00008
53079     0.00110    -0.00026     0.00009
53110     0.00131    -0.00016     0.00031
53140     0.00045    -0.00056     0.00050
53171    -0.00113    -0.00085     0.00072
53201    -0.00245    -0.00069     0.00094
53232    -0.00308    -0.00010     0.00074
53263    -0.00309     0.00006     0.00020
53293    -0.00238    -0.00001    -0.00017
53324    -0.00163    -0.00021    -0.00022
53354    -0.00012     0.00008    -0.00014
53385     0.00090     0.00005    -0.00018
53416     0.00117    -0.00019    -0.00016
53444     0.00199    -0.00030    -0.00020
53475     0.00191    -0.00049    -0.00008
53505     0.00124    -0.00058     0.00018
53536    -0.00038    -0.00089     0.00069
53566    -0.00230    -0.00063     0.00085
53597    -0.00323    -0.00020     0.00057
53628    -0.00343     0.00007     0.00025
53658    -0.00325    -0.00016    -0.00002
53689    -0.00281    -0.00036    -0.00022
53719    -0.00149    -0.00076     0.00008
53750    -0.00006    -0.00093     0.00028
53781     0.00102    -0.00078     0.00027
53809     0.00180    -0.00057     0.00035
53840     0.00146    -0.00059     0.00065
53870     0.00030    -0.00081     0.00078
53901    -0.00094    -0.00089     0.00091
53931    -0.00257    -0.00069     0.00104
53962    -0.00302    -0.00013     0.00099
53993    -0.00266     0.00007     0.00057
54023    -0.00179    -0.00023     0.00038
54054    -0.00027    -0.00028     0.00030
54084     0.00119    -0.00029     0.00018
54115     0.00177    -0.00039     0.00023
54146     0.00229    -0.00020     0.00015
54174     0.00231    -0.00040     0.00012
54205     0.00225    -0.00073     0.00042
54235     0.00123    -0.00083     0.00073
54266    -0.00057    -0.00082     0.00098
54296    -0.00206    -0.00030     0.00091
54327    -0.00278     0.00035     0.00087
54358    -0.00243     0.00072     0.00037
54388    -0.00199     0.00052     0.00010
54419    -0.00065     0.00066     0.00019
54449     0.00054     0.00054     0.00026
54480     0.00185     0.00049     0.00046
54511     0.00253     0.00035     0.00041
54540     0.00302     0.00001     0.00030
54571     0.00270    -0.00016     0.00028
54601     0.00154    -0.00054     0.00058
54632     0.00021    -0.00062     0.00081
54662    -0.00115    -0.00030     0.00089
54693    -0.00162     0.00035     0.00068
54724    -0.00146     0.00052     0.00023
54754    -0.00086     0.00047    -0.00022
54785    -0.00012     0.00050    -0.00064
54815     0.00048     0.00017    -0.00043
54846     0.00141     0.00006    -0.00038
54877     0.00222     0.00029    -0.00029
54905     0.00236     0.00019    -0.00037
54936     0.00212    -0.00006    -0.00026
54966     0.00091    -0.00039     0.00008
54997    -0.00103    -0.00063     0.00060
55027    -0.00264    -0.00031     0.00076
55058    -0.00335     0.00022     0.00065
55089    -0.00331     0.00054     0.00039
55119    -0.00273     0.00044     0.00001
55150    -0.00080     0.00051    -0.00009
55180     0.00012     0.00047     0.00000
55211     0.00135     0.00065    -0.00003
55242     0.00189     0.00048    -0.00025
55270     0.00194     0.00058    -0.00010
55301     0.00142     0.00032     0.00010
55331     0.00036     0.00001     0.00033
55362    -0.00102    -0.00019     0.00062
55392    -0.00240     0.00000     0.00089
55423    -0.00347     0.00069     0.00074
55454    -0.00386     0.00105     0.00012
55484    -0.00322     0.00103    -0.00047
55515    -0.00232     0.00081    -0.00062
55545    -0.00143     0.00067    -0.00065
55576    -0.00015     0.00047    -0.00051
55607     0.00034     0.00030    -0.00045
55635     0.00050     0.00005    -0.00032
55666    -0.00020    -0.00032    -0.00006
55696    -0.00105    -0.00059     0.00027
55727    -0.00305    -0.00063     0.00063
55757    -0.00432    -0.00041     0.00070
55788    -0.00506     0.00015     0.00058
55819    -0.00469     0.00055     0.00015
55849    -0.00361     0.00067     0.00006
55880    -0.00251     0.00057     0.00003
55910    -0.00156     0.00037     0.00001
55941    -0.00008     0.00035    -0.00006
55972     0.00050     0.00021    -0.00004
56001     0.00005    -0.00004     0.00015
56032     0.00011    -0.00031     0.00025
56062    -0.00101    -0.00052     0.00049
56093    -0.00295    -0.00067     0.00104
56123    -0.00401    -0.00018     0.00121
56154    -0.00439     0.00053     0.00089
56185    -0.00415     0.00110     0.00026
56215    -0.00309     0.00093    -0.00002
56246    -0.00174     0.00104    -0.00039
56276    -0.00009     0.00098    -0.00050
56307     0.00139     0.00080    -0.00053
56338     0.00213     0.00070    -0.00054
56366     0.00217     0.00044    -0.00044
56397     0.00214     0.00031    -0.00009
56427     0.00135    -0.00007     0.00032
56458    -0.00022    -0.00053     0.00067
56488    -0.00186    -0.00032     0.00076
56519    -0.00308     0.00006     0.00070
56550    -0.00303     0.00016     0.00047
56580    -0.00258     0.00001     0.00018
56611    -0.00169    -0.00027     0.00021
56641    -0.00062    -0.00037     0.00029
56672     0.00068    -0.00032     0.00042
56703     0.00166    -0.00035     0.00056
56731     0.00216    -0.00054     0.00086
56762     0.00176    -0.00075     0.00114
56792     0.00125    -0.00089     0.00136
56823     0.00012    -0.00111     0.00155
56853    -0.00115    -0.00087     0.00151
56884    -0.00193    -0.00012     0.00126
56915    -0.00146     0.00029     0.00070
56945    -0.00069     0.00026     0.00030
56976     0.00032     0.00004     0.00002
57006     0.00113    -0.00028     0.00002
57037     0.00142    -0.00030    -0.00018
57068     0.00225    -0.00046    -0.00036
57096     0.00270    -0.00065    -0.00041
57127     0.00246    -0.00068    -0.00023
57157     0.00162    -0.00106     0.00020
57188     0.00034    -0.00126     0.00064
57218    -0.00074    -0.00106     0.00095
57249    -0.00138    -0.00043     0.00068
57280    -0.00135    -0.00005     0.00019
57310    -0.00042     0.00004    -0.00039
57341     0.00075     0.00015    -0.00091
57371     0.00189     0.00027    -0.00139
57402     0.00297     0.00035    -0.00130
57433     0.00338     0.00014    -0.00114
57462     0.00403    -0.00006    -0.00095
57493     0.00416    -0.00007    -0.00068
57523     0.00299    -0.00022    -0.00039
57554     0.00052    -0.00034     0.00013
