# Hydrology loading displacements computed from the monthly GLDAS NOAH model
# This is a product of the Hydrology loading service: http://lacerta.gsfc.nasa.gov/hydlo/
# Displacements are with respect to the center of mass of the total earth
#
# Created for VieVS on 17.03.2017 at 11:46:08 local time
# OFFSET + TREND REMOVED!!! - Hana 
# mjd up (meters) eastwest (meters) northsouth (meters)
43888    -0.00379     0.00042    -0.00006
43919    -0.00624     0.00055    -0.00004
43947    -0.00508     0.00060    -0.00021
43978    -0.00338     0.00075    -0.00052
44008    -0.00007     0.00076    -0.00016
44039     0.00302     0.00037     0.00037
44069     0.00504    -0.00049     0.00074
44100     0.00605    -0.00121     0.00090
44131     0.00582    -0.00127     0.00073
44161     0.00450    -0.00114     0.00033
44192     0.00075    -0.00059     0.00014
44222    -0.00132    -0.00001     0.00040
44253    -0.00430     0.00055     0.00019
44284    -0.00469     0.00074     0.00018
44313    -0.00390     0.00065    -0.00005
44344    -0.00313     0.00079    -0.00005
44374     0.00007     0.00066     0.00009
44405     0.00260     0.00005     0.00042
44435     0.00329    -0.00103     0.00110
44466     0.00494    -0.00167     0.00132
44497     0.00488    -0.00164     0.00112
44527     0.00297    -0.00111     0.00066
44558     0.00071    -0.00051     0.00022
44588    -0.00228    -0.00001     0.00012
44619    -0.00577     0.00021     0.00027
44650    -0.00542     0.00052     0.00045
44678    -0.00457     0.00072     0.00052
44709    -0.00150     0.00059     0.00045
44739     0.00034     0.00069     0.00056
44770     0.00313     0.00044     0.00077
44800     0.00422    -0.00064     0.00086
44831     0.00493    -0.00152     0.00112
44862     0.00488    -0.00164     0.00097
44892     0.00188    -0.00163     0.00048
44923     0.00058    -0.00109     0.00023
44953    -0.00348    -0.00040    -0.00000
44984    -0.00603     0.00035    -0.00043
45015    -0.00632     0.00054    -0.00062
45043    -0.00584     0.00059    -0.00078
45074    -0.00315     0.00080    -0.00067
45104    -0.00014     0.00079    -0.00014
45135     0.00365     0.00090     0.00041
45165     0.00633     0.00066     0.00112
45196     0.00591    -0.00059     0.00106
45227     0.00598    -0.00105     0.00077
45257     0.00371    -0.00103     0.00053
45288     0.00159    -0.00108    -0.00002
45318    -0.00165    -0.00053    -0.00047
45349    -0.00419     0.00024    -0.00065
45380    -0.00506     0.00077    -0.00088
45408    -0.00441     0.00087    -0.00121
45439    -0.00282     0.00095    -0.00111
45469    -0.00019     0.00041    -0.00095
45500     0.00261     0.00021    -0.00012
45530     0.00594    -0.00069     0.00023
45561     0.00760    -0.00171     0.00055
45592     0.00703    -0.00235     0.00016
45622     0.00645    -0.00218    -0.00027
45653     0.00532    -0.00151    -0.00070
45683     0.00117    -0.00071    -0.00094
45714    -0.00204    -0.00056    -0.00082
45745    -0.00450    -0.00009    -0.00095
45774    -0.00405     0.00041    -0.00123
45805    -0.00260     0.00091    -0.00072
45835     0.00056     0.00083    -0.00041
45866     0.00262     0.00026     0.00000
45896     0.00574    -0.00041     0.00045
45927     0.00657    -0.00110     0.00060
45958     0.00507    -0.00138     0.00051
45988     0.00304    -0.00116     0.00014
46019     0.00237    -0.00051    -0.00030
46049     0.00025     0.00002    -0.00055
46080    -0.00236     0.00097    -0.00059
46111    -0.00532     0.00129    -0.00043
46139    -0.00543     0.00130    -0.00078
46170    -0.00377     0.00125    -0.00027
46200    -0.00132     0.00096    -0.00010
46231     0.00119     0.00057     0.00036
46261     0.00349    -0.00012     0.00104
46292     0.00419    -0.00063     0.00119
46323     0.00483    -0.00098     0.00097
46353     0.00597    -0.00079     0.00048
46384     0.00362    -0.00015     0.00001
46414     0.00022     0.00052    -0.00006
46445    -0.00413     0.00061    -0.00002
46476    -0.00644     0.00096    -0.00062
46504    -0.00669     0.00119    -0.00068
46535    -0.00494     0.00085    -0.00024
46565    -0.00100     0.00084     0.00002
46596     0.00179     0.00102     0.00075
46626     0.00520    -0.00008     0.00085
46657     0.00597    -0.00106     0.00105
46688     0.00548    -0.00101     0.00112
46718     0.00537    -0.00070     0.00094
46749     0.00287    -0.00050     0.00080
46779     0.00053     0.00001     0.00045
46810    -0.00304     0.00066     0.00021
46841    -0.00464     0.00098    -0.00024
46869    -0.00584     0.00092    -0.00040
46900    -0.00445     0.00122    -0.00026
46930    -0.00128     0.00125    -0.00001
46961     0.00046     0.00074     0.00059
46991     0.00297    -0.00000     0.00094
47022     0.00370    -0.00071     0.00119
47053     0.00374    -0.00125     0.00108
47083     0.00262    -0.00146     0.00068
47114     0.00088    -0.00121     0.00020
47144    -0.00166    -0.00026    -0.00002
47175    -0.00295     0.00027    -0.00021
47206    -0.00483     0.00059    -0.00029
47235    -0.00620     0.00077     0.00007
47266    -0.00356     0.00070     0.00006
47296    -0.00012     0.00018     0.00004
47327     0.00192    -0.00010     0.00054
47357     0.00391    -0.00096     0.00093
47388     0.00497    -0.00188     0.00109
47419     0.00415    -0.00210     0.00086
47449     0.00317    -0.00198     0.00054
47480     0.00162    -0.00117     0.00027
47510    -0.00226    -0.00029     0.00025
47541    -0.00288     0.00028     0.00017
47572    -0.00313     0.00050     0.00007
47600    -0.00386     0.00047    -0.00032
47631    -0.00270     0.00011    -0.00028
47661     0.00008     0.00017     0.00008
47692     0.00345     0.00021     0.00026
47722     0.00457    -0.00038     0.00069
47753     0.00591    -0.00093     0.00102
47784     0.00588    -0.00104     0.00070
47814     0.00471    -0.00091     0.00049
47845     0.00274    -0.00049     0.00018
47875     0.00007     0.00017     0.00038
47906    -0.00185     0.00055     0.00043
47937    -0.00439     0.00071     0.00022
47965    -0.00381     0.00069    -0.00017
47996    -0.00212     0.00067    -0.00019
48026     0.00091     0.00063     0.00006
48057     0.00267     0.00013     0.00030
48087     0.00468    -0.00056     0.00076
48118     0.00743    -0.00101     0.00079
48149     0.00674    -0.00111     0.00081
48179     0.00475    -0.00102     0.00029
48210     0.00121    -0.00079    -0.00024
48240    -0.00218    -0.00014    -0.00060
48271    -0.00351     0.00011    -0.00067
48302    -0.00333     0.00017    -0.00072
48330    -0.00446     0.00040    -0.00081
48361    -0.00332     0.00080    -0.00067
48391    -0.00212     0.00118    -0.00044
48422     0.00087     0.00069     0.00020
48452     0.00344     0.00007     0.00073
48483     0.00475    -0.00065     0.00097
48514     0.00626    -0.00082     0.00060
48544     0.00393    -0.00087     0.00004
48575     0.00121    -0.00051    -0.00044
48605    -0.00106    -0.00007    -0.00075
48636    -0.00343     0.00054    -0.00081
48667    -0.00468     0.00097    -0.00103
48696    -0.00492     0.00137    -0.00127
48727    -0.00412     0.00159    -0.00124
48757    -0.00035     0.00127    -0.00080
48788     0.00219     0.00085    -0.00048
48818     0.00405     0.00003    -0.00011
48849     0.00636    -0.00082     0.00008
48880     0.00577    -0.00109     0.00009
48910     0.00320    -0.00108    -0.00051
48941    -0.00065    -0.00052    -0.00063
48971    -0.00221     0.00030    -0.00055
49002    -0.00225     0.00059    -0.00051
49033    -0.00347     0.00069    -0.00041
49061    -0.00428     0.00097    -0.00057
49092    -0.00374     0.00124    -0.00059
49122    -0.00085     0.00073    -0.00055
49153     0.00171     0.00034     0.00002
49183     0.00265    -0.00022     0.00018
49214     0.00404    -0.00100     0.00048
49245     0.00290    -0.00121     0.00024
49275     0.00029    -0.00125    -0.00029
49306    -0.00060    -0.00063    -0.00060
49336    -0.00294    -0.00010    -0.00060
49367    -0.00557     0.00067    -0.00065
49398    -0.00577     0.00099    -0.00059
49426    -0.00557     0.00106    -0.00063
49457    -0.00455     0.00119    -0.00057
49487    -0.00191     0.00116    -0.00043
49518     0.00055     0.00085     0.00007
49548     0.00333     0.00000     0.00002
49579     0.00417    -0.00099     0.00021
49610     0.00249    -0.00131     0.00003
49640     0.00142    -0.00086    -0.00027
49671    -0.00121    -0.00029    -0.00060
49701    -0.00326     0.00016    -0.00077
49732    -0.00580     0.00039    -0.00097
49763    -0.00712     0.00041    -0.00121
49791    -0.00685     0.00054    -0.00134
49822    -0.00508     0.00095    -0.00099
49852    -0.00283     0.00098    -0.00085
49883    -0.00159     0.00083    -0.00043
49913     0.00195    -0.00005    -0.00014
49944     0.00321    -0.00110    -0.00023
49975     0.00138    -0.00139    -0.00030
50005     0.00093    -0.00117    -0.00049
50036    -0.00086    -0.00051    -0.00080
50066    -0.00311     0.00033    -0.00087
50097    -0.00639     0.00081    -0.00102
50128    -0.00872     0.00110    -0.00121
50157    -0.00983     0.00109    -0.00121
50188    -0.00846     0.00112    -0.00086
50218    -0.00462     0.00138    -0.00039
50249    -0.00089     0.00133     0.00055
50279     0.00146     0.00142     0.00119
50310     0.00347     0.00151     0.00160
50341     0.00274     0.00163     0.00181
50371     0.00074     0.00155     0.00166
50402    -0.00072     0.00172     0.00149
50432    -0.00327     0.00171     0.00108
50463    -0.00458     0.00181     0.00078
50494    -0.00665     0.00173     0.00055
50522    -0.00698     0.00187     0.00029
50553    -0.00582     0.00164     0.00051
50583    -0.00423     0.00133     0.00059
50614    -0.00204     0.00106     0.00061
50644    -0.00088     0.00032     0.00064
50675     0.00085    -0.00042     0.00046
50706     0.00117    -0.00073    -0.00002
50736    -0.00091    -0.00059    -0.00033
50767    -0.00401    -0.00041    -0.00080
50797    -0.00699    -0.00015    -0.00106
50828    -0.00745     0.00009    -0.00132
50859    -0.00685     0.00048    -0.00164
50887    -0.00715     0.00075    -0.00184
50918    -0.00614     0.00078    -0.00188
50948    -0.00260     0.00066    -0.00185
50979    -0.00064     0.00034    -0.00146
51009     0.00094    -0.00050    -0.00118
51040     0.00247    -0.00135    -0.00072
51071     0.00105    -0.00166    -0.00063
51101    -0.00195    -0.00149    -0.00117
51132    -0.00370    -0.00083    -0.00139
51162    -0.00434    -0.00009    -0.00158
51193    -0.00527     0.00045    -0.00172
51224    -0.00662     0.00080    -0.00170
51252    -0.00699     0.00089    -0.00152
51283    -0.00501     0.00101    -0.00138
51313    -0.00260     0.00087    -0.00122
51344    -0.00001     0.00047    -0.00093
51374     0.00247     0.00013    -0.00048
51405     0.00374    -0.00079    -0.00030
51436     0.00408    -0.00102    -0.00036
51466     0.00241    -0.00115    -0.00054
51497     0.00046    -0.00089    -0.00068
51527    -0.00146    -0.00032    -0.00043
51558    -0.00368     0.00059     0.00031
51589    -0.00516     0.00105     0.00076
51618    -0.00566     0.00119     0.00079
51649    -0.00483     0.00119     0.00047
51679    -0.00147     0.00044    -0.00006
51710     0.00302    -0.00015    -0.00034
51740     0.00567    -0.00050    -0.00012
51771     0.00561    -0.00117     0.00004
51802     0.00607    -0.00117    -0.00003
51832     0.00426    -0.00115    -0.00047
51863     0.00231    -0.00078    -0.00073
51893     0.00106    -0.00051    -0.00043
51924    -0.00093    -0.00001    -0.00073
51955    -0.00251     0.00003    -0.00105
51983    -0.00409     0.00015    -0.00109
52014    -0.00445     0.00018    -0.00082
52044    -0.00138     0.00007    -0.00070
52075     0.00227    -0.00005    -0.00032
52105     0.00562    -0.00072     0.00006
52136     0.00752    -0.00156     0.00014
52167     0.00619    -0.00151     0.00003
52197     0.00463    -0.00157    -0.00013
52228     0.00309    -0.00138    -0.00008
52258     0.00071    -0.00048     0.00003
52289    -0.00082     0.00015     0.00027
52320    -0.00209     0.00034     0.00025
52348    -0.00312     0.00039     0.00007
52379    -0.00193     0.00095    -0.00011
52409     0.00035     0.00067    -0.00031
52440     0.00398     0.00047    -0.00013
52470     0.00640    -0.00039     0.00003
52501     0.00604    -0.00108     0.00022
52532     0.00537    -0.00143     0.00012
52562     0.00284    -0.00107    -0.00011
52593    -0.00053    -0.00066    -0.00005
52623    -0.00244    -0.00033    -0.00028
52654    -0.00424     0.00016     0.00000
52685    -0.00537     0.00055     0.00007
52713    -0.00436     0.00090     0.00008
52744    -0.00238     0.00119     0.00009
52774     0.00122     0.00121     0.00006
52805     0.00541     0.00113     0.00028
52835     0.00855     0.00013     0.00042
52866     0.01025    -0.00077     0.00044
52897     0.00968    -0.00118     0.00014
52927     0.00697    -0.00103    -0.00024
52958     0.00416    -0.00053    -0.00077
52988     0.00187    -0.00023    -0.00086
53019    -0.00149     0.00034    -0.00052
53050    -0.00355     0.00077    -0.00011
53079    -0.00440     0.00110    -0.00015
53110    -0.00374     0.00107     0.00009
53140    -0.00150     0.00087    -0.00014
53171     0.00186     0.00066    -0.00005
53201     0.00495     0.00017     0.00038
53232     0.00648    -0.00083     0.00046
53263     0.00638    -0.00125     0.00009
53293     0.00468    -0.00101    -0.00012
53324     0.00187    -0.00032    -0.00037
53354    -0.00005     0.00015    -0.00010
53385    -0.00192     0.00060     0.00004
53416    -0.00405     0.00127     0.00006
53444    -0.00491     0.00176     0.00006
53475    -0.00397     0.00169     0.00001
53505    -0.00238     0.00142     0.00019
53536     0.00199     0.00116     0.00035
53566     0.00444     0.00031     0.00040
53597     0.00475    -0.00064     0.00037
53628     0.00472    -0.00115     0.00005
53658     0.00397    -0.00096    -0.00042
53689     0.00341    -0.00066    -0.00065
53719     0.00104     0.00061    -0.00055
53750    -0.00098     0.00145    -0.00029
53781    -0.00235     0.00168    -0.00019
53809    -0.00429     0.00172     0.00007
53840    -0.00355     0.00160     0.00052
53870    -0.00057     0.00126     0.00041
53901     0.00213     0.00079     0.00051
53931     0.00657    -0.00020     0.00053
53962     0.00658    -0.00090     0.00067
53993     0.00579    -0.00126     0.00038
54023     0.00483    -0.00096     0.00011
54054     0.00314    -0.00016     0.00023
54084     0.00130     0.00023     0.00022
54115    -0.00026     0.00068     0.00035
54146    -0.00202     0.00088     0.00051
54174    -0.00295     0.00114     0.00037
54205    -0.00075     0.00149     0.00027
54235     0.00181     0.00121     0.00037
54266     0.00345     0.00028     0.00044
54296     0.00460    -0.00094     0.00077
54327     0.00497    -0.00181     0.00104
54358     0.00370    -0.00193     0.00080
54388     0.00304    -0.00158     0.00057
54419     0.00099    -0.00092     0.00080
54449    -0.00172    -0.00032     0.00086
54480    -0.00294     0.00027     0.00096
54511    -0.00355     0.00074     0.00084
54540    -0.00410     0.00137     0.00074
54571    -0.00426     0.00130     0.00058
54601    -0.00115     0.00121     0.00044
54632     0.00167     0.00050     0.00026
54662     0.00375    -0.00033     0.00040
54693     0.00443    -0.00121     0.00056
54724     0.00407    -0.00158     0.00029
54754     0.00291    -0.00135     0.00003
54785     0.00084    -0.00138    -0.00039
54815    -0.00200    -0.00043    -0.00051
54846    -0.00349     0.00016    -0.00052
54877    -0.00558     0.00042    -0.00030
54905    -0.00720     0.00083    -0.00016
54936    -0.00475     0.00100    -0.00021
54966    -0.00116     0.00077    -0.00005
54997     0.00169     0.00056     0.00029
55027     0.00280    -0.00013     0.00056
55058     0.00448    -0.00099     0.00069
55089     0.00511    -0.00131     0.00050
55119     0.00412    -0.00105     0.00018
55150     0.00108    -0.00038     0.00026
55180    -0.00176     0.00009     0.00033
55211    -0.00445     0.00041     0.00036
55242    -0.00591     0.00068     0.00007
55270    -0.00650     0.00073     0.00022
55301    -0.00514     0.00086     0.00020
55331    -0.00308     0.00086     0.00024
55362    -0.00087     0.00053     0.00039
55392     0.00333    -0.00034     0.00045
55423     0.00293    -0.00146     0.00074
55454     0.00198    -0.00209     0.00050
55484     0.00088    -0.00208     0.00001
55515    -0.00153    -0.00154    -0.00030
55545    -0.00458    -0.00086    -0.00030
55576    -0.00615    -0.00008    -0.00007
55607    -0.00593     0.00052    -0.00011
55635    -0.00564     0.00098    -0.00027
55666    -0.00354     0.00135    -0.00028
55696    -0.00006     0.00131    -0.00034
55727     0.00209     0.00050    -0.00026
55757     0.00370    -0.00048     0.00009
55788     0.00427    -0.00141     0.00041
55819     0.00451    -0.00202     0.00037
55849     0.00333    -0.00166     0.00043
55880     0.00243    -0.00123     0.00024
55910     0.00032    -0.00079     0.00033
55941    -0.00350    -0.00031     0.00056
55972    -0.00434     0.00032     0.00046
56001    -0.00338     0.00057     0.00041
56032    -0.00198     0.00073     0.00031
56062    -0.00034     0.00048     0.00021
56093     0.00146     0.00007     0.00049
56123     0.00345    -0.00099     0.00101
56154     0.00488    -0.00196     0.00104
56185     0.00397    -0.00258     0.00071
56215     0.00193    -0.00222     0.00044
56246    -0.00077    -0.00190     0.00020
56276    -0.00319    -0.00137     0.00021
56307    -0.00499    -0.00045     0.00028
56338    -0.00676     0.00012     0.00022
56366    -0.00684     0.00057     0.00006
56397    -0.00616     0.00081     0.00025
56427    -0.00328     0.00057     0.00044
56458    -0.00127     0.00033     0.00058
56488     0.00333    -0.00065     0.00057
56519     0.00655    -0.00161     0.00049
56550     0.00659    -0.00178     0.00032
56580     0.00518    -0.00158     0.00002
56611     0.00327    -0.00093    -0.00009
56641     0.00235    -0.00029    -0.00001
56672     0.00106     0.00003     0.00017
56703    -0.00061     0.00043     0.00009
56731    -0.00043     0.00098     0.00024
56762     0.00124     0.00124     0.00038
56792     0.00157     0.00129     0.00044
56823     0.00438     0.00109     0.00045
56853     0.00537     0.00013     0.00047
56884     0.00429    -0.00098     0.00063
56915     0.00331    -0.00120     0.00045
56945     0.00204    -0.00101     0.00026
56976    -0.00014    -0.00057    -0.00011
57006    -0.00106     0.00013    -0.00023
57037    -0.00295     0.00036    -0.00010
57068    -0.00437     0.00090    -0.00038
57096    -0.00437     0.00127    -0.00052
57127    -0.00350     0.00144    -0.00035
57157    -0.00147     0.00141    -0.00021
57188     0.00171     0.00114    -0.00011
57218     0.00542     0.00064     0.00021
57249     0.00637    -0.00041     0.00017
57280     0.00540    -0.00104    -0.00013
57310     0.00353    -0.00097    -0.00063
57341     0.00218    -0.00075    -0.00092
57371     0.00006    -0.00056    -0.00085
57402    -0.00208    -0.00009    -0.00067
57433    -0.00465     0.00059    -0.00057
57462    -0.00548     0.00120    -0.00057
57493    -0.00419     0.00122    -0.00031
57523    -0.00279     0.00093    -0.00033
57554    -0.00171     0.00030    -0.00010
