# Hydrology loading displacements computed from the monthly GLDAS NOAH model
# This is a product of the Hydrology loading service: http://lacerta.gsfc.nasa.gov/hydlo/
# Displacements are with respect to the center of mass of the total earth
#
# Created for VieVS on 17.03.2017 at 11:46:08 local time
# OFFSET + TREND REMOVED!!! - Hana 
# mjd up (meters) eastwest (meters) northsouth (meters)
43888    -0.00224    -0.00073    -0.00029
43919    -0.00217    -0.00109    -0.00096
43947    -0.00154    -0.00093    -0.00080
43978    -0.00114    -0.00069    -0.00033
44008    -0.00039    -0.00039     0.00081
44039    -0.00069     0.00007     0.00191
44069     0.00112     0.00039     0.00201
44100     0.00048     0.00043     0.00162
44131     0.00059     0.00052     0.00132
44161     0.00156     0.00061     0.00112
44192     0.00140     0.00026     0.00080
44222     0.00118    -0.00027     0.00029
44253     0.00081    -0.00072     0.00004
44284     0.00056    -0.00091    -0.00027
44313     0.00114    -0.00098    -0.00056
44344     0.00151    -0.00081     0.00000
44374     0.00194    -0.00032     0.00098
44405     0.00285     0.00015     0.00179
44435     0.00459     0.00024     0.00173
44466     0.00426     0.00029     0.00127
44497     0.00252     0.00026     0.00092
44527    -0.00011     0.00058     0.00077
44558    -0.00014     0.00035     0.00030
44588    -0.00072     0.00004    -0.00010
44619    -0.00051    -0.00043    -0.00046
44650    -0.00024    -0.00070    -0.00073
44678    -0.00027    -0.00093    -0.00094
44709     0.00016    -0.00088    -0.00063
44739    -0.00032    -0.00054     0.00013
44770    -0.00004     0.00026     0.00142
44800     0.00047     0.00051     0.00136
44831     0.00059     0.00051     0.00116
44862    -0.00036     0.00064     0.00087
44892    -0.00141     0.00092     0.00036
44923    -0.00125     0.00100     0.00001
44953    -0.00116     0.00053    -0.00038
44984    -0.00142    -0.00012    -0.00099
45015    -0.00128    -0.00029    -0.00144
45043    -0.00060    -0.00035    -0.00150
45074     0.00001    -0.00049    -0.00076
45104    -0.00031    -0.00025     0.00026
45135    -0.00032     0.00015     0.00190
45165    -0.00025     0.00028     0.00275
45196     0.00118     0.00029     0.00215
45227     0.00185     0.00040     0.00168
45257     0.00171     0.00019     0.00126
45288     0.00150     0.00016     0.00035
45318    -0.00092    -0.00006    -0.00043
45349    -0.00167    -0.00034    -0.00100
45380    -0.00234    -0.00068    -0.00135
45408    -0.00241    -0.00047    -0.00133
45439    -0.00184    -0.00024    -0.00049
45469    -0.00059     0.00021     0.00035
45500     0.00028     0.00054     0.00157
45530     0.00179     0.00097     0.00196
45561     0.00285     0.00089     0.00140
45592     0.00325     0.00116     0.00078
45622     0.00143     0.00130     0.00047
45653    -0.00025     0.00124     0.00037
45683    -0.00138     0.00072    -0.00011
45714    -0.00136     0.00035    -0.00076
45745    -0.00111     0.00019    -0.00105
45774    -0.00067     0.00016    -0.00084
45805     0.00008    -0.00035    -0.00008
45835     0.00053    -0.00016     0.00096
45866     0.00025     0.00027     0.00172
45896     0.00051     0.00068     0.00182
45927     0.00021     0.00073     0.00159
45958     0.00087     0.00076     0.00125
45988    -0.00038     0.00083     0.00100
46019    -0.00193     0.00070     0.00086
46049    -0.00313     0.00023     0.00044
46080    -0.00456    -0.00056     0.00004
46111    -0.00406    -0.00114    -0.00063
46139    -0.00348    -0.00083    -0.00081
46170    -0.00227    -0.00095    -0.00023
46200    -0.00138    -0.00066     0.00050
46231    -0.00059    -0.00004     0.00160
46261     0.00045     0.00001     0.00160
46292     0.00066    -0.00006     0.00131
46323     0.00063     0.00026     0.00102
46353    -0.00143     0.00065     0.00096
46384    -0.00266     0.00076     0.00064
46414    -0.00271     0.00021     0.00011
46445    -0.00173    -0.00038    -0.00067
46476    -0.00164    -0.00065    -0.00107
46504    -0.00091    -0.00105    -0.00116
46535     0.00014    -0.00106    -0.00059
46565     0.00070    -0.00072     0.00050
46596    -0.00028    -0.00018     0.00200
46626     0.00032     0.00026     0.00231
46657     0.00225     0.00041     0.00203
46688     0.00090     0.00053     0.00188
46718    -0.00119     0.00068     0.00172
46749    -0.00207     0.00056     0.00116
46779    -0.00299     0.00034     0.00056
46810    -0.00341     0.00009     0.00004
46841    -0.00317     0.00002    -0.00042
46869    -0.00304    -0.00003    -0.00074
46900    -0.00205    -0.00029    -0.00028
46930    -0.00147    -0.00005     0.00052
46961    -0.00206     0.00046     0.00128
46991    -0.00113     0.00086     0.00193
47022    -0.00021     0.00080     0.00160
47053     0.00010     0.00090     0.00112
47083     0.00092     0.00083     0.00059
47114     0.00103     0.00079     0.00027
47144     0.00028     0.00042    -0.00000
47175    -0.00042     0.00005    -0.00053
47206    -0.00023    -0.00036    -0.00099
47235     0.00050    -0.00072    -0.00120
47266     0.00118    -0.00066    -0.00060
47296     0.00221    -0.00046     0.00001
47327     0.00331    -0.00021     0.00105
47357     0.00282     0.00005     0.00118
47388     0.00300     0.00009     0.00051
47419     0.00249     0.00040     0.00002
47449     0.00257     0.00059    -0.00005
47480     0.00234     0.00031    -0.00024
47510     0.00186    -0.00015    -0.00067
47541     0.00151    -0.00054    -0.00124
47572     0.00097    -0.00070    -0.00168
47600     0.00104    -0.00050    -0.00184
47631     0.00201    -0.00040    -0.00141
47661     0.00272    -0.00025    -0.00043
47692     0.00248     0.00045     0.00103
47722     0.00365     0.00064     0.00159
47753     0.00417     0.00046     0.00149
47784     0.00358     0.00063     0.00123
47814     0.00373     0.00067     0.00063
47845     0.00354     0.00055     0.00010
47875     0.00342    -0.00035    -0.00058
47906     0.00303    -0.00089    -0.00115
47937     0.00243    -0.00104    -0.00170
47965     0.00185    -0.00067    -0.00176
47996     0.00199    -0.00037    -0.00109
48026     0.00194    -0.00009     0.00000
48057     0.00290     0.00039     0.00093
48087     0.00341     0.00053     0.00105
48118     0.00228     0.00065     0.00096
48149     0.00205     0.00071     0.00056
48179    -0.00040     0.00087    -0.00015
48210    -0.00059     0.00082    -0.00073
48240    -0.00075     0.00038    -0.00142
48271    -0.00124     0.00018    -0.00192
48302    -0.00072     0.00010    -0.00227
48330    -0.00027    -0.00044    -0.00258
48361    -0.00005    -0.00055    -0.00195
48391     0.00010    -0.00047    -0.00081
48422     0.00089    -0.00012     0.00050
48452     0.00133     0.00014     0.00097
48483     0.00141     0.00024     0.00083
48514     0.00018     0.00071     0.00067
48544    -0.00015     0.00077     0.00021
48575    -0.00071     0.00086    -0.00009
48605    -0.00215     0.00080    -0.00062
48636    -0.00424     0.00043    -0.00117
48667    -0.00513     0.00022    -0.00157
48696    -0.00480     0.00029    -0.00151
48727    -0.00389     0.00007    -0.00110
48757    -0.00328     0.00030    -0.00016
48788    -0.00415     0.00089     0.00126
48818    -0.00249     0.00108     0.00166
48849    -0.00171     0.00109     0.00130
48880    -0.00125     0.00099     0.00099
48910    -0.00043     0.00104     0.00039
48941    -0.00106     0.00075    -0.00021
48971    -0.00162     0.00041    -0.00030
49002    -0.00231     0.00001    -0.00068
49033    -0.00202    -0.00024    -0.00123
49061    -0.00193    -0.00035    -0.00144
49092    -0.00144    -0.00042    -0.00102
49122    -0.00081    -0.00014    -0.00035
49153    -0.00041     0.00026     0.00060
49183    -0.00094     0.00058     0.00066
49214     0.00023     0.00065     0.00041
49245     0.00002     0.00067    -0.00005
49275     0.00046     0.00071    -0.00033
49306     0.00005     0.00057    -0.00062
49336    -0.00022     0.00026    -0.00096
49367    -0.00044    -0.00047    -0.00147
49398    -0.00054    -0.00082    -0.00178
49426    -0.00023    -0.00069    -0.00188
49457     0.00022    -0.00073    -0.00136
49487     0.00006    -0.00054    -0.00043
49518     0.00043    -0.00037     0.00041
49548     0.00144    -0.00002     0.00039
49579     0.00239     0.00002     0.00001
49610     0.00216     0.00014    -0.00047
49640     0.00157     0.00005    -0.00075
49671     0.00071    -0.00023    -0.00122
49701     0.00011    -0.00043    -0.00193
49732    -0.00048    -0.00059    -0.00252
49763    -0.00012    -0.00070    -0.00306
49791     0.00000    -0.00085    -0.00314
49822     0.00013    -0.00094    -0.00232
49852     0.00021    -0.00079    -0.00114
49883    -0.00025    -0.00016    -0.00005
49913     0.00110     0.00018     0.00014
49944     0.00204     0.00034    -0.00054
49975     0.00170     0.00049    -0.00114
50005     0.00104     0.00048    -0.00140
50036     0.00067     0.00033    -0.00178
50066     0.00043    -0.00033    -0.00197
50097     0.00009    -0.00086    -0.00261
50128     0.00002    -0.00115    -0.00324
50157     0.00050    -0.00121    -0.00358
50188     0.00095    -0.00122    -0.00306
50218     0.00156    -0.00111    -0.00145
50249     0.00241    -0.00103     0.00030
50279     0.00312    -0.00090     0.00184
50310     0.00388    -0.00077     0.00281
50341     0.00401    -0.00086     0.00304
50371     0.00414    -0.00093     0.00262
50402     0.00370    -0.00109     0.00196
50432     0.00301    -0.00120     0.00102
50463     0.00226    -0.00144     0.00002
50494     0.00111    -0.00148    -0.00101
50522     0.00006    -0.00159    -0.00180
50553    -0.00066    -0.00172    -0.00169
50583    -0.00147    -0.00145    -0.00123
50614    -0.00164    -0.00083    -0.00033
50644    -0.00084    -0.00023    -0.00011
50675    -0.00006     0.00022    -0.00019
50706    -0.00030     0.00046    -0.00066
50736    -0.00175     0.00034    -0.00147
50767    -0.00309    -0.00003    -0.00244
50797    -0.00415    -0.00065    -0.00315
50828    -0.00482    -0.00087    -0.00359
50859    -0.00473    -0.00088    -0.00377
50887    -0.00469    -0.00077    -0.00387
50918    -0.00382    -0.00076    -0.00329
50948    -0.00260    -0.00043    -0.00213
50979    -0.00159    -0.00008    -0.00094
51009    -0.00047     0.00035    -0.00097
51040     0.00056     0.00034    -0.00131
51071     0.00076     0.00045    -0.00197
51101    -0.00073     0.00067    -0.00240
51132    -0.00255     0.00066    -0.00246
51162    -0.00279     0.00025    -0.00263
51193    -0.00286    -0.00017    -0.00289
51224    -0.00282    -0.00046    -0.00292
51252    -0.00212    -0.00061    -0.00279
51283    -0.00178    -0.00056    -0.00195
51313    -0.00152    -0.00026    -0.00091
51344    -0.00174     0.00035    -0.00001
51374    -0.00224     0.00039     0.00025
51405    -0.00056     0.00021    -0.00008
51436    -0.00035     0.00008    -0.00035
51466     0.00015     0.00015    -0.00067
51497     0.00051     0.00001    -0.00085
51527     0.00030    -0.00040    -0.00094
51558     0.00048    -0.00154    -0.00095
51589     0.00078    -0.00207    -0.00108
51618     0.00080    -0.00210    -0.00107
51649     0.00081    -0.00210    -0.00086
51679     0.00155    -0.00154    -0.00070
51710     0.00015    -0.00051    -0.00032
51740     0.00019    -0.00009     0.00022
51771     0.00117     0.00021     0.00004
51802     0.00153     0.00018    -0.00017
51832    -0.00017     0.00012    -0.00068
51863    -0.00379     0.00005    -0.00056
51893    -0.00335    -0.00040    -0.00070
51924    -0.00347    -0.00053    -0.00085
51955    -0.00348    -0.00024    -0.00103
51983    -0.00341    -0.00029    -0.00104
52014    -0.00227    -0.00054    -0.00078
52044    -0.00116    -0.00022     0.00001
52075    -0.00008     0.00019     0.00064
52105     0.00113     0.00053     0.00109
52136     0.00205     0.00088     0.00110
52167     0.00116     0.00127     0.00100
52197     0.00150     0.00129     0.00058
52228     0.00151     0.00098     0.00014
52258     0.00050     0.00058     0.00004
52289     0.00050    -0.00008    -0.00025
52320     0.00027    -0.00023    -0.00040
52348     0.00042    -0.00020    -0.00054
52379     0.00031    -0.00033    -0.00014
52409     0.00071    -0.00000     0.00059
52440     0.00109     0.00044     0.00161
52470     0.00141     0.00105     0.00192
52501     0.00231     0.00115     0.00182
52532     0.00248     0.00120     0.00145
52562     0.00134     0.00121     0.00083
52593     0.00023     0.00093     0.00035
52623    -0.00007     0.00050     0.00019
52654    -0.00002    -0.00010     0.00006
52685    -0.00006    -0.00045    -0.00004
52713    -0.00016    -0.00056     0.00016
52744     0.00035    -0.00080     0.00047
52774     0.00046    -0.00042     0.00113
52805    -0.00005     0.00018     0.00189
52835     0.00083     0.00075     0.00193
52866     0.00183     0.00098     0.00162
52897     0.00174     0.00125     0.00106
52927     0.00085     0.00139     0.00050
52958     0.00044     0.00111     0.00006
52988     0.00035     0.00072    -0.00015
53019     0.00017     0.00010    -0.00025
53050     0.00006    -0.00033    -0.00027
53079    -0.00059    -0.00042    -0.00027
53110    -0.00062    -0.00064    -0.00012
53140    -0.00013    -0.00028     0.00040
53171     0.00020     0.00037     0.00104
53201     0.00046     0.00083     0.00150
53232     0.00083     0.00103     0.00131
53263     0.00067     0.00137     0.00076
53293    -0.00096     0.00147     0.00055
53324    -0.00261     0.00118     0.00041
53354    -0.00333     0.00057     0.00016
53385    -0.00326     0.00001    -0.00002
53416    -0.00404    -0.00035    -0.00011
53444    -0.00394    -0.00063    -0.00019
53475    -0.00292    -0.00066     0.00012
53505    -0.00194    -0.00063     0.00051
53536    -0.00115    -0.00019     0.00140
53566     0.00041     0.00044     0.00166
53597     0.00032     0.00097     0.00149
53628     0.00056     0.00113     0.00120
53658    -0.00028     0.00131     0.00100
53689    -0.00041     0.00125     0.00076
53719    -0.00074     0.00046     0.00084
53750    -0.00092    -0.00020     0.00087
53781    -0.00100    -0.00051     0.00065
53809    -0.00084    -0.00090     0.00053
53840    -0.00032    -0.00109     0.00079
53870     0.00009    -0.00061     0.00117
53901     0.00094     0.00001     0.00166
53931     0.00178     0.00070     0.00206
53962     0.00162     0.00070     0.00189
53993    -0.00013     0.00086     0.00143
54023    -0.00036     0.00076     0.00125
54054    -0.00050     0.00016     0.00086
54084    -0.00071    -0.00024     0.00062
54115    -0.00170    -0.00034     0.00057
54146    -0.00159    -0.00060     0.00028
54174    -0.00136    -0.00061     0.00034
54205    -0.00164    -0.00054     0.00087
54235    -0.00138    -0.00030     0.00132
54266    -0.00053     0.00031     0.00172
54296     0.00033     0.00089     0.00160
54327     0.00066     0.00081     0.00116
54358     0.00096     0.00090     0.00048
54388     0.00097     0.00087     0.00032
54419     0.00137     0.00027     0.00014
54449     0.00060    -0.00036     0.00006
54480     0.00031    -0.00100     0.00004
54511     0.00004    -0.00124    -0.00001
54540    -0.00025    -0.00134    -0.00001
54571     0.00005    -0.00125     0.00008
54601     0.00043    -0.00087     0.00074
54632     0.00106    -0.00032     0.00130
54662     0.00134     0.00011     0.00132
54693     0.00146     0.00032     0.00088
54724    -0.00044     0.00065     0.00003
54754    -0.00026     0.00065    -0.00037
54785     0.00010     0.00057    -0.00073
54815    -0.00027     0.00001    -0.00071
54846    -0.00046    -0.00043    -0.00078
54877    -0.00018    -0.00093    -0.00099
54905    -0.00026    -0.00110    -0.00108
54936    -0.00029    -0.00108    -0.00077
54966    -0.00009    -0.00066    -0.00011
54997     0.00038    -0.00015     0.00074
55027     0.00084     0.00021     0.00096
55058     0.00166     0.00042     0.00079
55089     0.00186     0.00054     0.00038
55119     0.00097     0.00072     0.00010
55150     0.00059     0.00008    -0.00025
55180     0.00007    -0.00052    -0.00043
55211    -0.00009    -0.00100    -0.00074
55242    -0.00135    -0.00091    -0.00088
55270    -0.00086    -0.00113    -0.00093
55301    -0.00034    -0.00109    -0.00060
55331    -0.00004    -0.00080    -0.00009
55362     0.00065    -0.00032     0.00055
55392     0.00056     0.00046     0.00098
55423     0.00194     0.00057     0.00065
55454     0.00227     0.00089    -0.00014
55484     0.00228     0.00101    -0.00062
55515     0.00213     0.00063    -0.00086
55545     0.00163     0.00010    -0.00118
55576     0.00105    -0.00051    -0.00118
55607     0.00085    -0.00075    -0.00124
55635     0.00065    -0.00095    -0.00112
55666     0.00061    -0.00090    -0.00064
55696     0.00074    -0.00060     0.00009
55727     0.00149     0.00000     0.00087
55757     0.00214     0.00064     0.00107
55788     0.00276     0.00091     0.00079
55819     0.00319     0.00106     0.00027
55849     0.00312     0.00074    -0.00002
55880     0.00283     0.00030    -0.00018
55910     0.00191     0.00008    -0.00024
55941     0.00159    -0.00032    -0.00039
55972     0.00116    -0.00042    -0.00041
56001     0.00114    -0.00028    -0.00025
56032     0.00116    -0.00033     0.00003
56062     0.00122    -0.00019     0.00041
56093     0.00212     0.00012     0.00117
56123     0.00278     0.00033     0.00115
56154     0.00369     0.00055     0.00068
56185     0.00405     0.00077    -0.00012
56215     0.00330     0.00075    -0.00033
56246     0.00326     0.00032    -0.00084
56276     0.00290    -0.00018    -0.00106
56307     0.00174    -0.00038    -0.00111
56338     0.00129    -0.00060    -0.00121
56366     0.00113    -0.00067    -0.00109
56397     0.00126    -0.00083    -0.00072
56427     0.00141    -0.00053     0.00004
56458     0.00100     0.00015     0.00075
56488     0.00128     0.00071     0.00094
56519     0.00160     0.00097     0.00083
56550     0.00092     0.00096     0.00062
56580     0.00011     0.00104     0.00043
56611    -0.00036     0.00072     0.00044
56641    -0.00093     0.00034     0.00044
56672    -0.00109    -0.00013     0.00040
56703    -0.00100    -0.00047     0.00050
56731    -0.00100    -0.00088     0.00079
56762    -0.00066    -0.00088     0.00120
56792    -0.00032    -0.00080     0.00154
56823    -0.00048    -0.00020     0.00208
56853     0.00027     0.00025     0.00213
56884     0.00131     0.00030     0.00168
56915     0.00078     0.00039     0.00098
56945     0.00014     0.00035     0.00053
56976    -0.00090     0.00024     0.00014
57006    -0.00136    -0.00008     0.00010
57037    -0.00199    -0.00008    -0.00020
57068    -0.00248    -0.00034    -0.00041
57096    -0.00294    -0.00039    -0.00047
57127    -0.00276    -0.00045    -0.00032
57157    -0.00309    -0.00018     0.00055
57188    -0.00305     0.00034     0.00137
57218    -0.00217     0.00054     0.00176
57249    -0.00050     0.00056     0.00138
57280     0.00023     0.00066     0.00076
57310    -0.00055     0.00075     0.00030
57341    -0.00190     0.00094    -0.00027
57371    -0.00317     0.00094    -0.00075
57402    -0.00338     0.00044    -0.00091
57433    -0.00305    -0.00003    -0.00094
57462    -0.00314    -0.00040    -0.00096
57493    -0.00283    -0.00064    -0.00073
57523    -0.00259    -0.00038    -0.00035
57554    -0.00234     0.00019     0.00021
