# Hydrology loading displacements computed from the monthly GLDAS NOAH model
# This is a product of the Hydrology loading service: http://lacerta.gsfc.nasa.gov/hydlo/
# Displacements are with respect to the center of mass of the total earth
#
# Created for VieVS on 17.03.2017 at 11:46:08 local time
# OFFSET + TREND REMOVED!!! - Hana 
# mjd up (meters) eastwest (meters) northsouth (meters)
43888     0.00083     0.00043    -0.00100
43919     0.00044     0.00080    -0.00159
43947     0.00029     0.00055    -0.00159
43978     0.00016     0.00012    -0.00136
44008     0.00059    -0.00032    -0.00040
44039     0.00141    -0.00063     0.00064
44069     0.00030    -0.00034     0.00195
44100     0.00013    -0.00006     0.00233
44131    -0.00016    -0.00013     0.00222
44161    -0.00046    -0.00020     0.00198
44192    -0.00004    -0.00007     0.00107
44222     0.00045     0.00022     0.00016
44253     0.00068     0.00030    -0.00058
44284     0.00061     0.00039    -0.00099
44313     0.00022     0.00051    -0.00121
44344     0.00002     0.00021    -0.00083
44374     0.00034    -0.00018     0.00013
44405     0.00029    -0.00037     0.00128
44435    -0.00019    -0.00000     0.00228
44466    -0.00044     0.00033     0.00262
44497    -0.00059     0.00027     0.00238
44527    -0.00051    -0.00006     0.00188
44558    -0.00025    -0.00005     0.00101
44588    -0.00005     0.00014     0.00026
44619     0.00043     0.00047    -0.00017
44650     0.00070     0.00064    -0.00056
44678     0.00046     0.00080    -0.00097
44709     0.00028     0.00062    -0.00083
44739     0.00086     0.00024    -0.00032
44770     0.00121    -0.00048     0.00085
44800     0.00013    -0.00028     0.00197
44831     0.00004     0.00015     0.00243
44862    -0.00026     0.00028     0.00243
44892    -0.00088     0.00011     0.00189
44923    -0.00096    -0.00005     0.00120
44953    -0.00041    -0.00008     0.00016
44984     0.00003     0.00013    -0.00103
45015    -0.00002     0.00037    -0.00160
45043    -0.00029     0.00044    -0.00162
45074     0.00013     0.00014    -0.00132
45104     0.00079    -0.00003    -0.00056
45135     0.00147    -0.00053     0.00059
45165     0.00168    -0.00064     0.00169
45196     0.00060    -0.00009     0.00222
45227    -0.00000    -0.00001     0.00222
45257     0.00037     0.00005     0.00152
45288    -0.00005     0.00025     0.00066
45318    -0.00024     0.00023    -0.00049
45349    -0.00022     0.00022    -0.00134
45380    -0.00021     0.00023    -0.00209
45408    -0.00062    -0.00007    -0.00206
45439    -0.00043    -0.00058    -0.00153
45469    -0.00015    -0.00088    -0.00049
45500     0.00046    -0.00102     0.00083
45530    -0.00043    -0.00088     0.00232
45561    -0.00051    -0.00020     0.00296
45592    -0.00141    -0.00011     0.00310
45622    -0.00187    -0.00034     0.00257
45653    -0.00124    -0.00061     0.00163
45683    -0.00058    -0.00054     0.00024
45714    -0.00046    -0.00013    -0.00049
45745    -0.00059    -0.00012    -0.00084
45774    -0.00065    -0.00019    -0.00093
45805     0.00004    -0.00041    -0.00095
45835     0.00055    -0.00080    -0.00012
45866     0.00027    -0.00113     0.00097
45896    -0.00035    -0.00110     0.00225
45927    -0.00020    -0.00085     0.00278
45958    -0.00049    -0.00079     0.00272
45988    -0.00030    -0.00081     0.00198
46019     0.00008    -0.00090     0.00098
46049     0.00006    -0.00075     0.00002
46080     0.00047    -0.00059    -0.00106
46111     0.00027    -0.00002    -0.00173
46139    -0.00056    -0.00008    -0.00175
46170    -0.00001    -0.00009    -0.00129
46200     0.00052    -0.00037    -0.00066
46231     0.00049    -0.00073     0.00062
46261     0.00033    -0.00036     0.00161
46292     0.00067    -0.00012     0.00179
46323     0.00002    -0.00018     0.00189
46353    -0.00068    -0.00039     0.00162
46384    -0.00051    -0.00048     0.00077
46414    -0.00016    -0.00026    -0.00028
46445     0.00008     0.00023    -0.00109
46476     0.00023     0.00030    -0.00180
46504     0.00013     0.00035    -0.00210
46535     0.00002     0.00020    -0.00158
46565     0.00048    -0.00031    -0.00069
46596     0.00125    -0.00082     0.00043
46626     0.00024    -0.00069     0.00180
46657     0.00052    -0.00024     0.00230
46688     0.00066    -0.00028     0.00204
46718     0.00115    -0.00030     0.00139
46749     0.00094    -0.00013     0.00063
46779     0.00089    -0.00007    -0.00032
46810     0.00068     0.00005    -0.00097
46841     0.00070     0.00012    -0.00148
46869     0.00026     0.00011    -0.00185
46900     0.00058    -0.00014    -0.00166
46930     0.00083    -0.00053    -0.00073
46961     0.00108    -0.00062     0.00019
46991     0.00066    -0.00088     0.00142
47022     0.00027    -0.00060     0.00195
47053    -0.00012    -0.00029     0.00193
47083    -0.00036    -0.00009     0.00158
47114    -0.00083    -0.00022     0.00109
47144    -0.00028    -0.00023     0.00009
47175     0.00009    -0.00005    -0.00090
47206     0.00025     0.00024    -0.00156
47235     0.00012     0.00057    -0.00176
47266     0.00023     0.00038    -0.00119
47296     0.00013     0.00021    -0.00034
47327     0.00016    -0.00007     0.00098
47357    -0.00007     0.00012     0.00188
47388    -0.00037     0.00063     0.00211
47419    -0.00115     0.00074     0.00200
47449    -0.00093     0.00054     0.00160
47480    -0.00020     0.00035     0.00067
47510     0.00017     0.00036    -0.00029
47541     0.00000     0.00053    -0.00116
47572    -0.00046     0.00068    -0.00168
47600    -0.00068     0.00058    -0.00179
47631    -0.00021     0.00055    -0.00132
47661    -0.00007     0.00031    -0.00042
47692     0.00030    -0.00029     0.00084
47722     0.00001    -0.00014     0.00199
47753     0.00010     0.00021     0.00240
47784    -0.00079     0.00025     0.00238
47814    -0.00037     0.00031     0.00171
47845    -0.00032     0.00012     0.00088
47875     0.00040     0.00051    -0.00032
47906     0.00054     0.00076    -0.00129
47937    -0.00002     0.00091    -0.00197
47965    -0.00039     0.00065    -0.00206
47996    -0.00022     0.00041    -0.00142
48026     0.00031     0.00004    -0.00058
48057     0.00025    -0.00043     0.00059
48087    -0.00023    -0.00035     0.00167
48118     0.00014    -0.00021     0.00212
48149    -0.00050    -0.00013     0.00214
48179    -0.00124    -0.00016     0.00165
48210    -0.00125    -0.00022     0.00067
48240    -0.00107    -0.00009    -0.00047
48271    -0.00087     0.00012    -0.00125
48302    -0.00095     0.00045    -0.00143
48330    -0.00111     0.00061    -0.00201
48361    -0.00081     0.00041    -0.00182
48391     0.00014     0.00000    -0.00132
48422     0.00013    -0.00022     0.00011
48452    -0.00030    -0.00035     0.00139
48483    -0.00039     0.00001     0.00198
48514    -0.00053    -0.00010     0.00197
48544    -0.00106    -0.00016     0.00158
48575    -0.00080    -0.00033     0.00078
48605    -0.00086    -0.00033    -0.00012
48636    -0.00080    -0.00032    -0.00109
48667    -0.00058    -0.00040    -0.00179
48696    -0.00088    -0.00073    -0.00207
48727    -0.00066    -0.00076    -0.00190
48757    -0.00015    -0.00097    -0.00086
48788     0.00045    -0.00122     0.00029
48818     0.00008    -0.00112     0.00126
48849    -0.00028    -0.00069     0.00180
48880    -0.00006    -0.00060     0.00156
48910    -0.00057    -0.00047     0.00125
48941    -0.00037    -0.00036     0.00018
48971    -0.00002    -0.00037    -0.00051
49002     0.00000    -0.00018    -0.00115
49033    -0.00002     0.00021    -0.00160
49061    -0.00017     0.00025    -0.00197
49092     0.00028     0.00001    -0.00195
49122     0.00013    -0.00017    -0.00113
49153     0.00038    -0.00046     0.00001
49183    -0.00055    -0.00050     0.00097
49214    -0.00115    -0.00022     0.00148
49245    -0.00128    -0.00000     0.00133
49275    -0.00103    -0.00006     0.00084
49306    -0.00100    -0.00022     0.00007
49336    -0.00092    -0.00020    -0.00073
49367    -0.00024     0.00009    -0.00180
49398    -0.00021     0.00033    -0.00232
49426    -0.00030     0.00030    -0.00238
49457    -0.00016     0.00000    -0.00214
49487     0.00021    -0.00028    -0.00149
49518     0.00055    -0.00051    -0.00065
49548     0.00002    -0.00034     0.00014
49579    -0.00017     0.00010     0.00057
49610    -0.00080     0.00038     0.00056
49640    -0.00098     0.00026     0.00006
49671    -0.00052     0.00031    -0.00098
49701    -0.00082     0.00036    -0.00190
49732    -0.00106     0.00051    -0.00250
49763    -0.00115     0.00075    -0.00289
49791    -0.00103     0.00086    -0.00309
49822    -0.00077     0.00057    -0.00275
49852    -0.00069     0.00015    -0.00193
49883    -0.00045    -0.00030    -0.00090
49913    -0.00131    -0.00017     0.00031
49944    -0.00123     0.00028     0.00054
49975    -0.00132     0.00048     0.00051
50005    -0.00129     0.00037     0.00000
50036    -0.00126     0.00026    -0.00080
50066    -0.00058     0.00030    -0.00168
50097    -0.00025     0.00066    -0.00261
50128    -0.00018     0.00097    -0.00332
50157    -0.00013     0.00119    -0.00352
50188     0.00036     0.00112    -0.00314
50218     0.00156     0.00045    -0.00211
50249     0.00307     0.00015    -0.00075
50279     0.00412    -0.00026     0.00049
50310     0.00514    -0.00044     0.00128
50341     0.00552    -0.00040     0.00141
50371     0.00549    -0.00025     0.00107
50402     0.00531    -0.00006     0.00032
50432     0.00486     0.00028    -0.00051
50463     0.00439     0.00065    -0.00141
50494     0.00369     0.00096    -0.00227
50522     0.00286     0.00120    -0.00293
50553     0.00238     0.00146    -0.00276
50583     0.00179     0.00131    -0.00218
50614     0.00153     0.00069    -0.00120
50644     0.00064     0.00046    -0.00021
50675     0.00014     0.00041     0.00046
50706    -0.00087     0.00041     0.00046
50736    -0.00082     0.00065    -0.00048
50767    -0.00123     0.00104    -0.00153
50797    -0.00098     0.00146    -0.00259
50828    -0.00113     0.00160    -0.00330
50859    -0.00115     0.00138    -0.00377
50887    -0.00134     0.00113    -0.00411
50918    -0.00151     0.00076    -0.00367
50948    -0.00145     0.00009    -0.00257
50979    -0.00145    -0.00043    -0.00132
51009    -0.00171    -0.00020    -0.00036
51040    -0.00220     0.00035     0.00033
51071    -0.00239     0.00075     0.00036
51101    -0.00285     0.00065    -0.00025
51132    -0.00214     0.00030    -0.00119
51162    -0.00176     0.00024    -0.00197
51193    -0.00121     0.00032    -0.00275
51224    -0.00086     0.00040    -0.00314
51252    -0.00096     0.00049    -0.00304
51283    -0.00089     0.00020    -0.00246
51313    -0.00050    -0.00023    -0.00175
51344    -0.00084    -0.00068    -0.00053
51374    -0.00083    -0.00065     0.00032
51405    -0.00108    -0.00006     0.00078
51436    -0.00141     0.00011     0.00086
51466    -0.00095     0.00021     0.00041
51497    -0.00108     0.00024     0.00006
51527    -0.00031     0.00027    -0.00064
51558     0.00061     0.00067    -0.00143
51589     0.00080     0.00095    -0.00182
51618     0.00068     0.00108    -0.00187
51649     0.00089     0.00111    -0.00190
51679     0.00066     0.00102    -0.00118
51710     0.00022     0.00045    -0.00032
51740     0.00005     0.00013     0.00056
51771    -0.00054     0.00013     0.00116
51802    -0.00080     0.00012     0.00115
51832    -0.00096     0.00022     0.00068
51863    -0.00069     0.00024     0.00005
51893     0.00012     0.00059    -0.00052
51924    -0.00011     0.00048    -0.00105
51955    -0.00050     0.00033    -0.00125
51983    -0.00039     0.00031    -0.00152
52014     0.00034     0.00033    -0.00147
52044     0.00033    -0.00009    -0.00060
52075     0.00011    -0.00036     0.00029
52105    -0.00015    -0.00047     0.00137
52136    -0.00067    -0.00020     0.00213
52167    -0.00093    -0.00017     0.00213
52197    -0.00110    -0.00008     0.00178
52228    -0.00087     0.00012     0.00113
52258    -0.00028     0.00008     0.00027
52289     0.00005     0.00031    -0.00042
52320     0.00018     0.00030    -0.00080
52348     0.00020     0.00018    -0.00105
52379     0.00041    -0.00012    -0.00110
52409     0.00024    -0.00071    -0.00043
52440     0.00085    -0.00119     0.00057
52470    -0.00022    -0.00114     0.00178
52501    -0.00022    -0.00078     0.00225
52532    -0.00027    -0.00043     0.00217
52562    -0.00058    -0.00021     0.00149
52593    -0.00024    -0.00006     0.00054
52623    -0.00010    -0.00007    -0.00009
52654     0.00025     0.00014    -0.00065
52685     0.00042     0.00022    -0.00100
52713     0.00054     0.00011    -0.00107
52744     0.00091    -0.00001    -0.00095
52774     0.00110    -0.00061    -0.00043
52805     0.00123    -0.00100     0.00041
52835     0.00031    -0.00079     0.00158
52866    -0.00035    -0.00033     0.00222
52897    -0.00068    -0.00013     0.00211
52927    -0.00060    -0.00020     0.00161
52958    -0.00075    -0.00023     0.00085
52988    -0.00057    -0.00018     0.00024
53019     0.00030    -0.00005    -0.00046
53050     0.00076     0.00016    -0.00086
53079     0.00082     0.00018    -0.00105
53110     0.00102     0.00032    -0.00105
53140     0.00061    -0.00018    -0.00050
53171     0.00041    -0.00058     0.00040
53201     0.00027    -0.00065     0.00128
53232    -0.00035    -0.00026     0.00183
53263    -0.00108    -0.00022     0.00180
53293    -0.00118    -0.00016     0.00137
53324    -0.00051    -0.00021     0.00046
53354     0.00009     0.00018    -0.00033
53385     0.00048     0.00030    -0.00094
53416     0.00052     0.00018    -0.00147
53444     0.00060     0.00016    -0.00184
53475     0.00083    -0.00007    -0.00162
53505     0.00101    -0.00025    -0.00112
53536     0.00139    -0.00064    -0.00016
53566     0.00013    -0.00063     0.00128
53597    -0.00048    -0.00040     0.00196
53628    -0.00102    -0.00025     0.00210
53658    -0.00083    -0.00042     0.00167
53689    -0.00077    -0.00060     0.00118
53719    -0.00002    -0.00073     0.00030
53750     0.00057    -0.00066    -0.00033
53781     0.00076    -0.00045    -0.00079
53809     0.00097    -0.00020    -0.00111
53840     0.00119    -0.00014    -0.00093
53870     0.00101    -0.00044    -0.00030
53901     0.00066    -0.00074     0.00076
53931    -0.00036    -0.00083     0.00215
53962    -0.00011    -0.00030     0.00252
53993    -0.00058    -0.00010     0.00238
54023    -0.00008    -0.00022     0.00176
54054     0.00053    -0.00012     0.00077
54084     0.00054    -0.00009     0.00011
54115     0.00093    -0.00006    -0.00038
54146     0.00118     0.00013    -0.00077
54174     0.00105    -0.00010    -0.00095
54205     0.00152    -0.00036    -0.00086
54235     0.00162    -0.00044    -0.00037
54266     0.00122    -0.00056     0.00068
54296    -0.00010    -0.00033     0.00180
54327     0.00001     0.00020     0.00208
54358    -0.00053     0.00050     0.00189
54388    -0.00049     0.00036     0.00153
54419     0.00014     0.00062     0.00091
54449     0.00076     0.00067     0.00008
54480     0.00108     0.00073    -0.00059
54511     0.00125     0.00060    -0.00108
54540     0.00142     0.00037    -0.00154
54571     0.00116     0.00023    -0.00145
54601     0.00129    -0.00020    -0.00077
54632     0.00075    -0.00050     0.00024
54662     0.00042    -0.00039     0.00117
54693    -0.00005     0.00003     0.00160
54724    -0.00075     0.00022     0.00146
54754    -0.00091     0.00023     0.00102
54785    -0.00097     0.00024     0.00049
54815    -0.00036     0.00019    -0.00024
54846     0.00010     0.00026    -0.00081
54877     0.00038     0.00061    -0.00122
54905     0.00034     0.00055    -0.00159
54936     0.00076     0.00027    -0.00166
54966     0.00088    -0.00011    -0.00102
54997     0.00086    -0.00057     0.00005
55027    -0.00050    -0.00048     0.00127
55058    -0.00081    -0.00005     0.00174
55089    -0.00042     0.00018     0.00168
55119    -0.00068     0.00013     0.00126
55150    -0.00040     0.00036     0.00030
55180     0.00017     0.00050    -0.00050
55211     0.00059     0.00081    -0.00111
55242     0.00051     0.00062    -0.00149
55270     0.00033     0.00079    -0.00156
55301     0.00034     0.00053    -0.00131
55331     0.00045     0.00020    -0.00082
55362     0.00033    -0.00014     0.00005
55392    -0.00038    -0.00013     0.00131
55423    -0.00036     0.00031     0.00191
55454    -0.00080     0.00054     0.00178
55484    -0.00162     0.00054     0.00149
55515    -0.00123     0.00049     0.00072
55545    -0.00098     0.00052    -0.00017
55576    -0.00053     0.00050    -0.00087
55607    -0.00007     0.00051    -0.00132
55635     0.00028     0.00038    -0.00163
55666     0.00093     0.00003    -0.00156
55696     0.00057    -0.00031    -0.00084
55727     0.00001    -0.00054     0.00044
55757    -0.00044    -0.00059     0.00157
55788    -0.00059    -0.00023     0.00217
55819    -0.00149     0.00019     0.00230
55849    -0.00099     0.00038     0.00169
55880    -0.00069     0.00040     0.00105
55910    -0.00030     0.00027     0.00040
55941     0.00019     0.00037    -0.00023
55972     0.00025     0.00029    -0.00054
56001     0.00014     0.00008    -0.00049
56032     0.00048    -0.00014    -0.00050
56062     0.00073    -0.00037    -0.00020
56093     0.00069    -0.00062     0.00084
56123    -0.00041    -0.00038     0.00200
56154    -0.00060     0.00006     0.00239
56185    -0.00134     0.00052     0.00234
56215    -0.00139     0.00055     0.00181
56246    -0.00156     0.00072     0.00104
56276    -0.00130     0.00075     0.00030
56307    -0.00087     0.00069    -0.00036
56338    -0.00055     0.00065    -0.00088
56366    -0.00014     0.00047    -0.00110
56397     0.00039     0.00045    -0.00108
56427     0.00087     0.00005    -0.00047
56458     0.00070    -0.00057     0.00039
56488    -0.00061    -0.00061     0.00172
56519    -0.00069    -0.00032     0.00233
56550    -0.00096    -0.00031     0.00238
56580    -0.00078    -0.00033     0.00192
56611    -0.00052    -0.00048     0.00127
56641    -0.00004    -0.00049     0.00065
56672     0.00061    -0.00029     0.00016
56703     0.00101    -0.00023    -0.00017
56731     0.00139    -0.00036    -0.00043
56762     0.00165    -0.00056    -0.00025
56792     0.00163    -0.00066     0.00007
56823     0.00141    -0.00101     0.00078
56853     0.00060    -0.00095     0.00169
56884    -0.00026    -0.00031     0.00228
56915    -0.00042    -0.00005     0.00199
56945    -0.00042     0.00005     0.00142
56976    -0.00016    -0.00009     0.00063
57006    -0.00004    -0.00025    -0.00001
57037    -0.00002    -0.00013    -0.00044
57068     0.00029    -0.00026    -0.00109
57096     0.00035    -0.00037    -0.00138
57127     0.00037    -0.00042    -0.00124
57157     0.00087    -0.00084    -0.00077
57188     0.00075    -0.00116     0.00015
57218     0.00022    -0.00106     0.00115
57249    -0.00004    -0.00060     0.00161
57280    -0.00100    -0.00031     0.00171
57310    -0.00081    -0.00032     0.00120
57341    -0.00106    -0.00023     0.00045
57371    -0.00135    -0.00010    -0.00022
57402    -0.00060     0.00006    -0.00093
57433    -0.00042     0.00003    -0.00141
57462     0.00020    -0.00002    -0.00188
57493     0.00032     0.00001    -0.00185
57523     0.00029    -0.00012    -0.00128
57554     0.00004    -0.00039    -0.00024
