# Hydrology loading displacements computed from the monthly GLDAS NOAH model
# This is a product of the Hydrology loading service: http://lacerta.gsfc.nasa.gov/hydlo/
# Displacements are with respect to the center of mass of the total earth
#
# Created for VieVS on 17.03.2017 at 11:46:08 local time
# OFFSET + TREND REMOVED!!! - Hana 
# mjd up (meters) eastwest (meters) northsouth (meters)
43888     0.00082     0.00041    -0.00103
43919     0.00045     0.00068    -0.00164
43947     0.00028     0.00044    -0.00163
43978     0.00021    -0.00000    -0.00140
44008     0.00056    -0.00045    -0.00040
44039     0.00144    -0.00056     0.00067
44069     0.00058    -0.00028     0.00193
44100     0.00031     0.00010     0.00233
44131     0.00003     0.00001     0.00222
44161    -0.00050    -0.00022     0.00201
44192    -0.00003    -0.00010     0.00107
44222     0.00035     0.00016     0.00016
44253     0.00060     0.00018    -0.00060
44284     0.00050     0.00028    -0.00100
44313     0.00013     0.00041    -0.00121
44344    -0.00003     0.00004    -0.00085
44374     0.00031    -0.00025     0.00015
44405     0.00049    -0.00039     0.00126
44435     0.00009     0.00005     0.00225
44466    -0.00012     0.00045     0.00260
44497    -0.00037     0.00037     0.00237
44527    -0.00039    -0.00002     0.00188
44558    -0.00019    -0.00003     0.00102
44588    -0.00004     0.00011     0.00025
44619     0.00043     0.00043    -0.00019
44650     0.00079     0.00059    -0.00062
44678     0.00050     0.00066    -0.00103
44709     0.00031     0.00047    -0.00087
44739     0.00083     0.00013    -0.00032
44770     0.00130    -0.00045     0.00087
44800     0.00034    -0.00026     0.00197
44831     0.00005     0.00031     0.00248
44862    -0.00029     0.00035     0.00247
44892    -0.00090     0.00009     0.00193
44923    -0.00091    -0.00001     0.00123
44953    -0.00031    -0.00001     0.00016
44984     0.00003     0.00015    -0.00104
45015    -0.00001     0.00038    -0.00162
45043    -0.00025     0.00038    -0.00165
45074     0.00009     0.00004    -0.00132
45104     0.00074    -0.00007    -0.00054
45135     0.00155    -0.00057     0.00058
45165     0.00194    -0.00063     0.00164
45196     0.00078    -0.00013     0.00216
45227    -0.00005    -0.00006     0.00224
45257     0.00024     0.00008     0.00156
45288    -0.00011     0.00027     0.00068
45318    -0.00019     0.00021    -0.00051
45349    -0.00019     0.00019    -0.00136
45380    -0.00025     0.00015    -0.00209
45408    -0.00067    -0.00021    -0.00204
45439    -0.00049    -0.00071    -0.00150
45469    -0.00015    -0.00090    -0.00046
45500     0.00049    -0.00097     0.00086
45530    -0.00031    -0.00085     0.00234
45561    -0.00052    -0.00007     0.00300
45592    -0.00115     0.00007     0.00309
45622    -0.00176    -0.00023     0.00259
45653    -0.00124    -0.00044     0.00168
45683    -0.00060    -0.00043     0.00026
45714    -0.00041    -0.00005    -0.00050
45745    -0.00058    -0.00015    -0.00085
45774    -0.00081    -0.00037    -0.00090
45805    -0.00002    -0.00052    -0.00091
45835     0.00065    -0.00078    -0.00009
45866     0.00056    -0.00105     0.00097
45896    -0.00009    -0.00104     0.00226
45927     0.00008    -0.00057     0.00279
45958    -0.00014    -0.00048     0.00272
45988    -0.00023    -0.00054     0.00204
46019    -0.00001    -0.00073     0.00104
46049    -0.00007    -0.00072     0.00007
46080     0.00039    -0.00065    -0.00105
46111     0.00019    -0.00019    -0.00173
46139    -0.00063    -0.00033    -0.00174
46170    -0.00012    -0.00030    -0.00128
46200     0.00051    -0.00040    -0.00065
46231     0.00053    -0.00078     0.00064
46261     0.00044    -0.00040     0.00161
46292     0.00082     0.00012     0.00178
46323     0.00025     0.00008     0.00186
46353    -0.00053    -0.00030     0.00162
46384    -0.00050    -0.00045     0.00079
46414    -0.00011    -0.00028    -0.00029
46445     0.00014     0.00021    -0.00112
46476     0.00022     0.00027    -0.00182
46504     0.00007     0.00025    -0.00211
46535    -0.00003     0.00005    -0.00158
46565     0.00038    -0.00042    -0.00068
46596     0.00125    -0.00086     0.00045
46626     0.00051    -0.00071     0.00177
46657     0.00035    -0.00006     0.00237
46688     0.00042    -0.00008     0.00213
46718     0.00089    -0.00011     0.00147
46749     0.00075    -0.00001     0.00069
46779     0.00067    -0.00004    -0.00028
46810     0.00054    -0.00001    -0.00096
46841     0.00057     0.00006    -0.00148
46869     0.00017     0.00000    -0.00184
46900     0.00053    -0.00018    -0.00165
46930     0.00083    -0.00053    -0.00073
46961     0.00125    -0.00054     0.00016
46991     0.00100    -0.00069     0.00138
47022     0.00058    -0.00034     0.00192
47053    -0.00016    -0.00005     0.00198
47083    -0.00052     0.00006     0.00164
47114    -0.00071    -0.00009     0.00107
47144    -0.00027    -0.00015     0.00009
47175    -0.00001    -0.00001    -0.00090
47206     0.00017     0.00024    -0.00157
47235     0.00007     0.00051    -0.00180
47266     0.00011     0.00026    -0.00120
47296     0.00018     0.00015    -0.00037
47327     0.00045    -0.00010     0.00092
47357     0.00012     0.00012     0.00184
47388    -0.00034     0.00071     0.00210
47419    -0.00108     0.00079     0.00200
47449    -0.00089     0.00060     0.00160
47480    -0.00021     0.00045     0.00066
47510     0.00014     0.00042    -0.00032
47541     0.00012     0.00053    -0.00123
47572    -0.00027     0.00058    -0.00176
47600    -0.00068     0.00047    -0.00183
47631    -0.00041     0.00047    -0.00129
47661    -0.00017     0.00019    -0.00040
47692     0.00030    -0.00033     0.00085
47722     0.00015    -0.00013     0.00197
47753     0.00020     0.00034     0.00238
47784    -0.00045     0.00027     0.00231
47814    -0.00046     0.00039     0.00175
47845    -0.00049     0.00018     0.00091
47875     0.00025     0.00056    -0.00032
47906     0.00049     0.00076    -0.00134
47937    -0.00002     0.00078    -0.00203
47965    -0.00033     0.00055    -0.00211
47996    -0.00021     0.00033    -0.00144
48026     0.00038     0.00002    -0.00061
48057     0.00059    -0.00031     0.00053
48087     0.00029    -0.00017     0.00157
48118     0.00038     0.00012     0.00208
48149    -0.00023     0.00009     0.00207
48179    -0.00101    -0.00011     0.00160
48210    -0.00120    -0.00020     0.00067
48240    -0.00105    -0.00009    -0.00047
48271    -0.00088     0.00012    -0.00126
48302    -0.00094     0.00042    -0.00145
48330    -0.00109     0.00051    -0.00205
48361    -0.00072     0.00027    -0.00187
48391     0.00027    -0.00003    -0.00136
48422     0.00049    -0.00019     0.00002
48452     0.00005    -0.00033     0.00131
48483    -0.00021     0.00017     0.00196
48514    -0.00084    -0.00007     0.00206
48544    -0.00128    -0.00025     0.00164
48575    -0.00100    -0.00033     0.00082
48605    -0.00084    -0.00032    -0.00014
48636    -0.00072    -0.00031    -0.00113
48667    -0.00061    -0.00040    -0.00180
48696    -0.00094    -0.00078    -0.00205
48727    -0.00074    -0.00091    -0.00189
48757    -0.00029    -0.00107    -0.00082
48788     0.00030    -0.00126     0.00035
48818     0.00003    -0.00113     0.00132
48849     0.00005    -0.00054     0.00176
48880     0.00030    -0.00032     0.00152
48910    -0.00068    -0.00041     0.00128
48941    -0.00054    -0.00038     0.00020
48971    -0.00017    -0.00043    -0.00051
49002    -0.00012    -0.00025    -0.00116
49033    -0.00016     0.00013    -0.00161
49061    -0.00023     0.00017    -0.00199
49092     0.00028     0.00002    -0.00196
49122     0.00029    -0.00015    -0.00117
49153     0.00056    -0.00037    -0.00001
49183    -0.00035    -0.00055     0.00094
49214    -0.00081    -0.00013     0.00142
49245    -0.00108     0.00005     0.00131
49275    -0.00097     0.00001     0.00085
49306    -0.00095    -0.00017     0.00008
49336    -0.00085    -0.00020    -0.00074
49367    -0.00026     0.00005    -0.00182
49398    -0.00022     0.00023    -0.00236
49426    -0.00049     0.00019    -0.00236
49457    -0.00020    -0.00005    -0.00213
49487     0.00014    -0.00031    -0.00148
49518     0.00052    -0.00047    -0.00061
49548    -0.00000    -0.00018     0.00019
49579    -0.00022     0.00040     0.00062
49610    -0.00105     0.00049     0.00064
49640    -0.00109     0.00024     0.00008
49671    -0.00055     0.00032    -0.00100
49701    -0.00074     0.00037    -0.00194
49732    -0.00099     0.00046    -0.00256
49763    -0.00111     0.00070    -0.00296
49791    -0.00114     0.00078    -0.00312
49822    -0.00095     0.00041    -0.00275
49852    -0.00064    -0.00006    -0.00197
49883    -0.00043    -0.00040    -0.00088
49913    -0.00101    -0.00025     0.00025
49944    -0.00104     0.00050     0.00054
49975    -0.00145     0.00071     0.00058
50005    -0.00140     0.00056     0.00006
50036    -0.00137     0.00033    -0.00076
50066    -0.00061     0.00035    -0.00169
50097    -0.00025     0.00066    -0.00267
50128    -0.00020     0.00095    -0.00339
50157    -0.00035     0.00113    -0.00358
50188    -0.00007     0.00105    -0.00316
50218     0.00092     0.00041    -0.00209
50249     0.00241     0.00020    -0.00074
50279     0.00328    -0.00021     0.00052
50310     0.00409    -0.00032     0.00136
50341     0.00435    -0.00030     0.00149
50371     0.00420    -0.00017     0.00116
50402     0.00395    -0.00003     0.00043
50432     0.00349     0.00024    -0.00042
50463     0.00310     0.00057    -0.00133
50494     0.00253     0.00085    -0.00218
50522     0.00192     0.00106    -0.00284
50553     0.00182     0.00128    -0.00271
50583     0.00160     0.00112    -0.00218
50614     0.00144     0.00054    -0.00119
50644     0.00079     0.00038    -0.00024
50675     0.00023     0.00050     0.00046
50706    -0.00068     0.00046     0.00043
50736    -0.00064     0.00072    -0.00051
50767    -0.00100     0.00099    -0.00159
50797    -0.00069     0.00141    -0.00268
50828    -0.00089     0.00150    -0.00339
50859    -0.00103     0.00127    -0.00382
50887    -0.00134     0.00102    -0.00414
50918    -0.00148     0.00060    -0.00371
50948    -0.00128     0.00000    -0.00260
50979    -0.00120    -0.00049    -0.00134
51009    -0.00154    -0.00009    -0.00035
51040    -0.00218     0.00045     0.00035
51071    -0.00243     0.00080     0.00037
51101    -0.00255     0.00066    -0.00031
51132    -0.00194     0.00041    -0.00122
51162    -0.00165     0.00030    -0.00200
51193    -0.00106     0.00036    -0.00282
51224    -0.00065     0.00044    -0.00324
51252    -0.00075     0.00046    -0.00313
51283    -0.00088     0.00010    -0.00250
51313    -0.00049    -0.00025    -0.00175
51344    -0.00041    -0.00063    -0.00060
51374    -0.00078    -0.00065     0.00037
51405    -0.00088     0.00005     0.00079
51436    -0.00109     0.00018     0.00082
51466    -0.00080     0.00035     0.00040
51497    -0.00103     0.00028     0.00005
51527    -0.00022     0.00034    -0.00068
51558     0.00066     0.00063    -0.00150
51589     0.00097     0.00079    -0.00193
51618     0.00087     0.00085    -0.00196
51649     0.00081     0.00083    -0.00194
51679     0.00037     0.00080    -0.00114
51710     0.00007     0.00030    -0.00025
51740    -0.00004     0.00007     0.00065
51771    -0.00039     0.00019     0.00122
51802    -0.00069     0.00018     0.00120
51832    -0.00091     0.00025     0.00072
51863    -0.00059     0.00018     0.00006
51893     0.00026     0.00057    -0.00056
51924    -0.00001     0.00032    -0.00109
51955    -0.00062     0.00011    -0.00122
51983    -0.00057     0.00005    -0.00147
52014     0.00017     0.00024    -0.00142
52044     0.00048    -0.00007    -0.00062
52075     0.00027    -0.00033     0.00030
52105     0.00023    -0.00026     0.00136
52136    -0.00027     0.00002     0.00209
52167    -0.00090    -0.00010     0.00216
52197    -0.00107    -0.00002     0.00180
52228    -0.00088     0.00021     0.00116
52258    -0.00028     0.00012     0.00029
52289    -0.00002     0.00023    -0.00041
52320     0.00001     0.00018    -0.00077
52348     0.00026     0.00015    -0.00107
52379     0.00043    -0.00017    -0.00111
52409     0.00054    -0.00064    -0.00046
52440     0.00094    -0.00100     0.00062
52470    -0.00024    -0.00109     0.00187
52501    -0.00031    -0.00059     0.00237
52532    -0.00046    -0.00031     0.00229
52562    -0.00078    -0.00023     0.00157
52593    -0.00022    -0.00006     0.00057
52623    -0.00008    -0.00012    -0.00006
52654     0.00019    -0.00004    -0.00063
52685     0.00027    -0.00006    -0.00096
52713     0.00032    -0.00024    -0.00100
52744     0.00076    -0.00030    -0.00091
52774     0.00123    -0.00068    -0.00044
52805     0.00128    -0.00105     0.00042
52835     0.00042    -0.00082     0.00158
52866    -0.00032    -0.00036     0.00223
52897    -0.00056    -0.00003     0.00212
52927    -0.00072    -0.00012     0.00168
52958    -0.00087    -0.00026     0.00089
52988    -0.00057    -0.00024     0.00023
53019     0.00032    -0.00010    -0.00047
53050     0.00069     0.00001    -0.00085
53079     0.00085    -0.00000    -0.00107
53110     0.00101     0.00013    -0.00107
53140     0.00076    -0.00034    -0.00054
53171     0.00051    -0.00067     0.00041
53201     0.00044    -0.00059     0.00130
53232    -0.00001    -0.00015     0.00181
53263    -0.00084    -0.00016     0.00179
53293    -0.00128    -0.00024     0.00140
53324    -0.00054    -0.00026     0.00048
53354     0.00016     0.00012    -0.00036
53385     0.00042     0.00018    -0.00094
53416     0.00040    -0.00006    -0.00143
53444     0.00035    -0.00018    -0.00175
53475     0.00060    -0.00033    -0.00155
53505     0.00111    -0.00032    -0.00114
53536     0.00128    -0.00061    -0.00010
53566     0.00008    -0.00066     0.00131
53597    -0.00066    -0.00034     0.00205
53628    -0.00097    -0.00015     0.00214
53658    -0.00088    -0.00032     0.00173
53689    -0.00075    -0.00047     0.00123
53719     0.00002    -0.00072     0.00033
53750     0.00051    -0.00079    -0.00028
53781     0.00056    -0.00067    -0.00070
53809     0.00088    -0.00042    -0.00108
53840     0.00125    -0.00033    -0.00096
53870     0.00113    -0.00054    -0.00033
53901     0.00066    -0.00077     0.00080
53931    -0.00022    -0.00079     0.00218
53962    -0.00011    -0.00019     0.00255
53993    -0.00052    -0.00005     0.00240
54023    -0.00042    -0.00024     0.00186
54054     0.00018    -0.00014     0.00085
54084     0.00035    -0.00017     0.00016
54115     0.00067    -0.00021    -0.00032
54146     0.00105     0.00004    -0.00077
54174     0.00106    -0.00018    -0.00096
54205     0.00135    -0.00043    -0.00082
54235     0.00146    -0.00048    -0.00033
54266     0.00110    -0.00058     0.00074
54296     0.00005    -0.00033     0.00180
54327     0.00018     0.00042     0.00207
54358    -0.00057     0.00063     0.00193
54388    -0.00055     0.00048     0.00155
54419    -0.00007     0.00068     0.00094
54449     0.00054     0.00066     0.00010
54480     0.00100     0.00061    -0.00061
54511     0.00125     0.00047    -0.00112
54540     0.00139     0.00018    -0.00157
54571     0.00103     0.00002    -0.00146
54601     0.00111    -0.00032    -0.00075
54632     0.00069    -0.00056     0.00026
54662     0.00042    -0.00031     0.00119
54693    -0.00006     0.00026     0.00165
54724    -0.00076     0.00033     0.00149
54754    -0.00071     0.00036     0.00100
54785    -0.00081     0.00038     0.00050
54815    -0.00039     0.00020    -0.00022
54846     0.00009     0.00020    -0.00082
54877     0.00031     0.00047    -0.00122
54905     0.00026     0.00037    -0.00160
54936     0.00066     0.00021    -0.00165
54966     0.00062    -0.00015    -0.00098
54997     0.00058    -0.00048     0.00014
55027    -0.00027    -0.00044     0.00126
55058    -0.00060     0.00002     0.00172
55089    -0.00032     0.00044     0.00169
55119    -0.00070     0.00025     0.00128
55150    -0.00048     0.00032     0.00031
55180     0.00004     0.00041    -0.00049
55211     0.00043     0.00065    -0.00110
55242     0.00028     0.00045    -0.00145
55270     0.00024     0.00055    -0.00159
55301     0.00034     0.00035    -0.00135
55331     0.00050     0.00010    -0.00085
55362     0.00046    -0.00017     0.00003
55392    -0.00015    -0.00014     0.00129
55423    -0.00015     0.00056     0.00189
55454    -0.00081     0.00086     0.00181
55484    -0.00174     0.00068     0.00153
55515    -0.00141     0.00057     0.00075
55545    -0.00113     0.00053    -0.00015
55576    -0.00056     0.00044    -0.00086
55607    -0.00025     0.00039    -0.00128
55635     0.00009     0.00025    -0.00160
55666     0.00077    -0.00001    -0.00155
55696     0.00056    -0.00041    -0.00088
55727     0.00012    -0.00057     0.00043
55757    -0.00013    -0.00045     0.00154
55788    -0.00067    -0.00001     0.00223
55819    -0.00145     0.00027     0.00229
55849    -0.00094     0.00051     0.00170
55880    -0.00061     0.00049     0.00104
55910    -0.00029     0.00032     0.00039
55941     0.00016     0.00036    -0.00024
55972     0.00003     0.00014    -0.00051
56001    -0.00011    -0.00009    -0.00043
56032     0.00033    -0.00024    -0.00047
56062     0.00042    -0.00039    -0.00011
56093     0.00061    -0.00054     0.00089
56123    -0.00013    -0.00031     0.00196
56154    -0.00030     0.00038     0.00234
56185    -0.00102     0.00087     0.00229
56215    -0.00128     0.00070     0.00178
56246    -0.00142     0.00079     0.00099
56276    -0.00107     0.00076     0.00021
56307    -0.00080     0.00061    -0.00042
56338    -0.00048     0.00054    -0.00093
56366    -0.00002     0.00039    -0.00116
56397     0.00017     0.00035    -0.00108
56427     0.00076     0.00010    -0.00047
56458     0.00080    -0.00040     0.00037
56488    -0.00019    -0.00043     0.00163
56519    -0.00052    -0.00002     0.00228
56550    -0.00063     0.00003     0.00230
56580    -0.00069    -0.00006     0.00189
56611    -0.00043    -0.00034     0.00125
56641     0.00010    -0.00038     0.00062
56672     0.00070    -0.00023     0.00011
56703     0.00100    -0.00023    -0.00020
56731     0.00126    -0.00042    -0.00043
56762     0.00162    -0.00057    -0.00026
56792     0.00174    -0.00068     0.00003
56823     0.00109    -0.00101     0.00087
56853     0.00049    -0.00091     0.00176
56884     0.00019    -0.00019     0.00221
56915    -0.00013     0.00012     0.00197
56945    -0.00054     0.00011     0.00144
56976    -0.00014     0.00001     0.00062
57006    -0.00010    -0.00033     0.00000
57037    -0.00002    -0.00029    -0.00046
57068     0.00020    -0.00040    -0.00107
57096     0.00035    -0.00051    -0.00139
57127     0.00052    -0.00052    -0.00129
57157     0.00109    -0.00080    -0.00081
57188     0.00112    -0.00108     0.00010
57218     0.00052    -0.00109     0.00109
57249     0.00033    -0.00044     0.00155
57280    -0.00085    -0.00029     0.00170
57310    -0.00078    -0.00015     0.00122
57341    -0.00097    -0.00011     0.00045
57371    -0.00120    -0.00003    -0.00024
57402    -0.00051     0.00014    -0.00096
57433    -0.00029    -0.00003    -0.00145
57462     0.00020    -0.00012    -0.00191
57493     0.00054    -0.00009    -0.00192
57523     0.00066    -0.00014    -0.00137
57554     0.00068    -0.00027    -0.00036
