# Hydrology loading displacements computed from the monthly GLDAS NOAH model
# This is a product of the Hydrology loading service: http://lacerta.gsfc.nasa.gov/hydlo/
# Displacements are with respect to the center of mass of the total earth
#
# Created for VieVS on 17.03.2017 at 11:46:08 local time
# OFFSET + TREND REMOVED!!! - Hana 
# mjd up (meters) eastwest (meters) northsouth (meters)
43888    -0.00293     0.00053    -0.00024
43919    -0.00549     0.00080    -0.00048
43947    -0.00511     0.00086    -0.00058
43978    -0.00300     0.00099    -0.00039
44008     0.00040     0.00080     0.00015
44039     0.00409     0.00024     0.00077
44069     0.00644    -0.00089     0.00125
44100     0.00682    -0.00163     0.00147
44131     0.00639    -0.00162     0.00132
44161     0.00516    -0.00138     0.00089
44192     0.00216    -0.00077     0.00035
44222    -0.00100    -0.00004     0.00017
44253    -0.00284     0.00064    -0.00006
44284    -0.00475     0.00084    -0.00034
44313    -0.00492     0.00087    -0.00034
44344    -0.00345     0.00101    -0.00021
44374     0.00011     0.00070     0.00024
44405     0.00287    -0.00005     0.00064
44435     0.00356    -0.00120     0.00095
44466     0.00455    -0.00189     0.00125
44497     0.00412    -0.00187     0.00114
44527     0.00280    -0.00133     0.00062
44558     0.00061    -0.00069     0.00016
44588    -0.00137    -0.00010    -0.00004
44619    -0.00332     0.00018    -0.00003
44650    -0.00434     0.00058     0.00011
44678    -0.00497     0.00080     0.00019
44709    -0.00252     0.00075     0.00055
44739    -0.00004     0.00075     0.00077
44770     0.00302     0.00028     0.00088
44800     0.00488    -0.00084     0.00110
44831     0.00564    -0.00175     0.00121
44862     0.00538    -0.00184     0.00116
44892     0.00301    -0.00175     0.00043
44923     0.00059    -0.00118    -0.00016
44953    -0.00246    -0.00027    -0.00072
44984    -0.00486     0.00054    -0.00089
45015    -0.00591     0.00071    -0.00096
45043    -0.00582     0.00070    -0.00099
45074    -0.00323     0.00099    -0.00059
45104    -0.00024     0.00080     0.00009
45135     0.00392     0.00070     0.00077
45165     0.00612     0.00034     0.00142
45196     0.00743    -0.00085     0.00160
45227     0.00725    -0.00133     0.00154
45257     0.00569    -0.00120     0.00121
45288     0.00328    -0.00115     0.00064
45318     0.00003    -0.00052    -0.00013
45349    -0.00310     0.00025    -0.00071
45380    -0.00492     0.00090    -0.00101
45408    -0.00467     0.00107    -0.00121
45439    -0.00327     0.00108    -0.00117
45469    -0.00050     0.00054    -0.00088
45500     0.00299     0.00005    -0.00010
45530     0.00657    -0.00101     0.00049
45561     0.00821    -0.00204     0.00096
45592     0.00829    -0.00267     0.00090
45622     0.00691    -0.00247     0.00049
45653     0.00528    -0.00174     0.00002
45683     0.00160    -0.00084    -0.00063
45714    -0.00209    -0.00051    -0.00087
45745    -0.00373    -0.00000    -0.00119
45774    -0.00326     0.00043    -0.00114
45805    -0.00203     0.00098    -0.00063
45835     0.00095     0.00078    -0.00025
45866     0.00269     0.00017    -0.00016
45896     0.00499    -0.00064     0.00023
45927     0.00613    -0.00143     0.00047
45958     0.00581    -0.00164     0.00045
45988     0.00347    -0.00133     0.00002
46019     0.00212    -0.00058    -0.00039
46049    -0.00009     0.00004    -0.00079
46080    -0.00224     0.00107    -0.00096
46111    -0.00464     0.00146    -0.00091
46139    -0.00506     0.00142    -0.00112
46170    -0.00398     0.00133    -0.00060
46200    -0.00112     0.00112    -0.00010
46231     0.00210     0.00058     0.00035
46261     0.00388    -0.00018     0.00101
46292     0.00463    -0.00086     0.00126
46323     0.00460    -0.00122     0.00104
46353     0.00445    -0.00100     0.00063
46384     0.00255    -0.00041    -0.00001
46414    -0.00069     0.00027    -0.00040
46445    -0.00423     0.00063    -0.00063
46476    -0.00545     0.00120    -0.00084
46504    -0.00573     0.00145    -0.00079
46535    -0.00501     0.00122    -0.00055
46565    -0.00143     0.00107    -0.00001
46596     0.00180     0.00096     0.00045
46626     0.00548    -0.00024     0.00098
46657     0.00650    -0.00124     0.00134
46688     0.00530    -0.00112     0.00123
46718     0.00450    -0.00072     0.00102
46749     0.00213    -0.00052     0.00064
46779    -0.00016     0.00006     0.00020
46810    -0.00340     0.00063    -0.00048
46841    -0.00507     0.00100    -0.00077
46869    -0.00602     0.00114    -0.00105
46900    -0.00493     0.00141    -0.00079
46930    -0.00158     0.00131    -0.00026
46961     0.00058     0.00075     0.00030
46991     0.00300    -0.00005     0.00061
47022     0.00290    -0.00084     0.00072
47053     0.00271    -0.00137     0.00075
47083     0.00187    -0.00142     0.00050
47114     0.00040    -0.00114    -0.00010
47144    -0.00185    -0.00020    -0.00052
47175    -0.00383     0.00043    -0.00069
47206    -0.00502     0.00081    -0.00069
47235    -0.00569     0.00091    -0.00044
47266    -0.00353     0.00092    -0.00002
47296     0.00004     0.00045     0.00053
47327     0.00298     0.00005     0.00095
47357     0.00428    -0.00086     0.00127
47388     0.00505    -0.00181     0.00160
47419     0.00437    -0.00211     0.00133
47449     0.00359    -0.00194     0.00098
47480     0.00194    -0.00111     0.00050
47510    -0.00164    -0.00022    -0.00019
47541    -0.00349     0.00047    -0.00025
47572    -0.00422     0.00071    -0.00021
47600    -0.00479     0.00061    -0.00050
47631    -0.00317     0.00035    -0.00020
47661    -0.00010     0.00021     0.00025
47692     0.00410     0.00003     0.00068
47722     0.00670    -0.00073     0.00121
47753     0.00759    -0.00133     0.00176
47784     0.00737    -0.00156     0.00154
47814     0.00592    -0.00139     0.00117
47845     0.00333    -0.00085     0.00056
47875     0.00001    -0.00000     0.00037
47906    -0.00272     0.00056     0.00022
47937    -0.00494     0.00082    -0.00007
47965    -0.00490     0.00086    -0.00037
47996    -0.00263     0.00071    -0.00007
48026     0.00039     0.00064     0.00033
48057     0.00284     0.00005     0.00046
48087     0.00469    -0.00072     0.00091
48118     0.00661    -0.00117     0.00138
48149     0.00539    -0.00132     0.00122
48179     0.00364    -0.00116     0.00069
48210     0.00091    -0.00076    -0.00012
48240    -0.00235    -0.00009    -0.00085
48271    -0.00428     0.00028    -0.00107
48302    -0.00461     0.00036    -0.00094
48330    -0.00563     0.00068    -0.00096
48361    -0.00417     0.00100    -0.00064
48391    -0.00239     0.00126    -0.00034
48422     0.00072     0.00064     0.00041
48452     0.00295    -0.00017     0.00080
48483     0.00429    -0.00111     0.00107
48514     0.00498    -0.00119     0.00095
48544     0.00335    -0.00106     0.00054
48575     0.00089    -0.00070    -0.00022
48605    -0.00139    -0.00025    -0.00092
48636    -0.00397     0.00045    -0.00133
48667    -0.00512     0.00106    -0.00159
48696    -0.00541     0.00147    -0.00182
48727    -0.00449     0.00167    -0.00146
48757    -0.00141     0.00130    -0.00078
48788     0.00281     0.00086    -0.00022
48818     0.00555    -0.00005     0.00017
48849     0.00718    -0.00101     0.00071
48880     0.00598    -0.00116     0.00068
48910     0.00457    -0.00113     0.00025
48941     0.00084    -0.00048    -0.00033
48971    -0.00146     0.00029    -0.00067
49002    -0.00308     0.00061    -0.00085
49033    -0.00477     0.00082    -0.00091
49061    -0.00529     0.00109    -0.00101
49092    -0.00445     0.00137    -0.00087
49122    -0.00127     0.00089    -0.00041
49153     0.00124     0.00034    -0.00003
49183     0.00284    -0.00025     0.00008
49214     0.00298    -0.00118     0.00037
49245     0.00180    -0.00131     0.00007
49275     0.00021    -0.00127    -0.00031
49306    -0.00107    -0.00063    -0.00083
49336    -0.00376    -0.00002    -0.00127
49367    -0.00630     0.00093    -0.00125
49398    -0.00684     0.00142    -0.00099
49426    -0.00698     0.00145    -0.00107
49457    -0.00581     0.00146    -0.00104
49487    -0.00249     0.00140    -0.00058
49518    -0.00005     0.00097    -0.00007
49548     0.00339    -0.00018     0.00028
49579     0.00497    -0.00117     0.00065
49610     0.00303    -0.00158     0.00037
49640     0.00156    -0.00103     0.00008
49671    -0.00101    -0.00036    -0.00043
49701    -0.00391     0.00022    -0.00106
49732    -0.00649     0.00057    -0.00153
49763    -0.00840     0.00074    -0.00166
49791    -0.00804     0.00089    -0.00147
49822    -0.00641     0.00124    -0.00116
49852    -0.00340     0.00123    -0.00081
49883    -0.00112     0.00084    -0.00071
49913     0.00171    -0.00016    -0.00027
49944     0.00354    -0.00124     0.00009
49975     0.00179    -0.00151    -0.00028
50005     0.00041    -0.00119    -0.00052
50036    -0.00163    -0.00046    -0.00105
50066    -0.00344     0.00042    -0.00122
50097    -0.00643     0.00100    -0.00155
50128    -0.00835     0.00130    -0.00177
50157    -0.00934     0.00135    -0.00183
50188    -0.00840     0.00134    -0.00154
50218    -0.00509     0.00158    -0.00086
50249    -0.00087     0.00145     0.00027
50279     0.00205     0.00140     0.00093
50310     0.00437     0.00136     0.00145
50341     0.00444     0.00144     0.00157
50371     0.00288     0.00145     0.00129
50402     0.00074     0.00172     0.00087
50432    -0.00178     0.00181     0.00033
50463    -0.00377     0.00197     0.00003
50494    -0.00690     0.00191    -0.00046
50522    -0.00807     0.00208    -0.00049
50553    -0.00696     0.00189     0.00006
50583    -0.00544     0.00153     0.00018
50614    -0.00274     0.00124     0.00027
50644    -0.00098     0.00039     0.00007
50675     0.00053    -0.00045    -0.00003
50706     0.00045    -0.00077    -0.00029
50736    -0.00216    -0.00050    -0.00072
50767    -0.00487    -0.00027    -0.00122
50797    -0.00742     0.00007    -0.00153
50828    -0.00870     0.00046    -0.00171
50859    -0.00888     0.00093    -0.00188
50887    -0.00948     0.00119    -0.00212
50918    -0.00811     0.00121    -0.00197
50948    -0.00430     0.00093    -0.00175
50979    -0.00119     0.00054    -0.00138
51009     0.00018    -0.00061    -0.00105
51040     0.00142    -0.00153    -0.00039
51071    -0.00011    -0.00192    -0.00060
51101    -0.00215    -0.00165    -0.00136
51132    -0.00459    -0.00083    -0.00210
51162    -0.00566     0.00002    -0.00224
51193    -0.00702     0.00071    -0.00223
51224    -0.00772     0.00114    -0.00212
51252    -0.00793     0.00126    -0.00186
51283    -0.00569     0.00131    -0.00144
51313    -0.00307     0.00114    -0.00119
51344     0.00006     0.00060    -0.00091
51374     0.00256     0.00004    -0.00049
51405     0.00385    -0.00095     0.00004
51436     0.00405    -0.00117     0.00015
51466     0.00244    -0.00115    -0.00002
51497     0.00106    -0.00079    -0.00027
51527    -0.00171    -0.00018    -0.00045
51558    -0.00375     0.00078    -0.00001
51589    -0.00539     0.00133     0.00012
51618    -0.00587     0.00143     0.00015
51649    -0.00438     0.00143     0.00047
51679    -0.00017     0.00064     0.00087
51710     0.00374    -0.00007     0.00103
51740     0.00537    -0.00046     0.00121
51771     0.00516    -0.00115     0.00112
51802     0.00506    -0.00121     0.00109
51832     0.00419    -0.00123     0.00080
51863     0.00261    -0.00065     0.00072
51893     0.00096    -0.00015     0.00086
51924    -0.00090     0.00042     0.00034
51955    -0.00244     0.00047    -0.00023
51983    -0.00356     0.00076    -0.00049
52014    -0.00348     0.00079    -0.00034
52044    -0.00061     0.00052    -0.00000
52075     0.00235     0.00018     0.00038
52105     0.00482    -0.00057     0.00067
52136     0.00610    -0.00147     0.00089
52167     0.00509    -0.00147     0.00064
52197     0.00327    -0.00148     0.00027
52228     0.00156    -0.00120     0.00016
52258    -0.00037    -0.00038    -0.00016
52289    -0.00231     0.00031    -0.00019
52320    -0.00398     0.00062    -0.00033
52348    -0.00456     0.00072    -0.00052
52379    -0.00276     0.00111    -0.00040
52409    -0.00013     0.00079    -0.00031
52440     0.00338     0.00047     0.00006
52470     0.00593    -0.00057     0.00054
52501     0.00636    -0.00151     0.00056
52532     0.00653    -0.00177     0.00051
52562     0.00418    -0.00139     0.00003
52593     0.00082    -0.00080    -0.00035
52623    -0.00092    -0.00028    -0.00057
52654    -0.00278     0.00023    -0.00061
52685    -0.00385     0.00071    -0.00062
52713    -0.00343     0.00108    -0.00052
52744    -0.00186     0.00135    -0.00010
52774     0.00113     0.00130     0.00029
52805     0.00487     0.00102     0.00086
52835     0.00716    -0.00002     0.00132
52866     0.00829    -0.00092     0.00156
52897     0.00767    -0.00140     0.00134
52927     0.00602    -0.00125     0.00077
52958     0.00384    -0.00064     0.00027
52988     0.00158    -0.00016     0.00004
53019    -0.00088     0.00047    -0.00008
53050    -0.00303     0.00092    -0.00011
53079    -0.00356     0.00126    -0.00012
53110    -0.00309     0.00132     0.00024
53140    -0.00090     0.00116     0.00021
53171     0.00223     0.00062     0.00036
53201     0.00409    -0.00011     0.00080
53232     0.00524    -0.00101     0.00104
53263     0.00512    -0.00143     0.00080
53293     0.00382    -0.00115     0.00046
53324     0.00156    -0.00037     0.00006
53354    -0.00059     0.00019     0.00014
53385    -0.00258     0.00075     0.00000
53416    -0.00399     0.00136    -0.00036
53444    -0.00490     0.00185    -0.00049
53475    -0.00368     0.00184    -0.00034
53505    -0.00212     0.00159    -0.00005
53536     0.00126     0.00118     0.00040
53566     0.00455    -0.00001     0.00061
53597     0.00502    -0.00109     0.00058
53628     0.00543    -0.00165     0.00046
53658     0.00482    -0.00150     0.00004
53689     0.00354    -0.00115    -0.00023
53719     0.00150     0.00012    -0.00038
53750    -0.00018     0.00099    -0.00042
53781    -0.00142     0.00130    -0.00041
53809    -0.00237     0.00145    -0.00029
53840    -0.00222     0.00144    -0.00000
53870     0.00016     0.00109     0.00021
53901     0.00268     0.00041     0.00038
53931     0.00666    -0.00070     0.00083
53962     0.00711    -0.00138     0.00109
53993     0.00619    -0.00157     0.00092
54023     0.00536    -0.00107     0.00074
54054     0.00306    -0.00021     0.00070
54084     0.00142     0.00031     0.00062
54115    -0.00037     0.00081     0.00043
54146    -0.00236     0.00108     0.00025
54174    -0.00321     0.00132    -0.00007
54205    -0.00154     0.00164     0.00014
54235     0.00081     0.00138     0.00056
54266     0.00326     0.00040     0.00072
54296     0.00398    -0.00085     0.00098
54327     0.00431    -0.00175     0.00129
54358     0.00347    -0.00211     0.00099
54388     0.00245    -0.00186     0.00061
54419     0.00067    -0.00128     0.00060
54449    -0.00160    -0.00048     0.00041
54480    -0.00294     0.00026     0.00046
54511    -0.00405     0.00084     0.00030
54540    -0.00487     0.00144     0.00008
54571    -0.00471     0.00144    -0.00003
54601    -0.00149     0.00131     0.00021
54632     0.00260     0.00061     0.00056
54662     0.00487    -0.00036     0.00096
54693     0.00542    -0.00129     0.00125
54724     0.00464    -0.00152     0.00102
54754     0.00300    -0.00140     0.00062
54785     0.00103    -0.00127     0.00014
54815    -0.00104    -0.00034    -0.00013
54846    -0.00231     0.00027    -0.00026
54877    -0.00389     0.00059    -0.00018
54905    -0.00515     0.00098    -0.00040
54936    -0.00397     0.00121    -0.00030
54966    -0.00092     0.00094     0.00003
54997     0.00182     0.00063     0.00034
55027     0.00383    -0.00023     0.00061
55058     0.00503    -0.00111     0.00103
55089     0.00538    -0.00153     0.00115
55119     0.00376    -0.00124     0.00066
55150     0.00078    -0.00052     0.00040
55180    -0.00156     0.00008     0.00029
55211    -0.00378     0.00046     0.00006
55242    -0.00521     0.00075    -0.00043
55270    -0.00604     0.00085    -0.00032
55301    -0.00488     0.00096    -0.00017
55331    -0.00296     0.00088    -0.00007
55362    -0.00049     0.00046     0.00005
55392     0.00372    -0.00047     0.00065
55423     0.00398    -0.00161     0.00073
55454     0.00216    -0.00230     0.00023
55484     0.00053    -0.00233    -0.00035
55515    -0.00218    -0.00164    -0.00077
55545    -0.00485    -0.00081    -0.00120
55576    -0.00674     0.00004    -0.00126
55607    -0.00755     0.00063    -0.00117
55635    -0.00711     0.00112    -0.00108
55666    -0.00530     0.00146    -0.00086
55696    -0.00169     0.00132    -0.00042
55727     0.00166     0.00031     0.00003
55757     0.00319    -0.00068     0.00017
55788     0.00284    -0.00166     0.00023
55819     0.00271    -0.00226     0.00034
55849     0.00195    -0.00194     0.00044
55880     0.00113    -0.00139     0.00038
55910    -0.00074    -0.00079     0.00011
55941    -0.00354    -0.00022    -0.00020
55972    -0.00435     0.00033    -0.00043
56001    -0.00426     0.00058    -0.00052
56032    -0.00334     0.00086    -0.00037
56062    -0.00137     0.00064    -0.00009
56093     0.00150     0.00013     0.00031
56123     0.00319    -0.00097     0.00076
56154     0.00436    -0.00200     0.00106
56185     0.00422    -0.00264     0.00100
56215     0.00243    -0.00221     0.00075
56246     0.00014    -0.00175     0.00044
56276    -0.00217    -0.00108     0.00008
56307    -0.00429    -0.00036    -0.00023
56338    -0.00618     0.00023    -0.00056
56366    -0.00659     0.00066    -0.00074
56397    -0.00592     0.00091    -0.00051
56427    -0.00301     0.00069    -0.00010
56458    -0.00054     0.00034    -0.00027
56488     0.00303    -0.00066     0.00015
56519     0.00541    -0.00154     0.00053
56550     0.00585    -0.00178     0.00048
56580     0.00494    -0.00156     0.00016
56611     0.00353    -0.00082    -0.00000
56641     0.00237    -0.00016    -0.00003
56672     0.00113     0.00029     0.00016
56703     0.00018     0.00066     0.00016
56731     0.00026     0.00121     0.00037
56762     0.00119     0.00139     0.00055
56792     0.00223     0.00132     0.00066
56823     0.00458     0.00097     0.00078
56853     0.00637    -0.00000     0.00090
56884     0.00653    -0.00116     0.00102
56915     0.00574    -0.00156     0.00073
56945     0.00413    -0.00134     0.00042
56976     0.00234    -0.00078     0.00006
57006     0.00072    -0.00002    -0.00025
57037    -0.00188     0.00028    -0.00060
57068    -0.00342     0.00085    -0.00088
57096    -0.00346     0.00122    -0.00094
57127    -0.00278     0.00134    -0.00069
57157    -0.00055     0.00141    -0.00032
57188     0.00289     0.00103     0.00016
57218     0.00546     0.00042     0.00070
57249     0.00629    -0.00070     0.00093
57280     0.00560    -0.00132     0.00074
57310     0.00415    -0.00132     0.00021
57341     0.00207    -0.00106    -0.00030
57371    -0.00049    -0.00083    -0.00070
57402    -0.00226    -0.00022    -0.00074
57433    -0.00408     0.00043    -0.00091
57462    -0.00488     0.00112    -0.00092
57493    -0.00399     0.00130    -0.00059
57523    -0.00174     0.00108    -0.00031
57554     0.00093     0.00041    -0.00014
