# Hydrology loading displacements computed from the monthly GLDAS NOAH model
# This is a product of the Hydrology loading service: http://lacerta.gsfc.nasa.gov/hydlo/
# Displacements are with respect to the center of mass of the total earth
#
# Created for VieVS on 17.03.2017 at 11:46:08 local time
# OFFSET + TREND REMOVED!!! - Hana 
# mjd up (meters) eastwest (meters) northsouth (meters)
43888     0.00070     0.00040    -0.00101
43919     0.00039     0.00066    -0.00163
43947     0.00025     0.00042    -0.00162
43978     0.00022    -0.00000    -0.00140
44008     0.00059    -0.00046    -0.00042
44039     0.00139    -0.00057     0.00068
44069     0.00062    -0.00028     0.00190
44100     0.00031     0.00010     0.00232
44131     0.00007     0.00002     0.00220
44161    -0.00035    -0.00021     0.00197
44192     0.00003    -0.00010     0.00105
44222     0.00032     0.00015     0.00015
44253     0.00058     0.00017    -0.00061
44284     0.00041     0.00026    -0.00098
44313     0.00009     0.00040    -0.00120
44344     0.00002     0.00004    -0.00086
44374     0.00033    -0.00025     0.00015
44405     0.00060    -0.00036     0.00122
44435     0.00022     0.00007     0.00221
44466     0.00000     0.00046     0.00256
44497    -0.00022     0.00038     0.00233
44527    -0.00024    -0.00000     0.00184
44558    -0.00014    -0.00002     0.00100
44588    -0.00003     0.00011     0.00025
44619     0.00028     0.00041    -0.00017
44650     0.00062     0.00057    -0.00059
44678     0.00049     0.00065    -0.00104
44709     0.00039     0.00046    -0.00089
44739     0.00084     0.00011    -0.00034
44770     0.00126    -0.00046     0.00088
44800     0.00042    -0.00026     0.00193
44831     0.00011     0.00032     0.00246
44862    -0.00020     0.00036     0.00244
44892    -0.00075     0.00009     0.00189
44923    -0.00086    -0.00000     0.00122
44953    -0.00039    -0.00000     0.00018
44984    -0.00010     0.00014    -0.00100
45015    -0.00016     0.00037    -0.00158
45043    -0.00030     0.00038    -0.00162
45074     0.00004     0.00004    -0.00130
45104     0.00065    -0.00008    -0.00051
45135     0.00152    -0.00056     0.00059
45165     0.00199    -0.00060     0.00163
45196     0.00095    -0.00011     0.00210
45227     0.00014    -0.00005     0.00217
45257     0.00033     0.00008     0.00153
45288    -0.00009     0.00027     0.00066
45318    -0.00023     0.00021    -0.00050
45349    -0.00030     0.00018    -0.00133
45380    -0.00041     0.00013    -0.00206
45408    -0.00075    -0.00022    -0.00202
45439    -0.00047    -0.00072    -0.00150
45469    -0.00020    -0.00090    -0.00044
45500     0.00054    -0.00094     0.00085
45530    -0.00021    -0.00085     0.00231
45561    -0.00043    -0.00006     0.00297
45592    -0.00107     0.00010     0.00308
45622    -0.00158    -0.00020     0.00256
45653    -0.00124    -0.00043     0.00170
45683    -0.00070    -0.00041     0.00029
45714    -0.00056    -0.00005    -0.00046
45745    -0.00070    -0.00017    -0.00081
45774    -0.00089    -0.00039    -0.00089
45805    -0.00011    -0.00054    -0.00089
45835     0.00053    -0.00078    -0.00005
45866     0.00062    -0.00103     0.00097
45896    -0.00000    -0.00102     0.00223
45927     0.00006    -0.00054     0.00280
45958    -0.00018    -0.00044     0.00274
45988    -0.00025    -0.00051     0.00207
46019    -0.00008    -0.00072     0.00107
46049    -0.00013    -0.00073     0.00009
46080     0.00024    -0.00068    -0.00102
46111     0.00010    -0.00022    -0.00172
46139    -0.00059    -0.00036    -0.00176
46170    -0.00008    -0.00033    -0.00130
46200     0.00043    -0.00041    -0.00064
46231     0.00069    -0.00076     0.00060
46261     0.00055    -0.00040     0.00157
46292     0.00085     0.00015     0.00178
46323     0.00030     0.00012     0.00186
46353    -0.00048    -0.00029     0.00161
46384    -0.00049    -0.00044     0.00080
46414    -0.00018    -0.00028    -0.00027
46445    -0.00002     0.00020    -0.00109
46476    -0.00001     0.00024    -0.00177
46504    -0.00009     0.00022    -0.00208
46535    -0.00007     0.00004    -0.00158
46565     0.00041    -0.00042    -0.00069
46596     0.00130    -0.00086     0.00043
46626     0.00060    -0.00070     0.00174
46657     0.00039    -0.00006     0.00236
46688     0.00052    -0.00006     0.00210
46718     0.00088    -0.00011     0.00148
46749     0.00073    -0.00000     0.00070
46779     0.00065    -0.00004    -0.00027
46810     0.00049    -0.00002    -0.00096
46841     0.00045     0.00005    -0.00145
46869     0.00011    -0.00001    -0.00183
46900     0.00046    -0.00018    -0.00163
46930     0.00081    -0.00050    -0.00071
46961     0.00131    -0.00049     0.00015
46991     0.00109    -0.00064     0.00136
47022     0.00056    -0.00031     0.00193
47053    -0.00013    -0.00005     0.00197
47083    -0.00039     0.00008     0.00161
47114    -0.00064    -0.00006     0.00106
47144    -0.00029    -0.00014     0.00010
47175    -0.00011    -0.00002    -0.00087
47206    -0.00000     0.00023    -0.00153
47235    -0.00002     0.00050    -0.00178
47266     0.00011     0.00026    -0.00120
47296     0.00019     0.00015    -0.00037
47327     0.00051    -0.00009     0.00090
47357     0.00023     0.00012     0.00180
47388    -0.00015     0.00072     0.00205
47419    -0.00091     0.00079     0.00196
47449    -0.00078     0.00061     0.00157
47480    -0.00026     0.00046     0.00067
47510    -0.00000     0.00042    -0.00028
47541    -0.00003     0.00053    -0.00119
47572    -0.00033     0.00057    -0.00175
47600    -0.00067     0.00046    -0.00183
47631    -0.00042     0.00046    -0.00128
47661    -0.00011     0.00018    -0.00042
47692     0.00042    -0.00031     0.00081
47722     0.00031    -0.00012     0.00192
47753     0.00037     0.00035     0.00233
47784    -0.00028     0.00028     0.00226
47814    -0.00038     0.00039     0.00173
47845    -0.00042     0.00020     0.00090
47875     0.00017     0.00055    -0.00031
47906     0.00037     0.00075    -0.00131
47937    -0.00004     0.00077    -0.00203
47965    -0.00035     0.00054    -0.00211
47996    -0.00018     0.00032    -0.00145
48026     0.00041     0.00002    -0.00062
48057     0.00064    -0.00027     0.00053
48087     0.00031    -0.00013     0.00157
48118     0.00039     0.00017     0.00209
48149    -0.00011     0.00014     0.00205
48179    -0.00086    -0.00009     0.00156
48210    -0.00112    -0.00019     0.00066
48240    -0.00107    -0.00010    -0.00046
48271    -0.00096     0.00011    -0.00124
48302    -0.00103     0.00041    -0.00143
48330    -0.00111     0.00050    -0.00205
48361    -0.00070     0.00027    -0.00188
48391     0.00020    -0.00004    -0.00135
48422     0.00051    -0.00017     0.00002
48452     0.00012    -0.00031     0.00128
48483    -0.00025     0.00016     0.00196
48514    -0.00067    -0.00006     0.00201
48544    -0.00109    -0.00026     0.00158
48575    -0.00093    -0.00033     0.00081
48605    -0.00088    -0.00031    -0.00013
48636    -0.00080    -0.00031    -0.00111
48667    -0.00072    -0.00041    -0.00177
48696    -0.00098    -0.00078    -0.00204
48727    -0.00070    -0.00092    -0.00190
48757    -0.00027    -0.00107    -0.00082
48788     0.00034    -0.00126     0.00035
48818     0.00015    -0.00113     0.00128
48849     0.00007    -0.00052     0.00175
48880     0.00021    -0.00029     0.00155
48910    -0.00049    -0.00038     0.00124
48941    -0.00044    -0.00037     0.00018
48971    -0.00015    -0.00043    -0.00051
49002    -0.00015    -0.00026    -0.00115
49033    -0.00025     0.00011    -0.00159
49061    -0.00029     0.00016    -0.00198
49092     0.00017     0.00002    -0.00193
49122     0.00021    -0.00015    -0.00114
49153     0.00059    -0.00034    -0.00001
49183    -0.00013    -0.00053     0.00088
49214    -0.00060    -0.00011     0.00136
49245    -0.00093     0.00006     0.00127
49275    -0.00086     0.00002     0.00083
49306    -0.00090    -0.00015     0.00008
49336    -0.00086    -0.00020    -0.00073
49367    -0.00036     0.00004    -0.00179
49398    -0.00028     0.00021    -0.00234
49426    -0.00051     0.00017    -0.00235
49457    -0.00024    -0.00005    -0.00211
49487     0.00014    -0.00031    -0.00147
49518     0.00057    -0.00046    -0.00061
49548     0.00004    -0.00017     0.00019
49579    -0.00020     0.00041     0.00062
49610    -0.00098     0.00048     0.00063
49640    -0.00104     0.00023     0.00007
49671    -0.00062     0.00031    -0.00099
49701    -0.00087     0.00036    -0.00190
49732    -0.00111     0.00044    -0.00252
49763    -0.00124     0.00069    -0.00292
49791    -0.00121     0.00077    -0.00309
49822    -0.00095     0.00039    -0.00274
49852    -0.00057    -0.00008    -0.00199
49883    -0.00037    -0.00042    -0.00089
49913    -0.00089    -0.00025     0.00021
49944    -0.00107     0.00050     0.00056
49975    -0.00146     0.00070     0.00060
50005    -0.00137     0.00056     0.00007
50036    -0.00137     0.00033    -0.00074
50066    -0.00074     0.00034    -0.00165
50097    -0.00044     0.00065    -0.00261
50128    -0.00044     0.00093    -0.00333
50157    -0.00051     0.00112    -0.00353
50188    -0.00017     0.00104    -0.00313
50218     0.00085     0.00041    -0.00207
50249     0.00227     0.00021    -0.00070
50279     0.00318    -0.00020     0.00055
50310     0.00397    -0.00030     0.00139
50341     0.00424    -0.00029     0.00152
50371     0.00412    -0.00016     0.00119
50402     0.00388    -0.00002     0.00044
50432     0.00343     0.00024    -0.00041
50463     0.00302     0.00056    -0.00131
50494     0.00245     0.00082    -0.00216
50522     0.00190     0.00103    -0.00283
50553     0.00185     0.00126    -0.00272
50583     0.00164     0.00109    -0.00220
50614     0.00151     0.00052    -0.00121
50644     0.00090     0.00038    -0.00026
50675     0.00028     0.00050     0.00046
50706    -0.00063     0.00045     0.00043
50736    -0.00068     0.00071    -0.00048
50767    -0.00100     0.00098    -0.00158
50797    -0.00074     0.00139    -0.00266
50828    -0.00094     0.00147    -0.00337
50859    -0.00111     0.00124    -0.00379
50887    -0.00135     0.00100    -0.00413
50918    -0.00145     0.00058    -0.00370
50948    -0.00130    -0.00001    -0.00258
50979    -0.00111    -0.00048    -0.00135
51009    -0.00148    -0.00009    -0.00034
51040    -0.00208     0.00043     0.00034
51071    -0.00227     0.00079     0.00034
51101    -0.00242     0.00067    -0.00033
51132    -0.00201     0.00041    -0.00117
51162    -0.00175     0.00029    -0.00195
51193    -0.00127     0.00035    -0.00275
51224    -0.00091     0.00042    -0.00316
51252    -0.00093     0.00044    -0.00307
51283    -0.00089     0.00009    -0.00248
51313    -0.00052    -0.00026    -0.00173
51344    -0.00042    -0.00062    -0.00058
51374    -0.00069    -0.00066     0.00035
51405    -0.00077     0.00007     0.00077
51436    -0.00102     0.00019     0.00081
51466    -0.00081     0.00037     0.00042
51497    -0.00099     0.00028     0.00005
51527    -0.00030     0.00034    -0.00065
51558     0.00055     0.00061    -0.00148
51589     0.00083     0.00076    -0.00192
51618     0.00071     0.00080    -0.00195
51649     0.00076     0.00080    -0.00195
51679     0.00038     0.00075    -0.00116
51710     0.00023     0.00030    -0.00030
51740     0.00005     0.00006     0.00062
51771    -0.00042     0.00019     0.00122
51802    -0.00063     0.00018     0.00118
51832    -0.00082     0.00026     0.00070
51863    -0.00055     0.00017     0.00005
51893     0.00018     0.00055    -0.00054
51924    -0.00007     0.00029    -0.00108
51955    -0.00065     0.00007    -0.00123
51983    -0.00064     0.00000    -0.00147
52014    -0.00000     0.00020    -0.00139
52044     0.00035    -0.00007    -0.00058
52075     0.00024    -0.00033     0.00031
52105     0.00009    -0.00026     0.00141
52136    -0.00035     0.00004     0.00213
52167    -0.00077    -0.00008     0.00214
52197    -0.00095    -0.00000     0.00178
52228    -0.00082     0.00023     0.00115
52258    -0.00034     0.00012     0.00031
52289    -0.00015     0.00020    -0.00038
52320    -0.00009     0.00015    -0.00076
52348     0.00011     0.00014    -0.00103
52379     0.00033    -0.00018    -0.00108
52409     0.00043    -0.00064    -0.00043
52440     0.00079    -0.00100     0.00067
52470    -0.00017    -0.00109     0.00186
52501    -0.00031    -0.00058     0.00238
52532    -0.00036    -0.00029     0.00227
52562    -0.00069    -0.00022     0.00155
52593    -0.00031    -0.00006     0.00059
52623    -0.00014    -0.00013    -0.00006
52654     0.00016    -0.00006    -0.00064
52685     0.00023    -0.00009    -0.00098
52713     0.00030    -0.00028    -0.00103
52744     0.00076    -0.00033    -0.00094
52774     0.00123    -0.00067    -0.00045
52805     0.00141    -0.00102     0.00039
52835     0.00058    -0.00080     0.00154
52866    -0.00010    -0.00035     0.00217
52897    -0.00046    -0.00001     0.00210
52927    -0.00064    -0.00010     0.00167
52958    -0.00077    -0.00025     0.00087
52988    -0.00054    -0.00024     0.00022
53019     0.00017    -0.00012    -0.00045
53050     0.00050    -0.00002    -0.00083
53079     0.00066    -0.00003    -0.00105
53110     0.00094     0.00011    -0.00107
53140     0.00074    -0.00035    -0.00054
53171     0.00058    -0.00067     0.00039
53201     0.00043    -0.00059     0.00131
53232     0.00007    -0.00012     0.00179
53263    -0.00067    -0.00012     0.00175
53293    -0.00104    -0.00024     0.00134
53324    -0.00047    -0.00027     0.00046
53354     0.00014     0.00011    -0.00036
53385     0.00029     0.00013    -0.00092
53416     0.00019    -0.00012    -0.00140
53444     0.00016    -0.00025    -0.00174
53475     0.00048    -0.00038    -0.00155
53505     0.00096    -0.00033    -0.00111
53536     0.00115    -0.00062    -0.00007
53566     0.00020    -0.00066     0.00127
53597    -0.00054    -0.00035     0.00202
53628    -0.00083    -0.00013     0.00211
53658    -0.00077    -0.00029     0.00172
53689    -0.00074    -0.00045     0.00124
53719    -0.00010    -0.00073     0.00036
53750     0.00035    -0.00083    -0.00026
53781     0.00046    -0.00072    -0.00070
53809     0.00087    -0.00044    -0.00109
53840     0.00125    -0.00033    -0.00097
53870     0.00115    -0.00054    -0.00034
53901     0.00074    -0.00076     0.00078
53931    -0.00013    -0.00079     0.00215
53962     0.00002    -0.00016     0.00252
53993    -0.00039    -0.00002     0.00237
54023    -0.00030    -0.00024     0.00183
54054     0.00018    -0.00016     0.00085
54084     0.00033    -0.00019     0.00016
54115     0.00060    -0.00025    -0.00031
54146     0.00093     0.00002    -0.00074
54174     0.00094    -0.00018    -0.00094
54205     0.00124    -0.00045    -0.00080
54235     0.00140    -0.00048    -0.00031
54266     0.00108    -0.00057     0.00074
54296     0.00018    -0.00032     0.00176
54327     0.00021     0.00043     0.00207
54358    -0.00046     0.00064     0.00191
54388    -0.00046     0.00050     0.00154
54419    -0.00001     0.00068     0.00094
54449     0.00052     0.00065     0.00010
54480     0.00098     0.00059    -0.00062
54511     0.00121     0.00045    -0.00112
54540     0.00135     0.00017    -0.00158
54571     0.00115     0.00001    -0.00150
54601     0.00121    -0.00032    -0.00078
54632     0.00090    -0.00055     0.00020
54662     0.00053    -0.00030     0.00115
54693    -0.00002     0.00027     0.00164
54724    -0.00056     0.00035     0.00144
54754    -0.00059     0.00039     0.00098
54785    -0.00080     0.00040     0.00051
54815    -0.00038     0.00020    -0.00022
54846     0.00002     0.00019    -0.00080
54877     0.00025     0.00045    -0.00121
54905     0.00028     0.00036    -0.00160
54936     0.00059     0.00019    -0.00163
54966     0.00068    -0.00014    -0.00100
54997     0.00067    -0.00047     0.00012
55027    -0.00015    -0.00043     0.00122
55058    -0.00047     0.00003     0.00169
55089    -0.00032     0.00046     0.00170
55119    -0.00062     0.00027     0.00127
55150    -0.00037     0.00032     0.00028
55180     0.00009     0.00039    -0.00051
55211     0.00034     0.00061    -0.00110
55242     0.00021     0.00040    -0.00145
55270     0.00032     0.00053    -0.00162
55301     0.00043     0.00033    -0.00138
55331     0.00054     0.00009    -0.00087
55362     0.00054    -0.00016     0.00001
55392    -0.00001    -0.00014     0.00125
55423    -0.00017     0.00058     0.00189
55454    -0.00079     0.00089     0.00182
55484    -0.00157     0.00071     0.00151
55515    -0.00130     0.00059     0.00074
55545    -0.00109     0.00052    -0.00015
55576    -0.00069     0.00040    -0.00083
55607    -0.00043     0.00034    -0.00125
55635    -0.00002     0.00021    -0.00158
55666     0.00063    -0.00002    -0.00151
55696     0.00056    -0.00040    -0.00088
55727     0.00027    -0.00056     0.00039
55757    -0.00006    -0.00043     0.00153
55788    -0.00056     0.00000     0.00221
55819    -0.00121     0.00030     0.00224
55849    -0.00083     0.00053     0.00168
55880    -0.00053     0.00051     0.00103
55910    -0.00026     0.00032     0.00039
55941     0.00008     0.00034    -0.00023
55972    -0.00001     0.00011    -0.00052
56001    -0.00007    -0.00011    -0.00044
56032     0.00036    -0.00024    -0.00048
56062     0.00046    -0.00039    -0.00011
56093     0.00066    -0.00053     0.00089
56123     0.00001    -0.00029     0.00191
56154    -0.00029     0.00042     0.00233
56185    -0.00100     0.00092     0.00228
56215    -0.00121     0.00072     0.00176
56246    -0.00133     0.00081     0.00097
56276    -0.00104     0.00078     0.00021
56307    -0.00074     0.00062    -0.00044
56338    -0.00049     0.00053    -0.00094
56366    -0.00010     0.00040    -0.00115
56397     0.00019     0.00035    -0.00109
56427     0.00069     0.00011    -0.00045
56458     0.00078    -0.00037     0.00039
56488    -0.00020    -0.00041     0.00164
56519    -0.00058    -0.00001     0.00231
56550    -0.00067     0.00007     0.00233
56580    -0.00068    -0.00003     0.00190
56611    -0.00043    -0.00031     0.00126
56641    -0.00000    -0.00037     0.00065
56672     0.00055    -0.00023     0.00014
56703     0.00083    -0.00025    -0.00017
56731     0.00112    -0.00044    -0.00041
56762     0.00143    -0.00058    -0.00023
56792     0.00161    -0.00068     0.00005
56823     0.00116    -0.00103     0.00085
56853     0.00056    -0.00091     0.00173
56884     0.00018    -0.00017     0.00221
56915    -0.00014     0.00014     0.00197
56945    -0.00040     0.00012     0.00141
56976    -0.00013     0.00002     0.00062
57006    -0.00008    -0.00033    -0.00001
57037    -0.00004    -0.00030    -0.00047
57068     0.00012    -0.00041    -0.00106
57096     0.00027    -0.00052    -0.00137
57127     0.00047    -0.00052    -0.00128
57157     0.00095    -0.00079    -0.00077
57188     0.00105    -0.00105     0.00011
57218     0.00064    -0.00106     0.00104
57249     0.00033    -0.00041     0.00154
57280    -0.00071    -0.00028     0.00166
57310    -0.00076    -0.00012     0.00122
57341    -0.00097    -0.00009     0.00046
57371    -0.00118    -0.00001    -0.00023
57402    -0.00056     0.00014    -0.00093
57433    -0.00031    -0.00002    -0.00144
57462     0.00020    -0.00011    -0.00192
57493     0.00050    -0.00008    -0.00192
57523     0.00055    -0.00013    -0.00134
57554     0.00058    -0.00024    -0.00032
