# Hydrology loading displacements computed from the monthly GLDAS NOAH model
# This is a product of the Hydrology loading service: http://lacerta.gsfc.nasa.gov/hydlo/
# Displacements are with respect to the center of mass of the total earth
#
# Created for VieVS on 17.03.2017 at 11:46:08 local time
# OFFSET + TREND REMOVED!!! - Hana 
# mjd up (meters) eastwest (meters) northsouth (meters)
43888    -0.00088     0.00051    -0.00055
43919    -0.00261     0.00113    -0.00128
43947    -0.00471     0.00088    -0.00159
43978    -0.00159     0.00037    -0.00114
44008    -0.00025    -0.00021     0.00000
44039     0.00046    -0.00054     0.00140
44069     0.00072    -0.00025     0.00216
44100     0.00147     0.00003     0.00226
44131     0.00222    -0.00010     0.00213
44161     0.00275    -0.00035     0.00181
44192     0.00386    -0.00031     0.00120
44222     0.00471    -0.00007     0.00067
44253     0.00090     0.00013     0.00027
44284    -0.00468     0.00021    -0.00053
44313    -0.00492     0.00048    -0.00101
44344    -0.00246     0.00020    -0.00042
44374    -0.00105    -0.00023     0.00062
44405    -0.00049    -0.00043     0.00166
44435    -0.00000    -0.00006     0.00225
44466     0.00070     0.00025     0.00242
44497     0.00177     0.00015     0.00222
44527     0.00268    -0.00027     0.00187
44558     0.00347    -0.00035     0.00121
44588     0.00241    -0.00017     0.00065
44619    -0.00163     0.00042     0.00015
44650    -0.00712     0.00078    -0.00067
44678    -0.00535     0.00091    -0.00082
44709    -0.00220     0.00069    -0.00048
44739    -0.00001     0.00025     0.00037
44770     0.00018    -0.00039     0.00156
44800     0.00054    -0.00015     0.00210
44831     0.00110     0.00027     0.00217
44862     0.00188     0.00024     0.00214
44892     0.00228    -0.00001     0.00150
44923     0.00187    -0.00020     0.00078
44953     0.00062    -0.00016     0.00003
44984    -0.00082    -0.00008    -0.00090
45015    -0.00511     0.00030    -0.00183
45043    -0.00653     0.00044    -0.00236
45074    -0.00365     0.00015    -0.00159
45104    -0.00131    -0.00006    -0.00032
45135    -0.00036    -0.00065     0.00131
45165     0.00035    -0.00078     0.00256
45196     0.00106    -0.00021     0.00246
45227     0.00189    -0.00019     0.00213
45257     0.00318    -0.00017     0.00161
45288     0.00383    -0.00005     0.00055
45318     0.00433    -0.00003    -0.00053
45349     0.00422    -0.00006    -0.00139
45380     0.00381    -0.00009    -0.00198
45408     0.00010    -0.00036    -0.00226
45439    -0.00121    -0.00085    -0.00178
45469    -0.00109    -0.00096    -0.00067
45500    -0.00028    -0.00111     0.00095
45530    -0.00017    -0.00100     0.00193
45561     0.00020    -0.00039     0.00217
45592     0.00076    -0.00028     0.00189
45622     0.00139    -0.00055     0.00129
45653     0.00178    -0.00085     0.00065
45683     0.00199    -0.00072    -0.00039
45714    -0.00230    -0.00032    -0.00154
45745    -0.00715     0.00007    -0.00183
45774    -0.00844    -0.00003    -0.00207
45805    -0.00485    -0.00023    -0.00132
45835    -0.00257    -0.00069    -0.00004
45866    -0.00153    -0.00102     0.00107
45896    -0.00134    -0.00103     0.00180
45927    -0.00093    -0.00075     0.00202
45958    -0.00030    -0.00071     0.00191
45988     0.00082    -0.00084     0.00137
46019     0.00193    -0.00097     0.00073
46049     0.00152    -0.00077     0.00009
46080     0.00075    -0.00042    -0.00033
46111    -0.00099     0.00011    -0.00108
46139    -0.00249     0.00011    -0.00135
46170    -0.00298     0.00016    -0.00069
46200    -0.00153    -0.00023     0.00009
46231    -0.00106    -0.00061     0.00133
46261    -0.00021    -0.00029     0.00216
46292     0.00069    -0.00001     0.00219
46323     0.00146    -0.00008     0.00197
46353     0.00229    -0.00041     0.00145
46384     0.00236    -0.00046     0.00069
46414     0.00228    -0.00019    -0.00005
46445    -0.00055     0.00036    -0.00082
46476    -0.00277     0.00038    -0.00143
46504    -0.00044     0.00030    -0.00139
46535     0.00034     0.00025    -0.00061
46565     0.00158    -0.00032     0.00041
46596     0.00224    -0.00086     0.00198
46626     0.00130    -0.00072     0.00248
46657     0.00130    -0.00031     0.00256
46688     0.00242    -0.00040     0.00244
46718     0.00311    -0.00048     0.00202
46749     0.00379    -0.00030     0.00135
46779     0.00448    -0.00020     0.00046
46810     0.00185    -0.00022    -0.00050
46841    -0.00584     0.00008    -0.00138
46869    -0.00420     0.00027    -0.00186
46900    -0.00052    -0.00001    -0.00116
46930     0.00082    -0.00047    -0.00011
46961     0.00165    -0.00058     0.00096
46991     0.00174    -0.00078     0.00196
47022     0.00221    -0.00054     0.00216
47053     0.00300    -0.00027     0.00189
47083     0.00352    -0.00021     0.00148
47114     0.00278    -0.00039     0.00088
47144     0.00124    -0.00030     0.00011
47175    -0.00121    -0.00022    -0.00085
47206    -0.00235     0.00024    -0.00130
47235    -0.00121     0.00072    -0.00114
47266    -0.00062     0.00045    -0.00064
47296     0.00082     0.00020     0.00009
47327     0.00131    -0.00013     0.00147
47357     0.00160     0.00010     0.00205
47388     0.00212     0.00062     0.00195
47419     0.00252     0.00076     0.00157
47449     0.00308     0.00041     0.00137
47480     0.00295     0.00004     0.00083
47510    -0.00077    -0.00027    -0.00015
47541    -0.00220     0.00022    -0.00101
47572    -0.00241     0.00082    -0.00144
47600    -0.00454     0.00079    -0.00205
47631    -0.00460     0.00086    -0.00176
47661    -0.00328     0.00048    -0.00062
47692    -0.00250    -0.00013     0.00078
47722    -0.00184     0.00002     0.00182
47753    -0.00069     0.00032     0.00217
47784     0.00054     0.00027     0.00197
47814     0.00144     0.00021     0.00142
47845     0.00156     0.00006     0.00067
47875     0.00200     0.00054    -0.00011
47906     0.00180     0.00066    -0.00086
47937     0.00142     0.00073    -0.00163
47965     0.00082     0.00057    -0.00187
47996     0.00127     0.00038    -0.00114
48026     0.00188     0.00009    -0.00007
48057     0.00170    -0.00026     0.00099
48087     0.00197    -0.00017     0.00172
48118     0.00230    -0.00006     0.00206
48149     0.00307    -0.00005     0.00187
48179     0.00380    -0.00022     0.00121
48210     0.00418    -0.00041     0.00038
48240     0.00126    -0.00034    -0.00062
48271    -0.00331     0.00023    -0.00152
48302    -0.00775     0.00086    -0.00258
48330    -0.00401     0.00097    -0.00285
48361    -0.00085     0.00066    -0.00207
48391     0.00114     0.00017    -0.00095
48422     0.00150    -0.00003     0.00043
48452     0.00170    -0.00014     0.00145
48483     0.00209     0.00019     0.00173
48514     0.00279    -0.00008     0.00164
48544     0.00375    -0.00028     0.00120
48575     0.00340    -0.00050     0.00046
48605     0.00294    -0.00045    -0.00040
48636     0.00322    -0.00029    -0.00109
48667     0.00080    -0.00015    -0.00187
48696    -0.00012    -0.00029    -0.00200
48727     0.00101    -0.00049    -0.00139
48757     0.00165    -0.00084    -0.00027
48788     0.00208    -0.00118     0.00108
48818     0.00241    -0.00111     0.00181
48849     0.00277    -0.00065     0.00192
48880     0.00351    -0.00055     0.00165
48910     0.00342    -0.00065     0.00113
48941     0.00375    -0.00067     0.00028
48971     0.00349    -0.00055    -0.00013
49002     0.00222    -0.00013    -0.00071
49033    -0.00537     0.00039    -0.00204
49061    -0.00397     0.00039    -0.00240
49092    -0.00076     0.00009    -0.00188
49122     0.00075    -0.00014    -0.00108
49153     0.00131    -0.00045     0.00019
49183     0.00174    -0.00047     0.00078
49214     0.00226    -0.00014     0.00086
49245     0.00300    -0.00005     0.00057
49275     0.00380    -0.00021     0.00017
49306     0.00421    -0.00038    -0.00041
49336     0.00302    -0.00032    -0.00108
49367    -0.00143    -0.00002    -0.00165
49398    -0.00314     0.00044    -0.00219
49426    -0.00513     0.00061    -0.00284
49457    -0.00216     0.00034    -0.00206
49487    -0.00022     0.00000    -0.00109
49518     0.00074    -0.00026    -0.00004
49548     0.00136    -0.00003     0.00027
49579     0.00210     0.00045     0.00043
49610     0.00299     0.00055     0.00019
49640     0.00423     0.00032    -0.00017
49671     0.00513     0.00030    -0.00096
49701     0.00380     0.00034    -0.00196
49732     0.00003     0.00052    -0.00275
49763    -0.00480     0.00088    -0.00377
49791    -0.00462     0.00108    -0.00409
49822    -0.00226     0.00072    -0.00316
49852    -0.00050     0.00028    -0.00208
49883     0.00032    -0.00015    -0.00089
49913     0.00068    -0.00004    -0.00021
49944     0.00139     0.00051    -0.00025
49975     0.00211     0.00061    -0.00042
50005     0.00277     0.00043    -0.00076
50036     0.00329     0.00019    -0.00145
50066     0.00200     0.00030    -0.00188
50097     0.00107     0.00077    -0.00265
50128    -0.00030     0.00106    -0.00326
50157    -0.00284     0.00137    -0.00395
50188    -0.00302     0.00123    -0.00346
50218    -0.00268     0.00061    -0.00194
50249    -0.00387     0.00010    -0.00006
50279    -0.00289    -0.00045     0.00161
50310    -0.00418    -0.00072     0.00275
50341    -0.00381    -0.00080     0.00318
50371    -0.00449    -0.00059     0.00265
50402    -0.00480    -0.00050     0.00185
50432    -0.00447    -0.00009     0.00073
50463    -0.00666     0.00044    -0.00068
50494    -0.00718     0.00088    -0.00219
50522    -0.00556     0.00130    -0.00286
50553    -0.00380     0.00163    -0.00247
50583    -0.00243     0.00150    -0.00199
50614    -0.00166     0.00087    -0.00101
50644    -0.00092     0.00061    -0.00040
50675    -0.00031     0.00051    -0.00025
50706     0.00042     0.00048    -0.00082
50736     0.00138     0.00073    -0.00180
50767     0.00188     0.00116    -0.00287
50797    -0.00006     0.00176    -0.00379
50828    -0.00455     0.00222    -0.00446
50859    -0.00497     0.00188    -0.00518
50887    -0.00340     0.00174    -0.00539
50918    -0.00143     0.00128    -0.00478
50948    -0.00043     0.00061    -0.00355
50979     0.00026     0.00002    -0.00216
51009     0.00030     0.00026    -0.00174
51040     0.00088     0.00079    -0.00141
51071     0.00163     0.00108    -0.00152
51101     0.00228     0.00088    -0.00214
51132     0.00104     0.00060    -0.00278
51162    -0.00049     0.00055    -0.00315
51193    -0.00236     0.00070    -0.00370
51224    -0.00316     0.00060    -0.00388
51252    -0.00397     0.00082    -0.00381
51283    -0.00260     0.00051    -0.00291
51313    -0.00050     0.00004    -0.00190
51344     0.00023    -0.00046    -0.00083
51374     0.00095    -0.00046    -0.00002
51405     0.00162     0.00011     0.00018
51436     0.00247     0.00018     0.00016
51466     0.00297     0.00016    -0.00021
51497     0.00288     0.00015    -0.00057
51527     0.00228     0.00028    -0.00087
51558     0.00144     0.00081    -0.00074
51589    -0.00130     0.00105    -0.00106
51618    -0.00617     0.00124    -0.00187
51649    -0.00368     0.00132    -0.00149
51679    -0.00252     0.00117    -0.00106
51710    -0.00122     0.00059    -0.00035
51740    -0.00023     0.00023     0.00043
51771     0.00060     0.00022     0.00070
51802     0.00186     0.00015     0.00065
51832     0.00198     0.00019     0.00011
51863     0.00161     0.00042    -0.00047
51893    -0.00084     0.00103    -0.00093
51924    -0.00380     0.00104    -0.00137
51955    -0.00631     0.00074    -0.00204
51983    -0.00625     0.00048    -0.00239
52014    -0.00380     0.00054    -0.00169
52044    -0.00165     0.00001    -0.00073
52075    -0.00062    -0.00034     0.00007
52105    -0.00012    -0.00049     0.00082
52136     0.00036    -0.00034     0.00118
52167     0.00126    -0.00046     0.00116
52197     0.00176    -0.00047     0.00074
52228     0.00187    -0.00027     0.00028
52258     0.00188    -0.00035    -0.00013
52289     0.00196    -0.00002    -0.00050
52320    -0.00054    -0.00009    -0.00089
52348    -0.00162    -0.00014    -0.00112
52379     0.00126    -0.00038    -0.00069
52409     0.00260    -0.00091     0.00006
52440     0.00293    -0.00145     0.00119
52470     0.00276    -0.00143     0.00191
52501     0.00286    -0.00107     0.00217
52532     0.00334    -0.00085     0.00197
52562     0.00425    -0.00067     0.00128
52593     0.00498    -0.00055     0.00067
52623     0.00459    -0.00058     0.00031
52654     0.00275     0.00002     0.00004
52685     0.00022     0.00013    -0.00033
52713    -0.00336     0.00004    -0.00057
52744    -0.00091    -0.00010    -0.00006
52774     0.00078    -0.00067     0.00061
52805     0.00180    -0.00115     0.00147
52835     0.00178    -0.00096     0.00206
52866     0.00203    -0.00055     0.00217
52897     0.00254    -0.00034     0.00179
52927     0.00315    -0.00050     0.00129
52958     0.00374    -0.00063     0.00061
52988     0.00147    -0.00057     0.00012
53019    -0.00396    -0.00023    -0.00038
53050    -0.00725     0.00014    -0.00087
53079    -0.00703     0.00016    -0.00092
53110    -0.00361     0.00022    -0.00059
53140    -0.00153    -0.00023    -0.00001
53171    -0.00109    -0.00070     0.00066
53201    -0.00025    -0.00076     0.00138
53232     0.00054    -0.00042     0.00149
53263     0.00122    -0.00042     0.00113
53293     0.00245    -0.00051     0.00065
53324     0.00328    -0.00061     0.00017
53354     0.00324    -0.00012    -0.00021
53385    -0.00118     0.00011    -0.00066
53416    -0.00204     0.00004    -0.00088
53444    -0.00206    -0.00005    -0.00092
53475    -0.00064    -0.00023    -0.00059
53505     0.00138    -0.00041    -0.00003
53536     0.00201    -0.00084     0.00093
53566     0.00171    -0.00083     0.00159
53597     0.00182    -0.00061     0.00174
53628     0.00219    -0.00051     0.00158
53658     0.00253    -0.00075     0.00122
53689     0.00219    -0.00095     0.00086
53719     0.00207    -0.00109     0.00069
53750    -0.00179    -0.00100     0.00043
53781    -0.00361    -0.00070    -0.00010
53809    -0.00458    -0.00025    -0.00022
53840    -0.00589    -0.00007    -0.00010
53870    -0.00412    -0.00034     0.00047
53901    -0.00263    -0.00074     0.00127
53931    -0.00224    -0.00080     0.00200
53962    -0.00113    -0.00041     0.00217
53993     0.00006    -0.00035     0.00184
54023     0.00158    -0.00059     0.00151
54054     0.00271    -0.00054     0.00095
54084     0.00334    -0.00048     0.00067
54115     0.00096    -0.00046     0.00036
54146    -0.00055     0.00002     0.00021
54174    -0.00363    -0.00005     0.00014
54205    -0.00320    -0.00046     0.00024
54235    -0.00090    -0.00061     0.00076
54266    -0.00054    -0.00077     0.00144
54296    -0.00068    -0.00054     0.00174
54327     0.00020     0.00004     0.00187
54358     0.00124     0.00028     0.00147
54388     0.00214     0.00008     0.00117
54419     0.00181     0.00015     0.00099
54449     0.00148     0.00021     0.00064
54480    -0.00239     0.00068     0.00050
54511    -0.00477     0.00057    -0.00013
54540    -0.00494     0.00041    -0.00048
54571    -0.00185     0.00020    -0.00029
54601     0.00026    -0.00028     0.00043
54632     0.00095    -0.00058     0.00113
54662     0.00133    -0.00043     0.00167
54693     0.00190     0.00004     0.00168
54724     0.00259     0.00014     0.00124
54754     0.00334     0.00006     0.00080
54785     0.00316     0.00005     0.00021
54815     0.00018     0.00000    -0.00015
54846    -0.00506     0.00023    -0.00060
54877    -0.00711     0.00074    -0.00124
54905    -0.00445     0.00074    -0.00128
54936    -0.00096     0.00046    -0.00096
54966     0.00059     0.00006    -0.00026
54997     0.00113    -0.00038     0.00074
55027     0.00151    -0.00033     0.00136
55058     0.00210     0.00002     0.00153
55089     0.00277     0.00018     0.00140
55119     0.00346     0.00003     0.00097
55150     0.00474     0.00019     0.00046
55180     0.00406     0.00035     0.00018
55211    -0.00083     0.00104    -0.00022
55242    -0.00233     0.00107    -0.00071
55270    -0.00278     0.00132    -0.00110
55301    -0.00232     0.00124    -0.00063
55331    -0.00163     0.00075    -0.00006
55362    -0.00146     0.00022     0.00062
55392    -0.00115     0.00012     0.00129
55423    -0.00060     0.00055     0.00144
55454    -0.00012     0.00078     0.00084
55484    -0.00055     0.00063     0.00030
55515    -0.00034     0.00054    -0.00026
55545    -0.00096     0.00073    -0.00084
55576    -0.00558     0.00088    -0.00132
55607    -0.00712     0.00088    -0.00202
55635    -0.00782     0.00078    -0.00253
55666    -0.00630     0.00034    -0.00191
55696    -0.00306    -0.00011    -0.00101
55727    -0.00214    -0.00038     0.00004
55757    -0.00168    -0.00044     0.00075
55788    -0.00090    -0.00013     0.00101
55819     0.00007     0.00011     0.00081
55849     0.00114     0.00028     0.00059
55880     0.00105     0.00029     0.00020
55910    -0.00024     0.00044    -0.00006
55941    -0.00109     0.00066    -0.00019
55972    -0.00190     0.00054    -0.00032
56001    -0.00560     0.00026    -0.00061
56032    -0.00331    -0.00008    -0.00038
56062    -0.00154    -0.00029     0.00015
56093    -0.00066    -0.00056     0.00112
56123    -0.00022    -0.00029     0.00173
56154     0.00043     0.00022     0.00171
56185     0.00117     0.00064     0.00122
56215     0.00224     0.00045     0.00081
56246     0.00250     0.00059     0.00018
56276     0.00127     0.00066    -0.00019
56307    -0.00005     0.00074    -0.00041
56338    -0.00182     0.00082    -0.00081
56366    -0.00353     0.00056    -0.00088
56397    -0.00390     0.00066    -0.00066
56427    -0.00139     0.00020     0.00017
56458    -0.00085    -0.00043     0.00088
56488    -0.00033    -0.00046     0.00147
56519     0.00038    -0.00023     0.00168
56550     0.00114    -0.00026     0.00167
56580     0.00205    -0.00039     0.00135
56611     0.00219    -0.00059     0.00115
56641    -0.00014    -0.00051     0.00102
56672    -0.00251    -0.00030     0.00082
56703    -0.00478    -0.00029     0.00036
56731    -0.00187    -0.00036     0.00049
56762     0.00043    -0.00059     0.00095
56792     0.00190    -0.00073     0.00141
56823     0.00260    -0.00106     0.00198
56853     0.00270    -0.00103     0.00237
56884     0.00287    -0.00043     0.00240
56915     0.00342    -0.00015     0.00191
56945     0.00442    -0.00013     0.00133
56976     0.00506    -0.00028     0.00081
57006     0.00405    -0.00053     0.00034
57037    -0.00065    -0.00032    -0.00062
57068     0.00005    -0.00035    -0.00084
57096     0.00033    -0.00044    -0.00086
57127     0.00195    -0.00044    -0.00051
57157     0.00357    -0.00088     0.00016
57188     0.00358    -0.00113     0.00106
57218     0.00379    -0.00112     0.00173
57249     0.00379    -0.00069     0.00173
57280     0.00411    -0.00049     0.00135
57310     0.00474    -0.00052     0.00077
57341     0.00465    -0.00048    -0.00012
57371     0.00213    -0.00021    -0.00103
57402    -0.00091     0.00015    -0.00171
57433    -0.00117     0.00022    -0.00201
57462    -0.00038     0.00016    -0.00193
57493     0.00155     0.00013    -0.00148
57523     0.00267    -0.00005    -0.00092
57554     0.00289    -0.00028    -0.00003
