# Hydrology loading displacements computed from the monthly GLDAS NOAH model
# This is a product of the Hydrology loading service: http://lacerta.gsfc.nasa.gov/hydlo/
# Displacements are with respect to the center of mass of the total earth
#
# Created for VieVS on 17.03.2017 at 11:46:08 local time
# OFFSET + TREND REMOVED!!! - Hana 
# mjd up (meters) eastwest (meters) northsouth (meters)
43888     0.00054    -0.00042    -0.00091
43919     0.00090    -0.00039    -0.00175
43947     0.00079    -0.00048    -0.00172
43978     0.00040    -0.00073    -0.00130
44008     0.00004    -0.00086     0.00002
44039    -0.00022    -0.00077     0.00147
44069    -0.00029     0.00018     0.00236
44100    -0.00024     0.00077     0.00249
44131    -0.00030     0.00074     0.00231
44161    -0.00062     0.00062     0.00201
44192    -0.00050     0.00018     0.00117
44222    -0.00009    -0.00028     0.00030
44253     0.00027    -0.00067    -0.00038
44284     0.00040    -0.00062    -0.00090
44313     0.00047    -0.00045    -0.00126
44344     0.00025    -0.00066    -0.00077
44374    -0.00011    -0.00057     0.00047
44405    -0.00025    -0.00014     0.00170
44435    -0.00017     0.00068     0.00239
44466    -0.00011     0.00123     0.00254
44497    -0.00032     0.00122     0.00226
44527    -0.00064     0.00081     0.00191
44558    -0.00057     0.00040     0.00109
44588    -0.00029     0.00008     0.00031
44619     0.00016    -0.00002    -0.00016
44650     0.00070    -0.00016    -0.00061
44678     0.00088    -0.00031    -0.00108
44709     0.00076    -0.00040    -0.00084
44739     0.00045    -0.00065     0.00003
44770    -0.00002    -0.00057     0.00157
44800    -0.00008     0.00029     0.00226
44831    -0.00003     0.00103     0.00242
44862    -0.00021     0.00116     0.00230
44892    -0.00055     0.00109     0.00165
44923    -0.00060     0.00091     0.00095
44953    -0.00043     0.00040     0.00004
44984    -0.00001    -0.00015    -0.00111
45015     0.00033    -0.00014    -0.00184
45043     0.00048    -0.00012    -0.00196
45074     0.00022    -0.00056    -0.00133
45104     0.00008    -0.00071    -0.00022
45135    -0.00025    -0.00096     0.00144
45165    -0.00048    -0.00079     0.00273
45196    -0.00036     0.00016     0.00268
45227    -0.00055     0.00057     0.00241
45257    -0.00052     0.00038     0.00175
45288    -0.00046     0.00043     0.00063
45318    -0.00035     0.00010    -0.00059
45349    -0.00021    -0.00016    -0.00148
45380    -0.00006    -0.00046    -0.00222
45408    -0.00026    -0.00044    -0.00222
45439    -0.00050    -0.00072    -0.00145
45469    -0.00074    -0.00049    -0.00027
45500    -0.00088    -0.00030     0.00138
45530    -0.00104     0.00054     0.00255
45561    -0.00085     0.00149     0.00282
45592    -0.00099     0.00198     0.00262
45622    -0.00132     0.00190     0.00204
45653    -0.00139     0.00135     0.00132
45683    -0.00105     0.00064     0.00006
45714    -0.00043     0.00056    -0.00085
45745    -0.00018     0.00031    -0.00123
45774    -0.00015     0.00005    -0.00129
45805     0.00003    -0.00059    -0.00086
45835    -0.00034    -0.00064     0.00037
45866    -0.00067    -0.00037     0.00159
45896    -0.00089     0.00038     0.00260
45927    -0.00091     0.00103     0.00294
45958    -0.00098     0.00118     0.00278
45988    -0.00107     0.00091     0.00212
46019    -0.00108     0.00024     0.00125
46049    -0.00081    -0.00018     0.00025
46080    -0.00030    -0.00092    -0.00070
46111     0.00039    -0.00099    -0.00161
46139     0.00023    -0.00081    -0.00183
46170     0.00021    -0.00096    -0.00115
46200    -0.00005    -0.00092    -0.00026
46231    -0.00040    -0.00062     0.00125
46261    -0.00026    -0.00008     0.00206
46292    -0.00014     0.00042     0.00212
46323    -0.00045     0.00080     0.00202
46353    -0.00083     0.00073     0.00160
46384    -0.00080     0.00034     0.00080
46414    -0.00041    -0.00014    -0.00023
46445     0.00014    -0.00026    -0.00119
46476     0.00032    -0.00050    -0.00189
46504     0.00043    -0.00076    -0.00218
46535     0.00027    -0.00084    -0.00153
46565    -0.00015    -0.00098    -0.00029
46596    -0.00041    -0.00118     0.00138
46626    -0.00050    -0.00017     0.00235
46657    -0.00050     0.00067     0.00259
46688    -0.00063     0.00057     0.00242
46718    -0.00058     0.00019     0.00191
46749    -0.00037     0.00002     0.00104
46779    -0.00019    -0.00039     0.00003
46810     0.00007    -0.00061    -0.00073
46841     0.00028    -0.00064    -0.00133
46869     0.00026    -0.00067    -0.00179
46900     0.00014    -0.00098    -0.00134
46930    -0.00027    -0.00098    -0.00015
46961    -0.00032    -0.00076     0.00094
46991    -0.00063    -0.00028     0.00215
47022    -0.00064     0.00034     0.00239
47053    -0.00067     0.00075     0.00207
47083    -0.00070     0.00079     0.00158
47114    -0.00075     0.00064     0.00097
47144    -0.00043     0.00004     0.00011
47175    -0.00005    -0.00034    -0.00090
47206     0.00039    -0.00056    -0.00163
47235     0.00076    -0.00058    -0.00194
47266     0.00060    -0.00061    -0.00124
47296     0.00037    -0.00033    -0.00033
47327     0.00006    -0.00013     0.00122
47357     0.00007     0.00048     0.00193
47388     0.00022     0.00123     0.00181
47419     0.00014     0.00156     0.00142
47449    -0.00016     0.00132     0.00114
47480    -0.00024     0.00071     0.00045
47510     0.00008     0.00017    -0.00046
47541     0.00058    -0.00011    -0.00144
47572     0.00084    -0.00026    -0.00212
47600     0.00077    -0.00017    -0.00232
47631     0.00074    -0.00006    -0.00172
47661     0.00049    -0.00014    -0.00058
47692     0.00006    -0.00007     0.00104
47722     0.00006     0.00045     0.00209
47753     0.00011     0.00087     0.00238
47784    -0.00009     0.00102     0.00213
47814    -0.00022     0.00099     0.00149
47845    -0.00029     0.00061     0.00069
47875     0.00033     0.00000    -0.00045
47906     0.00083    -0.00038    -0.00145
47937     0.00111    -0.00052    -0.00231
47965     0.00087    -0.00044    -0.00244
47996     0.00079    -0.00042    -0.00166
48026     0.00056    -0.00054    -0.00050
48057     0.00016    -0.00016     0.00087
48087     0.00003     0.00043     0.00175
48118    -0.00012     0.00086     0.00217
48149    -0.00029     0.00095     0.00199
48179    -0.00050     0.00091     0.00131
48210    -0.00058     0.00060     0.00034
48240    -0.00029     0.00017    -0.00083
48271     0.00015     0.00003    -0.00171
48302     0.00061     0.00024    -0.00212
48330     0.00073    -0.00004    -0.00272
48361     0.00063    -0.00046    -0.00224
48391     0.00031    -0.00083    -0.00121
48422     0.00015    -0.00045     0.00037
48452    -0.00006     0.00001     0.00156
48483    -0.00013     0.00075     0.00189
48514    -0.00057     0.00087     0.00189
48544    -0.00083     0.00072     0.00139
48575    -0.00097     0.00049     0.00062
48605    -0.00088     0.00028    -0.00034
48636    -0.00056    -0.00013    -0.00131
48667    -0.00032    -0.00045    -0.00194
48696    -0.00042    -0.00071    -0.00215
48727    -0.00038    -0.00102    -0.00180
48757    -0.00064    -0.00094    -0.00050
48788    -0.00085    -0.00087     0.00099
48818    -0.00091    -0.00033     0.00184
48849    -0.00075     0.00036     0.00201
48880    -0.00066     0.00044     0.00174
48910    -0.00075     0.00056     0.00122
48941    -0.00068     0.00014     0.00016
48971    -0.00045    -0.00035    -0.00042
49002    -0.00014    -0.00044    -0.00115
49033     0.00034    -0.00028    -0.00183
49061     0.00041    -0.00037    -0.00223
49092     0.00023    -0.00066    -0.00191
49122     0.00005    -0.00053    -0.00102
49153    -0.00020    -0.00034     0.00037
49183    -0.00038     0.00015     0.00111
49214    -0.00039     0.00086     0.00125
49245    -0.00046     0.00107     0.00095
49275    -0.00060     0.00091     0.00052
49306    -0.00059     0.00046    -0.00018
49336    -0.00035     0.00006    -0.00098
49367     0.00026    -0.00050    -0.00196
49398     0.00077    -0.00070    -0.00256
49426     0.00084    -0.00057    -0.00269
49457     0.00059    -0.00077    -0.00221
49487     0.00037    -0.00091    -0.00128
49518     0.00026    -0.00080    -0.00017
49548     0.00025    -0.00005     0.00028
49579     0.00041     0.00056     0.00041
49610     0.00027     0.00080     0.00014
49640     0.00017     0.00037    -0.00035
49671     0.00031    -0.00008    -0.00130
49701     0.00049    -0.00020    -0.00235
49732     0.00072    -0.00017    -0.00316
49763     0.00101     0.00004    -0.00378
49791     0.00119     0.00001    -0.00400
49822     0.00097    -0.00044    -0.00334
49852     0.00071    -0.00069    -0.00223
49883     0.00036    -0.00054    -0.00090
49913     0.00026     0.00020    -0.00004
49944     0.00044     0.00103    -0.00009
49975     0.00023     0.00138    -0.00026
50005     0.00013     0.00112    -0.00069
50036     0.00010     0.00064    -0.00145
50066     0.00051    -0.00005    -0.00216
50097     0.00105    -0.00036    -0.00316
50128     0.00133    -0.00041    -0.00402
50157     0.00148    -0.00026    -0.00438
50188     0.00139    -0.00036    -0.00383
50218     0.00093    -0.00083    -0.00215
50249     0.00067    -0.00106    -0.00017
50279     0.00021    -0.00133     0.00161
50310    -0.00009    -0.00140     0.00279
50341    -0.00010    -0.00153     0.00304
50371     0.00001    -0.00149     0.00259
50402     0.00016    -0.00153     0.00170
50432     0.00038    -0.00145     0.00057
50463     0.00090    -0.00135    -0.00064
50494     0.00142    -0.00114    -0.00185
50522     0.00185    -0.00106    -0.00277
50553     0.00217    -0.00099    -0.00264
50583     0.00222    -0.00090    -0.00212
50614     0.00171    -0.00082    -0.00096
50644     0.00110    -0.00015    -0.00015
50675     0.00058     0.00058     0.00025
50706     0.00039     0.00092    -0.00015
50736     0.00067     0.00087    -0.00123
50767     0.00116     0.00073    -0.00253
50797     0.00190     0.00051    -0.00369
50828     0.00212     0.00040    -0.00452
50859     0.00194     0.00024    -0.00496
50887     0.00164     0.00011    -0.00528
50918     0.00125    -0.00007    -0.00469
50948     0.00069    -0.00015    -0.00327
50979     0.00024    -0.00005    -0.00174
51009     0.00029     0.00088    -0.00108
51040     0.00057     0.00158    -0.00080
51071     0.00059     0.00190    -0.00098
51101     0.00042     0.00168    -0.00168
51132     0.00032     0.00111    -0.00234
51162     0.00051     0.00056    -0.00299
51193     0.00082     0.00009    -0.00367
51224     0.00097    -0.00017    -0.00398
51252     0.00107    -0.00024    -0.00388
51283     0.00088    -0.00044    -0.00305
51313     0.00043    -0.00050    -0.00197
51344    -0.00008    -0.00022    -0.00061
51374    -0.00014     0.00008     0.00027
51405     0.00002     0.00080     0.00043
51436    -0.00008     0.00095     0.00036
51466    -0.00011     0.00092    -0.00005
51497    -0.00005     0.00073    -0.00045
51527     0.00019     0.00022    -0.00095
51558     0.00116    -0.00062    -0.00154
51589     0.00177    -0.00092    -0.00196
51618     0.00201    -0.00084    -0.00211
51649     0.00203    -0.00095    -0.00203
51679     0.00170    -0.00044    -0.00139
51710     0.00097    -0.00007    -0.00038
51740     0.00053     0.00018     0.00059
51771     0.00028     0.00069     0.00097
51802     0.00017     0.00069     0.00088
51832     0.00020     0.00069     0.00031
51863     0.00048     0.00025    -0.00027
51893     0.00108    -0.00006    -0.00079
51924     0.00108    -0.00041    -0.00133
51955     0.00082    -0.00028    -0.00165
51983     0.00081    -0.00042    -0.00188
52014     0.00072    -0.00050    -0.00159
52044     0.00015    -0.00038    -0.00050
52075    -0.00017    -0.00011     0.00048
52105    -0.00058     0.00045     0.00149
52136    -0.00081     0.00119     0.00195
52167    -0.00106     0.00125     0.00190
52197    -0.00106     0.00129     0.00142
52228    -0.00078     0.00117     0.00073
52258    -0.00050     0.00049     0.00010
52289    -0.00005    -0.00000    -0.00055
52320     0.00011    -0.00019    -0.00092
52348     0.00007    -0.00024    -0.00113
52379    -0.00002    -0.00072    -0.00091
52409    -0.00048    -0.00073    -0.00001
52440    -0.00099    -0.00062     0.00135
52470    -0.00128     0.00006     0.00228
52501    -0.00130     0.00070     0.00258
52532    -0.00131     0.00096     0.00234
52562    -0.00121     0.00082     0.00149
52593    -0.00081     0.00036     0.00058
52623    -0.00052    -0.00004     0.00005
52654    -0.00006    -0.00045    -0.00044
52685     0.00022    -0.00071    -0.00076
52713     0.00034    -0.00093    -0.00075
52744     0.00032    -0.00115    -0.00044
52774    -0.00023    -0.00120     0.00037
52805    -0.00070    -0.00115     0.00144
52835    -0.00082    -0.00025     0.00219
52866    -0.00078     0.00053     0.00239
52897    -0.00083     0.00100     0.00202
52927    -0.00096     0.00094     0.00151
52958    -0.00094     0.00050     0.00073
52988    -0.00064     0.00012     0.00015
53019    -0.00011    -0.00039    -0.00035
53050     0.00039    -0.00068    -0.00068
53079     0.00051    -0.00085    -0.00085
53110     0.00067    -0.00098    -0.00075
53140     0.00029    -0.00102    -0.00008
53171    -0.00023    -0.00064     0.00090
53201    -0.00044    -0.00013     0.00173
53232    -0.00050     0.00062     0.00192
53263    -0.00078     0.00100     0.00160
53293    -0.00090     0.00084     0.00106
53324    -0.00072     0.00025     0.00038
53354    -0.00006    -0.00016    -0.00036
53385     0.00031    -0.00051    -0.00090
53416     0.00043    -0.00098    -0.00131
53444     0.00050    -0.00132    -0.00156
53475     0.00029    -0.00137    -0.00118
53505     0.00009    -0.00125    -0.00054
53536    -0.00033    -0.00102     0.00067
53566    -0.00062    -0.00012     0.00169
53597    -0.00089     0.00078     0.00204
53628    -0.00107     0.00123     0.00195
53658    -0.00124     0.00105     0.00160
53689    -0.00128     0.00076     0.00116
53719    -0.00087    -0.00028     0.00063
53750    -0.00035    -0.00094     0.00019
53781     0.00003    -0.00118    -0.00026
53809     0.00041    -0.00132    -0.00056
53840     0.00056    -0.00136    -0.00032
53870     0.00008    -0.00112     0.00037
53901    -0.00047    -0.00059     0.00143
53931    -0.00090     0.00025     0.00249
53962    -0.00091     0.00086     0.00268
53993    -0.00103     0.00111     0.00233
54023    -0.00114     0.00065     0.00189
54054    -0.00072    -0.00002     0.00103
54084    -0.00035    -0.00046     0.00042
54115     0.00000    -0.00080     0.00001
54146     0.00029    -0.00084    -0.00042
54174     0.00029    -0.00102    -0.00053
54205     0.00016    -0.00135    -0.00016
54235    -0.00003    -0.00120     0.00042
54266    -0.00042    -0.00062     0.00140
54296    -0.00060     0.00039     0.00202
54327    -0.00040     0.00106     0.00206
54358    -0.00039     0.00141     0.00160
54388    -0.00058     0.00124     0.00126
54419    -0.00021     0.00080     0.00074
54449     0.00013     0.00016     0.00010
54480     0.00062    -0.00048    -0.00043
54511     0.00086    -0.00080    -0.00081
54540     0.00086    -0.00123    -0.00111
54571     0.00064    -0.00124    -0.00100
54601     0.00013    -0.00117    -0.00011
54632    -0.00023    -0.00072     0.00088
54662    -0.00038     0.00004     0.00159
54693    -0.00028     0.00082     0.00164
54724    -0.00034     0.00108     0.00121
54754    -0.00048     0.00104     0.00072
54785    -0.00041     0.00100     0.00011
54815    -0.00012     0.00025    -0.00042
54846     0.00026    -0.00019    -0.00091
54877     0.00073    -0.00039    -0.00134
54905     0.00077    -0.00063    -0.00164
54936     0.00056    -0.00086    -0.00146
54966     0.00013    -0.00078    -0.00064
54997    -0.00027    -0.00051     0.00060
55027    -0.00035     0.00018     0.00141
55058    -0.00033     0.00081     0.00159
55089    -0.00039     0.00115     0.00145
55119    -0.00055     0.00100     0.00097
55150    -0.00012     0.00038     0.00009
55180     0.00036    -0.00017    -0.00056
55211     0.00086    -0.00037    -0.00118
55242     0.00077    -0.00049    -0.00153
55270     0.00099    -0.00053    -0.00169
55301     0.00084    -0.00062    -0.00131
55331     0.00051    -0.00058    -0.00066
55362     0.00012    -0.00028     0.00033
55392    -0.00010     0.00040     0.00135
55423    -0.00005     0.00131     0.00161
55454    -0.00013     0.00195     0.00117
55484    -0.00037     0.00205     0.00065
55515    -0.00034     0.00152    -0.00000
55545     0.00004     0.00096    -0.00084
55576     0.00049     0.00032    -0.00138
55607     0.00075    -0.00002    -0.00173
55635     0.00091    -0.00036    -0.00187
55666     0.00061    -0.00068    -0.00146
55696     0.00021    -0.00070    -0.00063
55727    -0.00028    -0.00012     0.00065
55757    -0.00060     0.00066     0.00161
55788    -0.00069     0.00142     0.00194
55819    -0.00075     0.00184     0.00167
55849    -0.00049     0.00157     0.00117
55880    -0.00021     0.00109     0.00064
55910    -0.00003     0.00057     0.00014
55941     0.00026     0.00013    -0.00038
55972     0.00035    -0.00018    -0.00062
56001     0.00031    -0.00022    -0.00051
56032     0.00009    -0.00047    -0.00029
56062    -0.00011    -0.00048     0.00020
56093    -0.00043    -0.00017     0.00135
56123    -0.00044     0.00063     0.00210
56154    -0.00038     0.00150     0.00213
56185    -0.00034     0.00215     0.00163
56215    -0.00042     0.00175     0.00110
56246    -0.00011     0.00146     0.00024
56276     0.00019     0.00095    -0.00039
56307     0.00042     0.00039    -0.00087
56338     0.00064     0.00001    -0.00129
56366     0.00061    -0.00026    -0.00134
56397     0.00068    -0.00050    -0.00109
56427     0.00034    -0.00054    -0.00019
56458    -0.00018    -0.00039     0.00084
56488    -0.00042     0.00041     0.00173
56519    -0.00055     0.00111     0.00206
56550    -0.00075     0.00132     0.00205
56580    -0.00090     0.00113     0.00166
56611    -0.00074     0.00046     0.00123
56641    -0.00042    -0.00007     0.00079
56672     0.00000    -0.00051     0.00041
56703     0.00025    -0.00086     0.00020
56731     0.00036    -0.00136     0.00020
56762     0.00024    -0.00149     0.00056
56792     0.00013    -0.00148     0.00099
56823    -0.00029    -0.00122     0.00177
56853    -0.00055    -0.00048     0.00240
56884    -0.00045     0.00044     0.00248
56915    -0.00048     0.00089     0.00199
56945    -0.00056     0.00072     0.00134
56976    -0.00045     0.00026     0.00067
57006    -0.00029    -0.00034     0.00018
57037    -0.00004    -0.00044    -0.00035
57068    -0.00001    -0.00083    -0.00086
57096     0.00002    -0.00112    -0.00106
57127     0.00003    -0.00119    -0.00086
57157    -0.00027    -0.00130    -0.00008
57188    -0.00058    -0.00110     0.00097
57218    -0.00075    -0.00064     0.00181
57249    -0.00075     0.00026     0.00193
57280    -0.00094     0.00079     0.00164
57310    -0.00118     0.00088     0.00109
57341    -0.00100     0.00078     0.00021
57371    -0.00077     0.00072    -0.00062
57402    -0.00030     0.00030    -0.00119
57433    -0.00002    -0.00019    -0.00154
57462     0.00019    -0.00074    -0.00177
57493     0.00032    -0.00097    -0.00161
57523     0.00018    -0.00081    -0.00100
57554    -0.00005    -0.00041     0.00007
