# Hydrology loading displacements computed from the monthly GLDAS NOAH model
# This is a product of the Hydrology loading service: http://lacerta.gsfc.nasa.gov/hydlo/
# Displacements are with respect to the center of mass of the total earth
#
# Created for VieVS on 17.03.2017 at 11:46:08 local time
# OFFSET + TREND REMOVED!!! - Hana 
# mjd up (meters) eastwest (meters) northsouth (meters)
43888    -0.00349     0.00051    -0.00012
43919    -0.00663     0.00078    -0.00027
43947    -0.00603     0.00083    -0.00031
43978    -0.00332     0.00093    -0.00037
44008     0.00068     0.00080    -0.00002
44039     0.00474     0.00025     0.00049
44069     0.00700    -0.00081     0.00078
44100     0.00769    -0.00153     0.00105
44131     0.00715    -0.00153     0.00091
44161     0.00544    -0.00136     0.00053
44192     0.00191    -0.00077     0.00016
44222    -0.00141    -0.00007     0.00030
44253    -0.00340     0.00060     0.00005
44284    -0.00547     0.00081     0.00001
44313    -0.00520     0.00087     0.00008
44344    -0.00336     0.00103     0.00011
44374     0.00034     0.00074     0.00021
44405     0.00353     0.00001     0.00058
44435     0.00381    -0.00116     0.00111
44466     0.00472    -0.00180     0.00138
44497     0.00453    -0.00182     0.00125
44527     0.00283    -0.00129     0.00071
44558     0.00050    -0.00065     0.00025
44588    -0.00172    -0.00009     0.00006
44619    -0.00385     0.00014     0.00015
44650    -0.00488     0.00055     0.00029
44678    -0.00534     0.00080     0.00038
44709    -0.00214     0.00073     0.00052
44739     0.00010     0.00073     0.00059
44770     0.00351     0.00031     0.00074
44800     0.00484    -0.00077     0.00091
44831     0.00495    -0.00172     0.00106
44862     0.00510    -0.00176     0.00100
44892     0.00258    -0.00176     0.00036
44923     0.00005    -0.00121     0.00002
44953    -0.00334    -0.00034    -0.00041
44984    -0.00551     0.00048    -0.00066
45015    -0.00657     0.00066    -0.00069
45043    -0.00631     0.00070    -0.00070
45074    -0.00330     0.00103    -0.00053
45104    -0.00008     0.00087    -0.00002
45135     0.00422     0.00077     0.00049
45165     0.00663     0.00046     0.00121
45196     0.00765    -0.00077     0.00111
45227     0.00778    -0.00125     0.00089
45257     0.00603    -0.00119     0.00052
45288     0.00354    -0.00118     0.00004
45318    -0.00024    -0.00057    -0.00057
45349    -0.00385     0.00021    -0.00088
45380    -0.00561     0.00091    -0.00101
45408    -0.00490     0.00106    -0.00123
45439    -0.00319     0.00104    -0.00115
45469    -0.00001     0.00055    -0.00088
45500     0.00333     0.00006    -0.00025
45530     0.00700    -0.00094     0.00014
45561     0.00785    -0.00203     0.00053
45592     0.00828    -0.00272     0.00034
45622     0.00744    -0.00251    -0.00005
45653     0.00600    -0.00180    -0.00045
45683     0.00182    -0.00096    -0.00083
45714    -0.00189    -0.00069    -0.00077
45745    -0.00408    -0.00015    -0.00111
45774    -0.00361     0.00035    -0.00122
45805    -0.00246     0.00090    -0.00076
45835     0.00079     0.00076    -0.00043
45866     0.00287     0.00013    -0.00006
45896     0.00544    -0.00068     0.00038
45927     0.00640    -0.00149     0.00060
45958     0.00573    -0.00176     0.00044
45988     0.00324    -0.00141     0.00006
46019     0.00216    -0.00064    -0.00033
46049    -0.00015    -0.00001    -0.00062
46080    -0.00261     0.00102    -0.00074
46111    -0.00556     0.00144    -0.00064
46139    -0.00607     0.00145    -0.00090
46170    -0.00433     0.00131    -0.00031
46200    -0.00104     0.00109    -0.00008
46231     0.00210     0.00061     0.00019
46261     0.00382    -0.00009     0.00091
46292     0.00449    -0.00068     0.00106
46323     0.00462    -0.00107     0.00085
46353     0.00499    -0.00086     0.00049
46384     0.00255    -0.00026    -0.00015
46414    -0.00117     0.00039    -0.00039
46445    -0.00497     0.00062    -0.00036
46476    -0.00642     0.00121    -0.00078
46504    -0.00657     0.00145    -0.00077
46535    -0.00539     0.00117    -0.00029
46565    -0.00102     0.00102     0.00003
46596     0.00171     0.00097     0.00052
46626     0.00581    -0.00019     0.00080
46657     0.00665    -0.00115     0.00103
46688     0.00542    -0.00111     0.00107
46718     0.00479    -0.00077     0.00095
46749     0.00228    -0.00062     0.00068
46779    -0.00016    -0.00004     0.00034
46810    -0.00427     0.00060    -0.00009
46841    -0.00598     0.00096    -0.00039
46869    -0.00676     0.00103    -0.00064
46900    -0.00532     0.00139    -0.00042
46930    -0.00157     0.00132    -0.00018
46961     0.00044     0.00077     0.00029
46991     0.00319    -0.00007     0.00069
47022     0.00323    -0.00088     0.00102
47053     0.00318    -0.00142     0.00102
47083     0.00229    -0.00149     0.00076
47114     0.00059    -0.00123     0.00026
47144    -0.00223    -0.00027    -0.00013
47175    -0.00404     0.00039    -0.00033
47206    -0.00553     0.00077    -0.00043
47235    -0.00645     0.00087    -0.00025
47266    -0.00364     0.00090     0.00001
47296     0.00065     0.00042     0.00026
47327     0.00336     0.00007     0.00064
47357     0.00495    -0.00082     0.00111
47388     0.00585    -0.00173     0.00134
47419     0.00488    -0.00199     0.00104
47449     0.00406    -0.00183     0.00064
47480     0.00219    -0.00107     0.00026
47510    -0.00255    -0.00027    -0.00009
47541    -0.00409     0.00043    -0.00009
47572    -0.00453     0.00070    -0.00010
47600    -0.00496     0.00060    -0.00043
47631    -0.00304     0.00031    -0.00022
47661    -0.00012     0.00025     0.00007
47692     0.00408     0.00016     0.00021
47722     0.00669    -0.00058     0.00063
47753     0.00794    -0.00118     0.00102
47784     0.00778    -0.00135     0.00076
47814     0.00613    -0.00126     0.00040
47845     0.00322    -0.00082     0.00001
47875    -0.00058    -0.00003     0.00018
47906    -0.00306     0.00050     0.00026
47937    -0.00531     0.00073     0.00003
47965    -0.00489     0.00079    -0.00024
47996    -0.00252     0.00070    -0.00017
48026     0.00067     0.00068     0.00012
48057     0.00345     0.00008     0.00038
48087     0.00560    -0.00071     0.00088
48118     0.00817    -0.00114     0.00123
48149     0.00714    -0.00132     0.00125
48179     0.00530    -0.00121     0.00069
48210     0.00197    -0.00087    -0.00001
48240    -0.00232    -0.00019    -0.00052
48271    -0.00449     0.00018    -0.00070
48302    -0.00471     0.00031    -0.00066
48330    -0.00574     0.00062    -0.00071
48361    -0.00415     0.00096    -0.00054
48391    -0.00252     0.00127    -0.00030
48422     0.00084     0.00068     0.00033
48452     0.00357    -0.00009     0.00078
48483     0.00469    -0.00097     0.00089
48514     0.00594    -0.00106     0.00071
48544     0.00448    -0.00097     0.00031
48575     0.00155    -0.00063    -0.00031
48605    -0.00157    -0.00020    -0.00088
48636    -0.00487     0.00044    -0.00113
48667    -0.00599     0.00105    -0.00134
48696    -0.00599     0.00146    -0.00160
48727    -0.00473     0.00166    -0.00130
48757    -0.00092     0.00131    -0.00071
48788     0.00310     0.00084    -0.00048
48818     0.00544    -0.00012    -0.00023
48849     0.00767    -0.00109     0.00021
48880     0.00701    -0.00129     0.00035
48910     0.00537    -0.00129    -0.00012
48941     0.00118    -0.00065    -0.00055
48971    -0.00150     0.00016    -0.00068
49002    -0.00314     0.00051    -0.00064
49033    -0.00504     0.00071    -0.00059
49061    -0.00596     0.00103    -0.00075
49092    -0.00497     0.00140    -0.00075
49122    -0.00116     0.00090    -0.00050
49153     0.00149     0.00033     0.00002
49183     0.00289    -0.00029     0.00019
49214     0.00344    -0.00118     0.00057
49245     0.00213    -0.00130     0.00042
49275     0.00064    -0.00129    -0.00001
49306    -0.00131    -0.00065    -0.00055
49336    -0.00426    -0.00008    -0.00078
49367    -0.00676     0.00084    -0.00074
49398    -0.00720     0.00133    -0.00063
49426    -0.00735     0.00139    -0.00070
49457    -0.00608     0.00143    -0.00064
49487    -0.00275     0.00138    -0.00045
49518     0.00018     0.00095     0.00002
49548     0.00388    -0.00018     0.00014
49579     0.00519    -0.00119     0.00041
49610     0.00278    -0.00156     0.00032
49640     0.00142    -0.00102     0.00002
49671    -0.00119    -0.00037    -0.00038
49701    -0.00443     0.00019    -0.00083
49732    -0.00724     0.00050    -0.00121
49763    -0.00886     0.00070    -0.00125
49791    -0.00824     0.00086    -0.00126
49822    -0.00656     0.00120    -0.00101
49852    -0.00362     0.00121    -0.00081
49883    -0.00218     0.00086    -0.00067
49913     0.00116    -0.00014    -0.00029
49944     0.00334    -0.00126    -0.00015
49975     0.00085    -0.00151    -0.00035
50005    -0.00025    -0.00121    -0.00050
50036    -0.00244    -0.00052    -0.00094
50066    -0.00460     0.00038    -0.00109
50097    -0.00817     0.00096    -0.00131
50128    -0.01035     0.00126    -0.00155
50157    -0.01138     0.00129    -0.00154
50188    -0.01030     0.00129    -0.00118
50218    -0.00611     0.00162    -0.00062
50249    -0.00141     0.00148     0.00030
50279     0.00163     0.00139     0.00092
50310     0.00393     0.00137     0.00135
50341     0.00371     0.00143     0.00146
50371     0.00199     0.00140     0.00127
50402    -0.00044     0.00168     0.00099
50432    -0.00338     0.00176     0.00052
50463    -0.00552     0.00193     0.00022
50494    -0.00860     0.00186    -0.00002
50522    -0.00912     0.00209    -0.00005
50553    -0.00760     0.00193     0.00036
50583    -0.00590     0.00161     0.00050
50614    -0.00305     0.00131     0.00055
50644    -0.00190     0.00054     0.00040
50675    -0.00035    -0.00028     0.00023
50706    -0.00013    -0.00061    -0.00016
50736    -0.00271    -0.00042    -0.00050
50767    -0.00566    -0.00020    -0.00097
50797    -0.00861     0.00010    -0.00119
50828    -0.00941     0.00046    -0.00130
50859    -0.00929     0.00091    -0.00156
50887    -0.00975     0.00114    -0.00176
50918    -0.00815     0.00117    -0.00173
50948    -0.00402     0.00091    -0.00167
50979    -0.00110     0.00051    -0.00140
51009     0.00026    -0.00057    -0.00107
51040     0.00166    -0.00151    -0.00050
51071    -0.00058    -0.00192    -0.00047
51101    -0.00312    -0.00165    -0.00118
51132    -0.00550    -0.00088    -0.00167
51162    -0.00635    -0.00004    -0.00184
51193    -0.00742     0.00067    -0.00183
51224    -0.00835     0.00109    -0.00182
51252    -0.00848     0.00124    -0.00156
51283    -0.00583     0.00130    -0.00126
51313    -0.00277     0.00110    -0.00105
51344     0.00036     0.00061    -0.00090
51374     0.00232     0.00013    -0.00063
51405     0.00403    -0.00087    -0.00023
51436     0.00441    -0.00112    -0.00019
51466     0.00285    -0.00116    -0.00030
51497     0.00119    -0.00083    -0.00050
51527    -0.00139    -0.00025    -0.00040
51558    -0.00382     0.00070     0.00020
51589    -0.00598     0.00126     0.00054
51618    -0.00678     0.00143     0.00055
51649    -0.00490     0.00146     0.00060
51679     0.00038     0.00064     0.00053
51710     0.00538    -0.00005     0.00045
51740     0.00764    -0.00045     0.00079
51771     0.00792    -0.00110     0.00094
51802     0.00810    -0.00114     0.00094
51832     0.00703    -0.00119     0.00049
51863     0.00545    -0.00064     0.00035
51893     0.00380    -0.00014     0.00063
51924     0.00172     0.00043     0.00025
51955    -0.00002     0.00044    -0.00017
51983    -0.00165     0.00068    -0.00032
52014    -0.00224     0.00073    -0.00014
52044     0.00075     0.00049    -0.00003
52075     0.00390     0.00020     0.00021
52105     0.00619    -0.00048     0.00048
52136     0.00746    -0.00124     0.00061
52167     0.00620    -0.00122     0.00041
52197     0.00427    -0.00124     0.00021
52228     0.00245    -0.00101     0.00017
52258    -0.00000    -0.00022    -0.00004
52289    -0.00199     0.00045     0.00010
52320    -0.00350     0.00071     0.00012
52348    -0.00412     0.00073    -0.00004
52379    -0.00238     0.00114    -0.00014
52409     0.00061     0.00079    -0.00016
52440     0.00430     0.00049     0.00007
52470     0.00726    -0.00049     0.00035
52501     0.00687    -0.00140     0.00036
52532     0.00643    -0.00171     0.00015
52562     0.00372    -0.00134    -0.00024
52593    -0.00016    -0.00082    -0.00033
52623    -0.00220    -0.00034    -0.00041
52654    -0.00461     0.00014    -0.00030
52685    -0.00571     0.00063    -0.00025
52713    -0.00511     0.00104    -0.00017
52744    -0.00318     0.00134     0.00009
52774     0.00072     0.00134     0.00019
52805     0.00547     0.00107     0.00046
52835     0.00865     0.00004     0.00089
52866     0.01005    -0.00085     0.00112
52897     0.00966    -0.00134     0.00095
52927     0.00774    -0.00119     0.00042
52958     0.00539    -0.00059    -0.00006
52988     0.00300    -0.00016    -0.00014
53019     0.00001     0.00045    -0.00009
53050    -0.00232     0.00089     0.00016
53079    -0.00311     0.00122     0.00014
53110    -0.00262     0.00132     0.00039
53140    -0.00030     0.00113     0.00028
53171     0.00280     0.00062     0.00019
53201     0.00541    -0.00008     0.00067
53232     0.00685    -0.00096     0.00088
53263     0.00683    -0.00141     0.00060
53293     0.00532    -0.00117     0.00023
53324     0.00245    -0.00044    -0.00005
53354    -0.00020     0.00011     0.00017
53385    -0.00247     0.00065     0.00020
53416    -0.00449     0.00126    -0.00010
53444    -0.00549     0.00179    -0.00018
53475    -0.00405     0.00178    -0.00016
53505    -0.00220     0.00156     0.00006
53536     0.00168     0.00122     0.00036
53566     0.00469     0.00011     0.00035
53597     0.00523    -0.00096     0.00034
53628     0.00568    -0.00154     0.00007
53658     0.00513    -0.00141    -0.00034
53689     0.00418    -0.00108    -0.00055
53719     0.00174     0.00021    -0.00058
53750    -0.00040     0.00111    -0.00050
53781    -0.00180     0.00141    -0.00043
53809    -0.00309     0.00155    -0.00031
53840    -0.00281     0.00153     0.00001
53870     0.00004     0.00117     0.00001
53901     0.00303     0.00050     0.00003
53931     0.00743    -0.00056     0.00023
53962     0.00763    -0.00118     0.00054
53993     0.00697    -0.00137     0.00042
54023     0.00615    -0.00097     0.00020
54054     0.00372    -0.00010     0.00025
54084     0.00203     0.00039     0.00023
54115     0.00011     0.00086     0.00025
54146    -0.00223     0.00110     0.00031
54174    -0.00317     0.00134     0.00013
54205    -0.00103     0.00165     0.00024
54235     0.00183     0.00135     0.00050
54266     0.00465     0.00033     0.00062
54296     0.00603    -0.00095     0.00098
54327     0.00649    -0.00188     0.00133
54358     0.00525    -0.00220     0.00098
54388     0.00390    -0.00198     0.00064
54419     0.00151    -0.00137     0.00068
54449    -0.00116    -0.00058     0.00059
54480    -0.00258     0.00016     0.00074
54511    -0.00382     0.00076     0.00072
54540    -0.00478     0.00136     0.00053
54571    -0.00465     0.00132     0.00045
54601    -0.00127     0.00123     0.00039
54632     0.00295     0.00052     0.00026
54662     0.00546    -0.00043     0.00058
54693     0.00621    -0.00132     0.00082
54724     0.00564    -0.00159     0.00065
54754     0.00404    -0.00142     0.00028
54785     0.00173    -0.00137    -0.00003
54815    -0.00070    -0.00047    -0.00019
54846    -0.00233     0.00015    -0.00025
54877    -0.00427     0.00049    -0.00011
54905    -0.00609     0.00088    -0.00022
54936    -0.00454     0.00114    -0.00020
54966    -0.00091     0.00079    -0.00012
54997     0.00174     0.00052     0.00016
55027     0.00342    -0.00026     0.00025
55058     0.00517    -0.00110     0.00054
55089     0.00589    -0.00153     0.00056
55119     0.00436    -0.00126     0.00027
55150     0.00103    -0.00054     0.00023
55180    -0.00156     0.00003     0.00026
55211    -0.00451     0.00043     0.00015
55242    -0.00611     0.00071    -0.00023
55270    -0.00685     0.00082    -0.00003
55301    -0.00561     0.00098     0.00007
55331    -0.00354     0.00093     0.00012
55362    -0.00107     0.00058     0.00005
55392     0.00350    -0.00032     0.00030
55423     0.00286    -0.00152     0.00052
55454     0.00093    -0.00220     0.00036
55484    -0.00105    -0.00224    -0.00007
55515    -0.00337    -0.00163    -0.00023
55545    -0.00649    -0.00087    -0.00050
55576    -0.00838    -0.00004    -0.00042
55607    -0.00849     0.00062    -0.00042
55635    -0.00794     0.00115    -0.00049
55666    -0.00572     0.00152    -0.00042
55696    -0.00171     0.00142    -0.00035
55727     0.00215     0.00044    -0.00025
55757     0.00372    -0.00053     0.00005
55788     0.00347    -0.00147     0.00039
55819     0.00351    -0.00212     0.00044
55849     0.00258    -0.00184     0.00048
55880     0.00169    -0.00131     0.00039
55910    -0.00037    -0.00076     0.00023
55941    -0.00382    -0.00028     0.00023
55972    -0.00502     0.00027     0.00008
56001    -0.00499     0.00053     0.00004
56032    -0.00375     0.00082     0.00005
56062    -0.00124     0.00060     0.00007
56093     0.00165     0.00009     0.00030
56123     0.00334    -0.00104     0.00081
56154     0.00487    -0.00203     0.00096
56185     0.00453    -0.00266     0.00074
56215     0.00294    -0.00223     0.00048
56246     0.00017    -0.00180     0.00016
56276    -0.00275    -0.00122     0.00005
56307    -0.00539    -0.00049    -0.00006
56338    -0.00750     0.00013    -0.00016
56366    -0.00811     0.00058    -0.00028
56397    -0.00746     0.00086    -0.00006
56427    -0.00420     0.00062     0.00016
56458    -0.00249     0.00024     0.00001
56488     0.00189    -0.00066     0.00030
56519     0.00497    -0.00152     0.00052
56550     0.00555    -0.00171     0.00036
56580     0.00461    -0.00149     0.00006
56611     0.00311    -0.00081    -0.00006
56641     0.00187    -0.00015    -0.00002
56672     0.00067     0.00028     0.00023
56703    -0.00042     0.00062     0.00024
56731    -0.00016     0.00119     0.00043
56762     0.00105     0.00142     0.00059
56792     0.00190     0.00138     0.00056
56823     0.00437     0.00106     0.00059
56853     0.00622     0.00008     0.00062
56884     0.00613    -0.00110     0.00067
56915     0.00476    -0.00149     0.00025
56945     0.00308    -0.00130    -0.00007
56976     0.00124    -0.00078    -0.00041
57006    -0.00039    -0.00002    -0.00063
57037    -0.00300     0.00027    -0.00065
57068    -0.00453     0.00085    -0.00082
57096    -0.00441     0.00123    -0.00090
57127    -0.00356     0.00134    -0.00065
57157    -0.00078     0.00137    -0.00046
57188     0.00304     0.00100    -0.00024
57218     0.00615     0.00039     0.00032
57249     0.00728    -0.00071     0.00053
57280     0.00662    -0.00134     0.00034
57310     0.00490    -0.00134    -0.00018
57341     0.00257    -0.00105    -0.00055
57371    -0.00051    -0.00085    -0.00077
57402    -0.00256    -0.00029    -0.00071
57433    -0.00474     0.00034    -0.00078
57462    -0.00575     0.00107    -0.00077
57493    -0.00469     0.00126    -0.00046
57523    -0.00229     0.00105    -0.00042
57554     0.00012     0.00027    -0.00043
