# Hydrology loading displacements computed from the monthly GLDAS NOAH model
# This is a product of the Hydrology loading service: http://lacerta.gsfc.nasa.gov/hydlo/
# Displacements are with respect to the center of mass of the total earth
#
# Created for VieVS on 17.03.2017 at 11:46:08 local time
# OFFSET + TREND REMOVED!!! - Hana 
# mjd up (meters) eastwest (meters) northsouth (meters)
43888     0.00021    -0.00033    -0.00106
43919    -0.00025    -0.00033    -0.00172
43947    -0.00055    -0.00040    -0.00150
43978    -0.00069    -0.00064    -0.00097
44008     0.00016    -0.00077    -0.00000
44039     0.00157    -0.00060     0.00082
44069     0.00272     0.00031     0.00109
44100     0.00333     0.00084     0.00092
44131     0.00329     0.00081     0.00083
44161     0.00244     0.00067     0.00091
44192     0.00144     0.00019     0.00049
44222     0.00078    -0.00032    -0.00011
44253     0.00028    -0.00073    -0.00055
44284    -0.00036    -0.00071    -0.00081
44313    -0.00073    -0.00055    -0.00105
44344    -0.00054    -0.00078    -0.00059
44374     0.00037    -0.00068     0.00026
44405     0.00175    -0.00015     0.00091
44435     0.00293     0.00064     0.00098
44466     0.00353     0.00119     0.00079
44497     0.00314     0.00125     0.00068
44527     0.00229     0.00091     0.00077
44558     0.00146     0.00048     0.00037
44588     0.00093     0.00018    -0.00018
44619     0.00063     0.00002    -0.00055
44650     0.00037    -0.00017    -0.00081
44678     0.00010    -0.00035    -0.00116
44709     0.00009    -0.00042    -0.00093
44739     0.00081    -0.00065    -0.00033
44770     0.00201    -0.00042     0.00080
44800     0.00303     0.00042     0.00098
44831     0.00349     0.00107     0.00081
44862     0.00335     0.00119     0.00072
44892     0.00227     0.00121     0.00059
44923     0.00126     0.00106     0.00037
44953     0.00032     0.00055    -0.00008
44984    -0.00051    -0.00006    -0.00083
45015    -0.00088    -0.00004    -0.00139
45043    -0.00107    -0.00006    -0.00143
45074    -0.00101    -0.00052    -0.00086
45104    -0.00010    -0.00072    -0.00019
45135     0.00131    -0.00085     0.00089
45165     0.00260    -0.00064     0.00150
45196     0.00305     0.00024     0.00114
45227     0.00249     0.00059     0.00108
45257     0.00176     0.00044     0.00074
45288     0.00064     0.00049     0.00011
45318    -0.00056     0.00016    -0.00053
45349    -0.00140    -0.00008    -0.00097
45380    -0.00205    -0.00039    -0.00139
45408    -0.00244    -0.00034    -0.00114
45439    -0.00205    -0.00062    -0.00041
45469    -0.00117    -0.00038     0.00041
45500     0.00057    -0.00013     0.00125
45530     0.00189     0.00075     0.00170
45561     0.00259     0.00159     0.00149
45592     0.00242     0.00210     0.00136
45622     0.00124     0.00204     0.00134
45653     0.00028     0.00156     0.00113
45683    -0.00069     0.00086     0.00036
45714    -0.00104     0.00074    -0.00034
45745    -0.00151     0.00046    -0.00046
45774    -0.00174     0.00019    -0.00038
45805    -0.00114    -0.00047    -0.00016
45835    -0.00026    -0.00049     0.00064
45866     0.00084    -0.00014     0.00135
45896     0.00192     0.00061     0.00186
45927     0.00251     0.00116     0.00191
45958     0.00239     0.00132     0.00177
45988     0.00167     0.00108     0.00143
46019     0.00062     0.00048     0.00104
46049    -0.00033     0.00006     0.00047
46080    -0.00102    -0.00074    -0.00016
46111    -0.00129    -0.00089    -0.00097
46139    -0.00198    -0.00074    -0.00090
46170    -0.00165    -0.00094    -0.00046
46200    -0.00077    -0.00095     0.00007
46231     0.00085    -0.00056     0.00094
46261     0.00232    -0.00005     0.00105
46292     0.00280     0.00039     0.00085
46323     0.00222     0.00078     0.00094
46353     0.00114     0.00080     0.00102
46384     0.00022     0.00046     0.00068
46414    -0.00056    -0.00009    -0.00000
46445    -0.00110    -0.00031    -0.00074
46476    -0.00163    -0.00054    -0.00117
46504    -0.00185    -0.00082    -0.00137
46535    -0.00170    -0.00091    -0.00085
46565    -0.00094    -0.00104     0.00009
46596     0.00076    -0.00114     0.00109
46626     0.00202    -0.00010     0.00145
46657     0.00234     0.00065     0.00141
46688     0.00201     0.00051     0.00135
46718     0.00137     0.00021     0.00115
46749     0.00067     0.00003     0.00063
46779    -0.00039    -0.00038     0.00014
46810    -0.00118    -0.00063    -0.00024
46841    -0.00178    -0.00070    -0.00051
46869    -0.00223    -0.00071    -0.00076
46900    -0.00189    -0.00105    -0.00044
46930    -0.00106    -0.00108     0.00041
46961     0.00047    -0.00081     0.00083
46991     0.00164    -0.00030     0.00149
47022     0.00216     0.00032     0.00139
47053     0.00205     0.00073     0.00105
47083     0.00138     0.00072     0.00083
47114     0.00049     0.00061     0.00068
47144    -0.00030     0.00005     0.00026
47175    -0.00108    -0.00037    -0.00036
47206    -0.00156    -0.00064    -0.00087
47235    -0.00169    -0.00072    -0.00119
47266    -0.00143    -0.00074    -0.00061
47296    -0.00053    -0.00049    -0.00009
47327     0.00098    -0.00023     0.00074
47357     0.00219     0.00042     0.00085
47388     0.00271     0.00112     0.00042
47419     0.00237     0.00144     0.00019
47449     0.00157     0.00128     0.00030
47480     0.00051     0.00070     0.00011
47510    -0.00040     0.00016    -0.00032
47541    -0.00122    -0.00017    -0.00089
47572    -0.00180    -0.00035    -0.00129
47600    -0.00231    -0.00028    -0.00124
47631    -0.00182    -0.00024    -0.00085
47661    -0.00079    -0.00036    -0.00017
47692     0.00062    -0.00016     0.00088
47722     0.00214     0.00035     0.00117
47753     0.00263     0.00065     0.00109
47784     0.00221     0.00081     0.00100
47814     0.00138     0.00080     0.00074
47845     0.00025     0.00050     0.00053
47875    -0.00044    -0.00016    -0.00033
47906    -0.00126    -0.00057    -0.00096
47937    -0.00202    -0.00073    -0.00148
47965    -0.00277    -0.00067    -0.00123
47996    -0.00198    -0.00058    -0.00072
48026    -0.00072    -0.00066    -0.00007
48057     0.00070    -0.00017     0.00071
48087     0.00194     0.00038     0.00098
48118     0.00248     0.00073     0.00109
48149     0.00197     0.00081     0.00109
48179     0.00103     0.00082     0.00089
48210    -0.00012     0.00055     0.00048
48240    -0.00134     0.00005    -0.00013
48271    -0.00204    -0.00013    -0.00066
48302    -0.00227     0.00005    -0.00096
48330    -0.00285    -0.00027    -0.00137
48361    -0.00270    -0.00071    -0.00098
48391    -0.00165    -0.00106    -0.00041
48422     0.00017    -0.00057     0.00031
48452     0.00150    -0.00007     0.00088
48483     0.00218     0.00064     0.00083
48514     0.00173     0.00084     0.00100
48544     0.00076     0.00070     0.00094
48575    -0.00031     0.00055     0.00070
48605    -0.00154     0.00038     0.00027
48636    -0.00242    -0.00001    -0.00024
48667    -0.00306    -0.00032    -0.00052
48696    -0.00363    -0.00056    -0.00037
48727    -0.00331    -0.00088    -0.00016
48757    -0.00213    -0.00083     0.00061
48788    -0.00039    -0.00074     0.00136
48818     0.00083    -0.00024     0.00162
48849     0.00147     0.00036     0.00142
48880     0.00125     0.00044     0.00123
48910     0.00057     0.00060     0.00103
48941    -0.00063     0.00020     0.00051
48971    -0.00153    -0.00039     0.00033
49002    -0.00233    -0.00055    -0.00007
49033    -0.00277    -0.00042    -0.00057
49061    -0.00313    -0.00050    -0.00079
49092    -0.00283    -0.00074    -0.00058
49122    -0.00167    -0.00061    -0.00018
49153     0.00000    -0.00033     0.00047
49183     0.00105     0.00024     0.00074
49214     0.00154     0.00091     0.00056
49245     0.00104     0.00105     0.00044
49275     0.00017     0.00087     0.00041
49306    -0.00085     0.00044     0.00023
49336    -0.00182     0.00004    -0.00011
49367    -0.00246    -0.00058    -0.00079
49398    -0.00274    -0.00083    -0.00124
49426    -0.00298    -0.00067    -0.00121
49457    -0.00276    -0.00089    -0.00083
49487    -0.00174    -0.00105    -0.00033
49518    -0.00048    -0.00083     0.00023
49548     0.00030    -0.00007     0.00029
49579     0.00103     0.00044    -0.00001
49610     0.00072     0.00065    -0.00020
49640     0.00000     0.00026    -0.00033
49671    -0.00112    -0.00018    -0.00079
49701    -0.00232    -0.00031    -0.00128
49732    -0.00314    -0.00031    -0.00169
49763    -0.00360    -0.00012    -0.00207
49791    -0.00383    -0.00016    -0.00220
49822    -0.00337    -0.00061    -0.00175
49852    -0.00239    -0.00081    -0.00104
49883    -0.00117    -0.00056    -0.00023
49913    -0.00000     0.00019     0.00006
49944     0.00056     0.00097    -0.00033
49975     0.00027     0.00128    -0.00045
50005    -0.00021     0.00104    -0.00059
50036    -0.00109     0.00060    -0.00085
50066    -0.00151    -0.00008    -0.00132
50097    -0.00195    -0.00042    -0.00212
50128    -0.00249    -0.00051    -0.00276
50157    -0.00274    -0.00038    -0.00300
50188    -0.00251    -0.00053    -0.00258
50218    -0.00168    -0.00093    -0.00126
50249    -0.00029    -0.00110    -0.00001
50279     0.00081    -0.00134     0.00120
50310     0.00162    -0.00141     0.00197
50341     0.00189    -0.00156     0.00207
50371     0.00165    -0.00155     0.00175
50402     0.00089    -0.00160     0.00119
50432     0.00013    -0.00153     0.00039
50463    -0.00056    -0.00145    -0.00049
50494    -0.00129    -0.00121    -0.00130
50522    -0.00176    -0.00114    -0.00197
50553    -0.00119    -0.00113    -0.00219
50583    -0.00050    -0.00109    -0.00192
50614     0.00016    -0.00087    -0.00100
50644     0.00064    -0.00009    -0.00044
50675     0.00060     0.00062    -0.00010
50706    -0.00006     0.00093    -0.00020
50736    -0.00076     0.00094    -0.00094
50767    -0.00166     0.00074    -0.00184
50797    -0.00229     0.00047    -0.00270
50828    -0.00310     0.00034    -0.00318
50859    -0.00385     0.00021    -0.00322
50887    -0.00443     0.00012    -0.00321
50918    -0.00421    -0.00011    -0.00268
50948    -0.00355    -0.00020    -0.00151
50979    -0.00229     0.00005    -0.00053
51009    -0.00109     0.00101    -0.00043
51040    -0.00022     0.00158    -0.00065
51071    -0.00029     0.00177    -0.00088
51101    -0.00113     0.00157    -0.00113
51132    -0.00207     0.00105    -0.00126
51162    -0.00266     0.00053    -0.00159
51193    -0.00314     0.00007    -0.00201
51224    -0.00344    -0.00019    -0.00222
51252    -0.00333    -0.00031    -0.00219
51283    -0.00281    -0.00053    -0.00159
51313    -0.00220    -0.00053    -0.00080
51344    -0.00129    -0.00016     0.00016
51374    -0.00027     0.00014     0.00056
51405     0.00029     0.00071     0.00029
51436     0.00022     0.00082     0.00018
51466    -0.00015     0.00078    -0.00004
51497    -0.00048     0.00063    -0.00026
51527    -0.00086     0.00012    -0.00057
51558    -0.00080    -0.00081    -0.00122
51589    -0.00099    -0.00119    -0.00155
51618    -0.00106    -0.00112    -0.00167
51649    -0.00092    -0.00123    -0.00166
51679    -0.00038    -0.00066    -0.00124
51710     0.00005    -0.00017    -0.00036
51740     0.00077     0.00013     0.00029
51771     0.00106     0.00057     0.00052
51802     0.00067     0.00055     0.00054
51832     0.00007     0.00055     0.00024
51863    -0.00054     0.00014    -0.00005
51893    -0.00071    -0.00022    -0.00051
51924    -0.00138    -0.00054    -0.00069
51955    -0.00210    -0.00035    -0.00068
51983    -0.00245    -0.00047    -0.00075
52014    -0.00229    -0.00059    -0.00061
52044    -0.00169    -0.00043     0.00019
52075    -0.00070    -0.00008     0.00079
52105     0.00018     0.00050     0.00133
52136     0.00064     0.00123     0.00146
52167     0.00044     0.00126     0.00147
52197    -0.00003     0.00130     0.00122
52228    -0.00044     0.00119     0.00071
52258    -0.00090     0.00055     0.00031
52289    -0.00114     0.00003    -0.00021
52320    -0.00145    -0.00017    -0.00037
52348    -0.00169    -0.00021    -0.00043
52379    -0.00165    -0.00068    -0.00019
52409    -0.00126    -0.00063     0.00061
52440    -0.00024    -0.00046     0.00156
52470     0.00080     0.00023     0.00197
52501     0.00138     0.00086     0.00188
52532     0.00112     0.00108     0.00166
52562     0.00030     0.00092     0.00117
52593    -0.00019     0.00045     0.00055
52623    -0.00059     0.00006     0.00022
52654    -0.00071    -0.00034    -0.00021
52685    -0.00096    -0.00061    -0.00041
52713    -0.00104    -0.00080    -0.00031
52744    -0.00078    -0.00104    -0.00012
52774    -0.00047    -0.00106     0.00060
52805     0.00031    -0.00098     0.00136
52835     0.00141    -0.00010     0.00159
52866     0.00201     0.00059     0.00144
52897     0.00177     0.00103     0.00113
52927     0.00105     0.00098     0.00100
52958     0.00017     0.00054     0.00064
52988    -0.00026     0.00015     0.00028
53019    -0.00032    -0.00037    -0.00014
53050    -0.00023    -0.00067    -0.00048
53079    -0.00036    -0.00085    -0.00058
53110    -0.00002    -0.00103    -0.00065
53140     0.00027    -0.00103    -0.00003
53171     0.00080    -0.00058     0.00073
53201     0.00190    -0.00007     0.00107
53232     0.00243     0.00062     0.00091
53263     0.00193     0.00105     0.00077
53293     0.00100     0.00087     0.00062
53324     0.00031     0.00030     0.00027
53354     0.00002    -0.00014    -0.00038
53385    -0.00037    -0.00048    -0.00074
53416    -0.00077    -0.00090    -0.00092
53444    -0.00093    -0.00124    -0.00106
53475    -0.00082    -0.00129    -0.00072
53505    -0.00018    -0.00119    -0.00038
53536     0.00065    -0.00091     0.00046
53566     0.00167     0.00001     0.00100
53597     0.00209     0.00088     0.00107
53628     0.00168     0.00128     0.00106
53658     0.00098     0.00113     0.00106
53689     0.00038     0.00087     0.00096
53719     0.00004    -0.00016     0.00069
53750    -0.00006    -0.00081     0.00034
53781    -0.00017    -0.00106    -0.00003
53809    -0.00022    -0.00124    -0.00036
53840     0.00008    -0.00132    -0.00028
53870     0.00044    -0.00106     0.00026
53901     0.00114    -0.00050     0.00100
53931     0.00203     0.00033     0.00163
53962     0.00244     0.00083     0.00147
53993     0.00212     0.00102     0.00124
54023     0.00146     0.00059     0.00113
54054     0.00095    -0.00008     0.00056
54084     0.00057    -0.00050     0.00017
54115     0.00028    -0.00080    -0.00004
54146     0.00013    -0.00086    -0.00041
54174    -0.00007    -0.00103    -0.00036
54205     0.00008    -0.00134    -0.00002
54235     0.00052    -0.00118     0.00033
54266     0.00127    -0.00058     0.00094
54296     0.00210     0.00038     0.00109
54327     0.00270     0.00098     0.00073
54358     0.00237     0.00131     0.00037
54388     0.00152     0.00117     0.00038
54419     0.00117     0.00073    -0.00002
54449     0.00068     0.00011    -0.00042
54480     0.00044    -0.00050    -0.00080
54511     0.00007    -0.00077    -0.00095
54540    -0.00030    -0.00115    -0.00097
54571    -0.00039    -0.00117    -0.00082
54601     0.00006    -0.00109    -0.00010
54632     0.00089    -0.00062     0.00054
54662     0.00182     0.00007     0.00080
54693     0.00231     0.00078     0.00053
54724     0.00204     0.00103     0.00023
54754     0.00140     0.00101     0.00003
54785     0.00075     0.00102    -0.00025
54815     0.00026     0.00028    -0.00050
54846    -0.00013    -0.00012    -0.00078
54877    -0.00024    -0.00035    -0.00121
54905    -0.00066    -0.00058    -0.00132
54936    -0.00073    -0.00079    -0.00109
54966    -0.00020    -0.00067    -0.00047
54997     0.00083    -0.00039     0.00038
55027     0.00194     0.00027     0.00067
55058     0.00245     0.00084     0.00052
55089     0.00233     0.00114     0.00034
55119     0.00161     0.00106     0.00021
55150     0.00098     0.00047    -0.00041
55180     0.00063    -0.00006    -0.00087
55211     0.00038    -0.00024    -0.00140
55242    -0.00017    -0.00029    -0.00148
55270    -0.00020    -0.00035    -0.00164
55301    -0.00005    -0.00046    -0.00129
55331     0.00037    -0.00039    -0.00078
55362     0.00111    -0.00006    -0.00010
55392     0.00211     0.00056     0.00045
55423     0.00269     0.00133     0.00033
55454     0.00229     0.00195     0.00001
55484     0.00153     0.00209    -0.00015
55515     0.00076     0.00160    -0.00041
55545     0.00001     0.00106    -0.00087
55576    -0.00047     0.00047    -0.00116
55607    -0.00087     0.00017    -0.00129
55635    -0.00113    -0.00014    -0.00127
55666    -0.00117    -0.00041    -0.00082
55696    -0.00057    -0.00042    -0.00024
55727     0.00049     0.00016     0.00050
55757     0.00143     0.00090     0.00101
55788     0.00188     0.00156     0.00101
55819     0.00174     0.00190     0.00073
55849     0.00150     0.00159     0.00034
55880     0.00104     0.00109     0.00005
55910     0.00049     0.00061    -0.00012
55941     0.00015     0.00021    -0.00047
55972    -0.00015    -0.00006    -0.00053
56001    -0.00031    -0.00006    -0.00030
56032    -0.00027    -0.00031    -0.00010
56062     0.00014    -0.00031     0.00024
56093     0.00108     0.00001     0.00093
56123     0.00215     0.00070     0.00111
56154     0.00262     0.00144     0.00082
56185     0.00222     0.00198     0.00040
56215     0.00144     0.00158     0.00025
56246     0.00086     0.00131    -0.00033
56276     0.00036     0.00082    -0.00073
56307    -0.00012     0.00027    -0.00094
56338    -0.00048    -0.00011    -0.00112
56366    -0.00070    -0.00036    -0.00102
56397    -0.00045    -0.00060    -0.00091
56427     0.00024    -0.00060    -0.00026
56458     0.00090    -0.00036     0.00057
56488     0.00177     0.00039     0.00105
56519     0.00218     0.00101     0.00108
56550     0.00180     0.00118     0.00117
56580     0.00098     0.00102     0.00112
56611     0.00035     0.00034     0.00105
56641    -0.00005    -0.00018     0.00083
56672    -0.00030    -0.00061     0.00054
56703    -0.00048    -0.00095     0.00039
56731    -0.00054    -0.00144     0.00040
56762    -0.00035    -0.00154     0.00070
56792     0.00027    -0.00153     0.00089
56823     0.00072    -0.00125     0.00150
56853     0.00146    -0.00054     0.00178
56884     0.00209     0.00031     0.00143
56915     0.00170     0.00075     0.00106
56945     0.00100     0.00063     0.00070
56976     0.00025     0.00019     0.00043
57006    -0.00033    -0.00039     0.00029
57037    -0.00080    -0.00046     0.00001
57068    -0.00132    -0.00082    -0.00020
57096    -0.00158    -0.00110    -0.00023
57127    -0.00140    -0.00119    -0.00013
57157    -0.00080    -0.00131     0.00044
57188     0.00024    -0.00108     0.00108
57218     0.00128    -0.00062     0.00142
57249     0.00159     0.00024     0.00123
57280     0.00093     0.00072     0.00108
57310    -0.00010     0.00078     0.00094
57341    -0.00091     0.00073     0.00047
57371    -0.00168     0.00072    -0.00000
57402    -0.00194     0.00031    -0.00045
57433    -0.00223    -0.00015    -0.00059
57462    -0.00234    -0.00070    -0.00072
57493    -0.00204    -0.00096    -0.00070
57523    -0.00123    -0.00084    -0.00041
57554    -0.00007    -0.00043     0.00017
