# Hydrology loading displacements computed from the monthly GLDAS NOAH model
# This is a product of the Hydrology loading service: http://lacerta.gsfc.nasa.gov/hydlo/
# Displacements are with respect to the center of mass of the total earth
#
# Created for VieVS on 17.03.2017 at 11:46:08 local time
# OFFSET + TREND REMOVED!!! - Hana 
# mjd up (meters) eastwest (meters) northsouth (meters)
43888     0.00097     0.00040    -0.00101
43919     0.00042     0.00068    -0.00162
43947     0.00022     0.00044    -0.00161
43978     0.00015    -0.00000    -0.00141
44008     0.00048    -0.00045    -0.00041
44039     0.00161    -0.00055     0.00065
44069     0.00056    -0.00029     0.00191
44100     0.00038     0.00008     0.00232
44131     0.00007    -0.00000     0.00220
44161    -0.00073    -0.00022     0.00199
44192    -0.00011    -0.00010     0.00106
44222     0.00032     0.00017     0.00016
44253     0.00059     0.00019    -0.00060
44284     0.00052     0.00029    -0.00098
44313     0.00009     0.00042    -0.00120
44344    -0.00018     0.00004    -0.00086
44374     0.00025    -0.00023     0.00013
44405     0.00046    -0.00039     0.00122
44435    -0.00003     0.00004     0.00222
44466    -0.00025     0.00044     0.00259
44497    -0.00049     0.00036     0.00234
44527    -0.00053    -0.00002     0.00186
44558    -0.00021    -0.00003     0.00100
44588    -0.00005     0.00012     0.00025
44619     0.00056     0.00042    -0.00016
44650     0.00094     0.00056    -0.00058
44678     0.00047     0.00064    -0.00101
44709     0.00016     0.00047    -0.00088
44739     0.00077     0.00014    -0.00033
44770     0.00139    -0.00043     0.00086
44800     0.00023    -0.00028     0.00196
44831     0.00006     0.00031     0.00247
44862    -0.00037     0.00034     0.00246
44892    -0.00111     0.00009     0.00191
44923    -0.00099    -0.00002     0.00123
44953    -0.00018    -0.00002     0.00017
44984     0.00018     0.00014    -0.00101
45015     0.00014     0.00037    -0.00159
45043    -0.00023     0.00037    -0.00163
45074     0.00009     0.00004    -0.00132
45104     0.00085    -0.00005    -0.00055
45135     0.00174    -0.00056     0.00055
45165     0.00215    -0.00062     0.00158
45196     0.00072    -0.00014     0.00211
45227    -0.00026    -0.00005     0.00221
45257     0.00017     0.00010     0.00154
45288    -0.00012     0.00027     0.00067
45318    -0.00016     0.00021    -0.00050
45349    -0.00011     0.00018    -0.00133
45380    -0.00022     0.00014    -0.00205
45408    -0.00079    -0.00022    -0.00201
45439    -0.00065    -0.00071    -0.00150
45469    -0.00012    -0.00091    -0.00046
45500     0.00060    -0.00096     0.00082
45530    -0.00043    -0.00086     0.00232
45561    -0.00059    -0.00008     0.00299
45592    -0.00118     0.00006     0.00309
45622    -0.00194    -0.00024     0.00258
45653    -0.00120    -0.00045     0.00168
45683    -0.00044    -0.00045     0.00027
45714    -0.00025    -0.00008    -0.00047
45745    -0.00054    -0.00019    -0.00080
45774    -0.00096    -0.00041    -0.00085
45805    -0.00005    -0.00054    -0.00089
45835     0.00082    -0.00079    -0.00009
45866     0.00068    -0.00104     0.00093
45896    -0.00012    -0.00105     0.00223
45927     0.00035    -0.00059     0.00277
45958     0.00018    -0.00051     0.00271
45988     0.00003    -0.00054     0.00203
46019     0.00022    -0.00073     0.00104
46049     0.00003    -0.00072     0.00007
46080     0.00049    -0.00067    -0.00102
46111     0.00013    -0.00020    -0.00170
46139    -0.00094    -0.00034    -0.00172
46170    -0.00035    -0.00029    -0.00128
46200     0.00059    -0.00039    -0.00066
46231     0.00046    -0.00076     0.00059
46261     0.00029    -0.00040     0.00159
46292     0.00110     0.00013     0.00175
46323     0.00054     0.00008     0.00182
46353    -0.00054    -0.00031     0.00160
46384    -0.00050    -0.00045     0.00079
46414    -0.00004    -0.00030    -0.00028
46445     0.00029     0.00019    -0.00110
46476     0.00040     0.00024    -0.00177
46504     0.00013     0.00023    -0.00207
46535    -0.00010     0.00006    -0.00158
46565     0.00035    -0.00040    -0.00070
46596     0.00131    -0.00084     0.00041
46626     0.00042    -0.00071     0.00175
46657     0.00040    -0.00004     0.00236
46688     0.00048    -0.00006     0.00210
46718     0.00105    -0.00008     0.00145
46749     0.00093     0.00000     0.00068
46779     0.00077    -0.00003    -0.00029
46810     0.00057    -0.00001    -0.00096
46841     0.00064     0.00005    -0.00145
46869     0.00014    -0.00001    -0.00183
46900     0.00060    -0.00017    -0.00165
46930     0.00099    -0.00053    -0.00076
46961     0.00147    -0.00054     0.00010
46991     0.00121    -0.00069     0.00131
47022     0.00084    -0.00035     0.00189
47053    -0.00009    -0.00003     0.00197
47083    -0.00054     0.00008     0.00161
47114    -0.00067    -0.00009     0.00105
47144    -0.00017    -0.00015     0.00009
47175     0.00014    -0.00001    -0.00088
47206     0.00036     0.00023    -0.00154
47235     0.00014     0.00050    -0.00177
47266     0.00005     0.00027    -0.00119
47296     0.00017     0.00015    -0.00038
47327     0.00045    -0.00011     0.00090
47357    -0.00001     0.00012     0.00182
47388    -0.00050     0.00072     0.00208
47419    -0.00134     0.00080     0.00200
47449    -0.00101     0.00060     0.00159
47480    -0.00006     0.00044     0.00067
47510     0.00036     0.00040    -0.00030
47541     0.00028     0.00052    -0.00120
47572    -0.00030     0.00057    -0.00174
47600    -0.00083     0.00047    -0.00181
47631    -0.00051     0.00049    -0.00127
47661    -0.00034     0.00020    -0.00040
47692     0.00022    -0.00032     0.00082
47722     0.00003    -0.00014     0.00195
47753     0.00016     0.00035     0.00235
47784    -0.00064     0.00026     0.00229
47814    -0.00054     0.00040     0.00174
47845    -0.00052     0.00019     0.00090
47875     0.00037     0.00056    -0.00031
47906     0.00063     0.00075    -0.00131
47937    -0.00012     0.00078    -0.00201
47965    -0.00042     0.00055    -0.00209
47996    -0.00033     0.00034    -0.00144
48026     0.00035     0.00003    -0.00063
48057     0.00077    -0.00031     0.00049
48087     0.00050    -0.00018     0.00153
48118     0.00073     0.00013     0.00204
48149    -0.00008     0.00010     0.00203
48179    -0.00116    -0.00012     0.00157
48210    -0.00132    -0.00019     0.00066
48240    -0.00111    -0.00009    -0.00046
48271    -0.00085     0.00010    -0.00123
48302    -0.00097     0.00040    -0.00141
48330    -0.00123     0.00049    -0.00202
48361    -0.00088     0.00027    -0.00186
48391     0.00037    -0.00003    -0.00136
48422     0.00059    -0.00020    -0.00001
48452     0.00002    -0.00034     0.00128
48483    -0.00012     0.00017     0.00196
48514    -0.00105    -0.00005     0.00204
48544    -0.00162    -0.00024     0.00162
48575    -0.00108    -0.00032     0.00082
48605    -0.00077    -0.00033    -0.00013
48636    -0.00065    -0.00033    -0.00111
48667    -0.00054    -0.00041    -0.00177
48696    -0.00101    -0.00078    -0.00203
48727    -0.00092    -0.00090    -0.00189
48757    -0.00036    -0.00106    -0.00083
48788     0.00030    -0.00123     0.00033
48818    -0.00007    -0.00112     0.00128
48849     0.00017    -0.00055     0.00174
48880     0.00065    -0.00032     0.00151
48910    -0.00079    -0.00039     0.00124
48941    -0.00063    -0.00037     0.00018
48971    -0.00019    -0.00043    -0.00051
49002    -0.00013    -0.00025    -0.00114
49033    -0.00019     0.00012    -0.00158
49061    -0.00026     0.00017    -0.00197
49092     0.00044     0.00002    -0.00196
49122     0.00042    -0.00016    -0.00117
49153     0.00071    -0.00036    -0.00004
49183    -0.00062    -0.00055     0.00091
49214    -0.00099    -0.00013     0.00139
49245    -0.00130     0.00004     0.00130
49275    -0.00110     0.00001     0.00084
49306    -0.00099    -0.00016     0.00008
49336    -0.00088    -0.00020    -0.00073
49367    -0.00021     0.00005    -0.00180
49398    -0.00028     0.00023    -0.00234
49426    -0.00062     0.00020    -0.00234
49457    -0.00019    -0.00004    -0.00212
49487     0.00017    -0.00029    -0.00149
49518     0.00059    -0.00045    -0.00064
49548     0.00009    -0.00016     0.00017
49579    -0.00003     0.00042     0.00060
49610    -0.00114     0.00052     0.00064
49640    -0.00121     0.00025     0.00008
49671    -0.00047     0.00032    -0.00099
49701    -0.00064     0.00036    -0.00191
49732    -0.00096     0.00045    -0.00252
49763    -0.00107     0.00068    -0.00291
49791    -0.00120     0.00078    -0.00308
49822    -0.00110     0.00042    -0.00274
49852    -0.00089    -0.00005    -0.00198
49883    -0.00062    -0.00038    -0.00088
49913    -0.00128    -0.00025     0.00025
49944    -0.00100     0.00050     0.00056
49975    -0.00148     0.00072     0.00061
50005    -0.00143     0.00056     0.00007
50036    -0.00138     0.00033    -0.00075
50066    -0.00047     0.00034    -0.00167
50097    -0.00007     0.00066    -0.00262
50128     0.00000     0.00094    -0.00334
50157    -0.00025     0.00112    -0.00353
50188     0.00003     0.00104    -0.00313
50218     0.00110     0.00043    -0.00208
50249     0.00282     0.00022    -0.00074
50279     0.00375    -0.00019     0.00050
50310     0.00470    -0.00028     0.00133
50341     0.00496    -0.00026     0.00146
50371     0.00475    -0.00013     0.00113
50402     0.00444     0.00002     0.00040
50432     0.00387     0.00027    -0.00044
50463     0.00338     0.00060    -0.00132
50494     0.00268     0.00087    -0.00216
50522     0.00188     0.00109    -0.00283
50553     0.00168     0.00132    -0.00271
50583     0.00141     0.00115    -0.00218
50614     0.00127     0.00058    -0.00120
50644     0.00062     0.00039    -0.00025
50675     0.00023     0.00052     0.00046
50706    -0.00080     0.00047     0.00044
50736    -0.00065     0.00072    -0.00049
50767    -0.00117     0.00099    -0.00157
50797    -0.00080     0.00142    -0.00265
50828    -0.00107     0.00149    -0.00334
50859    -0.00118     0.00126    -0.00376
50887    -0.00157     0.00102    -0.00410
50918    -0.00178     0.00060    -0.00368
50948    -0.00145     0.00000    -0.00258
50979    -0.00140    -0.00049    -0.00135
51009    -0.00169    -0.00008    -0.00034
51040    -0.00250     0.00045     0.00038
51071    -0.00280     0.00080     0.00039
51101    -0.00288     0.00065    -0.00029
51132    -0.00193     0.00040    -0.00118
51162    -0.00161     0.00030    -0.00196
51193    -0.00089     0.00034    -0.00277
51224    -0.00040     0.00042    -0.00318
51252    -0.00064     0.00045    -0.00309
51283    -0.00100     0.00011    -0.00249
51313    -0.00049    -0.00024    -0.00175
51344    -0.00032    -0.00064    -0.00061
51374    -0.00099    -0.00065     0.00036
51405    -0.00095     0.00004     0.00077
51436    -0.00119     0.00017     0.00082
51466    -0.00073     0.00036     0.00041
51497    -0.00111     0.00028     0.00005
51527    -0.00008     0.00034    -0.00067
51558     0.00078     0.00064    -0.00148
51589     0.00101     0.00077    -0.00189
51618     0.00081     0.00081    -0.00190
51649     0.00064     0.00082    -0.00192
51679     0.00013     0.00081    -0.00112
51710    -0.00019     0.00031    -0.00027
51740    -0.00026     0.00007     0.00065
51771    -0.00041     0.00016     0.00124
51802    -0.00081     0.00017     0.00120
51832    -0.00107     0.00026     0.00072
51863    -0.00078     0.00019     0.00007
51893     0.00031     0.00057    -0.00054
51924    -0.00012     0.00030    -0.00105
51955    -0.00091     0.00007    -0.00117
51983    -0.00087     0.00002    -0.00141
52014     0.00018     0.00024    -0.00139
52044     0.00067    -0.00007    -0.00061
52075     0.00034    -0.00032     0.00029
52105     0.00045    -0.00026     0.00137
52136    -0.00005     0.00003     0.00208
52167    -0.00106    -0.00008     0.00214
52197    -0.00123    -0.00001     0.00179
52228    -0.00094     0.00022     0.00116
52258    -0.00024     0.00012     0.00031
52289    -0.00005     0.00021    -0.00036
52320    -0.00008     0.00017    -0.00073
52348     0.00037     0.00015    -0.00104
52379     0.00051    -0.00016    -0.00110
52409     0.00074    -0.00063    -0.00046
52440     0.00129    -0.00097     0.00061
52470    -0.00034    -0.00106     0.00185
52501    -0.00024    -0.00057     0.00235
52532    -0.00048    -0.00028     0.00226
52562    -0.00093    -0.00021     0.00156
52593    -0.00016    -0.00007     0.00059
52623    -0.00009    -0.00013    -0.00004
52654     0.00008    -0.00007    -0.00061
52685     0.00005    -0.00011    -0.00093
52713     0.00000    -0.00030    -0.00096
52744     0.00053    -0.00033    -0.00089
52774     0.00131    -0.00067    -0.00047
52805     0.00132    -0.00104     0.00036
52835     0.00028    -0.00081     0.00154
52866    -0.00059    -0.00035     0.00220
52897    -0.00063    -0.00003     0.00210
52927    -0.00076    -0.00011     0.00167
52958    -0.00101    -0.00025     0.00088
52988    -0.00068    -0.00024     0.00024
53019     0.00042    -0.00012    -0.00043
53050     0.00075    -0.00003    -0.00079
53079     0.00093    -0.00005    -0.00101
53110     0.00103     0.00011    -0.00106
53140     0.00073    -0.00035    -0.00055
53171     0.00042    -0.00066     0.00038
53201     0.00049    -0.00058     0.00129
53232     0.00004    -0.00014     0.00178
53263    -0.00097    -0.00016     0.00176
53293    -0.00167    -0.00023     0.00138
53324    -0.00069    -0.00025     0.00047
53354     0.00015     0.00012    -0.00035
53385     0.00037     0.00017    -0.00089
53416     0.00027    -0.00008    -0.00135
53444     0.00011    -0.00021    -0.00167
53475     0.00046    -0.00036    -0.00150
53505     0.00131    -0.00032    -0.00114
53536     0.00154    -0.00058    -0.00011
53566    -0.00007    -0.00064     0.00128
53597    -0.00083    -0.00033     0.00203
53628    -0.00109    -0.00015     0.00212
53658    -0.00092    -0.00031     0.00170
53689    -0.00070    -0.00047     0.00122
53719     0.00014    -0.00073     0.00035
53750     0.00054    -0.00081    -0.00024
53781     0.00044    -0.00068    -0.00066
53809     0.00077    -0.00042    -0.00108
53840     0.00121    -0.00032    -0.00097
53870     0.00115    -0.00053    -0.00035
53901     0.00064    -0.00074     0.00076
53931    -0.00037    -0.00078     0.00216
53962    -0.00011    -0.00017     0.00251
53993    -0.00057    -0.00005     0.00236
54023    -0.00055    -0.00022     0.00184
54054     0.00017    -0.00012     0.00084
54084     0.00030    -0.00014     0.00016
54115     0.00060    -0.00020    -0.00030
54146     0.00114     0.00004    -0.00075
54174     0.00123    -0.00019    -0.00096
54205     0.00150    -0.00043    -0.00083
54235     0.00163    -0.00046    -0.00035
54266     0.00123    -0.00056     0.00071
54296    -0.00008    -0.00032     0.00177
54327     0.00029     0.00042     0.00206
54358    -0.00065     0.00065     0.00192
54388    -0.00058     0.00048     0.00154
54419    -0.00008     0.00069     0.00094
54449     0.00057     0.00066     0.00011
54480     0.00098     0.00062    -0.00060
54511     0.00125     0.00046    -0.00111
54540     0.00139     0.00017    -0.00157
54571     0.00086     0.00004    -0.00149
54601     0.00106    -0.00029    -0.00079
54632     0.00054    -0.00054     0.00021
54662     0.00039    -0.00031     0.00117
54693    -0.00004     0.00027     0.00164
54724    -0.00095     0.00035     0.00147
54754    -0.00073     0.00036     0.00098
54785    -0.00074     0.00038     0.00050
54815    -0.00044     0.00021    -0.00022
54846     0.00010     0.00021    -0.00079
54877     0.00023     0.00048    -0.00120
54905     0.00013     0.00038    -0.00159
54936     0.00071     0.00023    -0.00165
54966     0.00063    -0.00013    -0.00101
54997     0.00062    -0.00045     0.00011
55027    -0.00039    -0.00043     0.00124
55058    -0.00072     0.00002     0.00170
55089    -0.00014     0.00044     0.00168
55119    -0.00072     0.00026     0.00127
55150    -0.00064     0.00034     0.00030
55180    -0.00007     0.00042    -0.00049
55211     0.00037     0.00064    -0.00106
55242     0.00014     0.00043    -0.00140
55270    -0.00002     0.00056    -0.00159
55301     0.00013     0.00036    -0.00136
55331     0.00043     0.00012    -0.00086
55362     0.00041    -0.00016     0.00001
55392    -0.00032    -0.00014     0.00127
55423     0.00002     0.00055     0.00189
55454    -0.00068     0.00086     0.00181
55484    -0.00192     0.00069     0.00152
55515    -0.00154     0.00058     0.00075
55545    -0.00127     0.00053    -0.00013
55576    -0.00062     0.00043    -0.00080
55607    -0.00033     0.00036    -0.00120
55635     0.00000     0.00024    -0.00156
55666     0.00090    -0.00001    -0.00154
55696     0.00054    -0.00042    -0.00088
55727    -0.00001    -0.00056     0.00040
55757    -0.00011    -0.00046     0.00152
55788    -0.00073    -0.00000     0.00223
55819    -0.00172     0.00028     0.00227
55849    -0.00102     0.00051     0.00168
55880    -0.00066     0.00049     0.00103
55910    -0.00031     0.00032     0.00039
55941     0.00021     0.00034    -0.00021
55972    -0.00011     0.00010    -0.00047
56001    -0.00035    -0.00010    -0.00041
56032     0.00025    -0.00024    -0.00048
56062     0.00038    -0.00035    -0.00013
56093     0.00068    -0.00053     0.00086
56123    -0.00020    -0.00032     0.00193
56154    -0.00009     0.00036     0.00233
56185    -0.00083     0.00084     0.00227
56215    -0.00130     0.00068     0.00177
56246    -0.00149     0.00079     0.00098
56276    -0.00109     0.00075     0.00022
56307    -0.00091     0.00060    -0.00041
56338    -0.00056     0.00051    -0.00091
56366     0.00004     0.00036    -0.00115
56397     0.00013     0.00036    -0.00108
56427     0.00098     0.00011    -0.00048
56458     0.00112    -0.00040     0.00033
56488    -0.00003    -0.00044     0.00160
56519    -0.00027    -0.00002     0.00226
56550    -0.00035     0.00003     0.00228
56580    -0.00050    -0.00006     0.00187
56611    -0.00030    -0.00034     0.00123
56641     0.00035    -0.00039     0.00062
56672     0.00099    -0.00024     0.00011
56703     0.00123    -0.00024    -0.00019
56731     0.00143    -0.00043    -0.00042
56762     0.00191    -0.00057    -0.00027
56792     0.00208    -0.00069     0.00000
56823     0.00110    -0.00098     0.00083
56853     0.00045    -0.00089     0.00173
56884     0.00029    -0.00020     0.00219
56915    -0.00001     0.00011     0.00196
56945    -0.00067     0.00012     0.00141
56976    -0.00008     0.00001     0.00061
57006    -0.00016    -0.00035    -0.00000
57037    -0.00010    -0.00032    -0.00044
57068     0.00017    -0.00042    -0.00104
57096     0.00038    -0.00051    -0.00138
57127     0.00059    -0.00053    -0.00130
57157     0.00142    -0.00081    -0.00083
57188     0.00146    -0.00110     0.00006
57218     0.00052    -0.00110     0.00103
57249     0.00054    -0.00046     0.00152
57280    -0.00102    -0.00030     0.00168
57310    -0.00067    -0.00015     0.00120
57341    -0.00091    -0.00012     0.00045
57371    -0.00122    -0.00004    -0.00024
57402    -0.00041     0.00013    -0.00094
57433    -0.00029    -0.00006    -0.00143
57462     0.00020    -0.00013    -0.00191
57493     0.00061    -0.00010    -0.00193
57523     0.00087    -0.00016    -0.00138
57554     0.00100    -0.00028    -0.00038
