# Hydrology loading displacements computed from the monthly GLDAS NOAH model
# This is a product of the Hydrology loading service: http://lacerta.gsfc.nasa.gov/hydlo/
# Displacements are with respect to the center of mass of the total earth
#
# Created for VieVS on 17.03.2017 at 11:46:08 local time
# OFFSET + TREND REMOVED!!! - Hana 
# mjd up (meters) eastwest (meters) northsouth (meters)
43888    -0.00280    -0.00054    -0.00036
43919    -0.00343    -0.00080    -0.00102
43947    -0.00285    -0.00077    -0.00088
43978    -0.00242    -0.00073    -0.00041
44008    -0.00141    -0.00056     0.00071
44039    -0.00055    -0.00022     0.00174
44069     0.00113     0.00027     0.00190
44100     0.00088     0.00073     0.00153
44131     0.00139     0.00074     0.00132
44161     0.00192     0.00066     0.00115
44192     0.00156     0.00021     0.00075
44222     0.00149    -0.00041     0.00022
44253     0.00067    -0.00096     0.00004
44284    -0.00087    -0.00113    -0.00006
44313    -0.00119    -0.00114    -0.00028
44344    -0.00038    -0.00104     0.00015
44374     0.00055    -0.00071     0.00107
44405     0.00180    -0.00031     0.00184
44435     0.00270     0.00009     0.00184
44466     0.00293     0.00046     0.00140
44497     0.00176     0.00075     0.00105
44527     0.00143     0.00077     0.00091
44558     0.00132     0.00041     0.00043
44588     0.00102    -0.00003    -0.00002
44619     0.00092    -0.00038    -0.00040
44650     0.00084    -0.00067    -0.00065
44678     0.00035    -0.00095    -0.00091
44709     0.00087    -0.00099    -0.00061
44739     0.00124    -0.00088     0.00022
44770     0.00158    -0.00028     0.00151
44800     0.00174     0.00048     0.00153
44831     0.00168     0.00096     0.00114
44862     0.00171     0.00110     0.00087
44892     0.00116     0.00124     0.00044
44923     0.00110     0.00107     0.00005
44953     0.00034     0.00053    -0.00033
44984    -0.00041    -0.00014    -0.00092
45015    -0.00063    -0.00033    -0.00137
45043    -0.00033    -0.00047    -0.00138
45074    -0.00001    -0.00073    -0.00062
45104     0.00070    -0.00069     0.00031
45135     0.00115    -0.00048     0.00183
45165     0.00153    -0.00021     0.00267
45196     0.00133     0.00028     0.00207
45227     0.00144     0.00055     0.00169
45257     0.00131     0.00035     0.00127
45288     0.00074     0.00025     0.00039
45318    -0.00214     0.00016    -0.00039
45349    -0.00281    -0.00005    -0.00097
45380    -0.00459    -0.00037    -0.00136
45408    -0.00531    -0.00018    -0.00127
45439    -0.00451    -0.00002    -0.00048
45469    -0.00285     0.00027     0.00039
45500    -0.00128     0.00047     0.00157
45530    -0.00009     0.00103     0.00204
45561     0.00006     0.00138     0.00163
45592     0.00015     0.00168     0.00114
45622    -0.00264     0.00208     0.00081
45653    -0.00310     0.00193     0.00054
45683    -0.00470     0.00131     0.00003
45714    -0.00476     0.00092    -0.00062
45745    -0.00405     0.00067    -0.00087
45774    -0.00327     0.00047    -0.00077
45805    -0.00250    -0.00014    -0.00010
45835    -0.00151    -0.00003     0.00092
45866    -0.00066     0.00036     0.00172
45896    -0.00078     0.00113     0.00189
45927    -0.00114     0.00173     0.00170
45958    -0.00080     0.00171     0.00149
45988    -0.00141     0.00162     0.00119
46019    -0.00222     0.00124     0.00090
46049    -0.00408     0.00082     0.00043
46080    -0.00577     0.00006     0.00003
46111    -0.00577    -0.00044    -0.00070
46139    -0.00493    -0.00029    -0.00093
46170    -0.00352    -0.00052    -0.00034
46200    -0.00243    -0.00037     0.00034
46231    -0.00110     0.00005     0.00142
46261     0.00018     0.00021     0.00159
46292     0.00001     0.00059     0.00127
46323     0.00037     0.00091     0.00107
46353    -0.00113     0.00134     0.00092
46384    -0.00208     0.00119     0.00056
46414    -0.00309     0.00047     0.00010
46445    -0.00227    -0.00015    -0.00070
46476    -0.00239    -0.00050    -0.00111
46504    -0.00199    -0.00094    -0.00120
46535    -0.00104    -0.00099    -0.00063
46565    -0.00034    -0.00080     0.00046
46596     0.00019    -0.00054     0.00184
46626     0.00113     0.00025     0.00214
46657     0.00235     0.00056     0.00192
46688     0.00194     0.00055     0.00178
46718     0.00119     0.00044     0.00159
46749     0.00075     0.00031     0.00096
46779    -0.00012     0.00002     0.00032
46810    -0.00049    -0.00029    -0.00016
46841    -0.00041    -0.00043    -0.00061
46869    -0.00079    -0.00050    -0.00093
46900    -0.00017    -0.00071    -0.00046
46930     0.00066    -0.00048     0.00043
46961     0.00130    -0.00024     0.00117
46991     0.00214     0.00027     0.00188
47022     0.00222     0.00063     0.00168
47053     0.00256     0.00080     0.00121
47083     0.00299     0.00068     0.00071
47114     0.00246     0.00056     0.00043
47144     0.00170     0.00007     0.00007
47175     0.00086    -0.00034    -0.00051
47206     0.00086    -0.00074    -0.00100
47235     0.00147    -0.00108    -0.00130
47266     0.00183    -0.00097    -0.00068
47296     0.00256    -0.00073    -0.00004
47327     0.00357    -0.00050     0.00106
47357     0.00403    -0.00001     0.00120
47388     0.00373     0.00042     0.00062
47419     0.00351     0.00077     0.00009
47449     0.00313     0.00078     0.00002
47480     0.00247     0.00038    -0.00019
47510     0.00194    -0.00014    -0.00067
47541     0.00136    -0.00057    -0.00126
47572     0.00123    -0.00078    -0.00173
47600     0.00143    -0.00067    -0.00191
47631     0.00226    -0.00061    -0.00148
47661     0.00292    -0.00053    -0.00051
47692     0.00312    -0.00000     0.00087
47722     0.00410     0.00027     0.00142
47753     0.00414     0.00041     0.00132
47784     0.00399     0.00063     0.00104
47814     0.00380     0.00058     0.00049
47845     0.00347     0.00036    -0.00000
47875     0.00341    -0.00055    -0.00072
47906     0.00292    -0.00112    -0.00134
47937     0.00241    -0.00133    -0.00193
47965     0.00222    -0.00103    -0.00201
47996     0.00264    -0.00081    -0.00135
48026     0.00281    -0.00064    -0.00028
48057     0.00327    -0.00010     0.00075
48087     0.00302     0.00042     0.00101
48118     0.00267     0.00087     0.00099
48149     0.00273     0.00089     0.00075
48179     0.00181     0.00115     0.00014
48210     0.00152     0.00095    -0.00050
48240     0.00098     0.00048    -0.00127
48271     0.00041     0.00025    -0.00188
48302     0.00099     0.00014    -0.00227
48330     0.00052    -0.00039    -0.00256
48361     0.00079    -0.00069    -0.00192
48391     0.00105    -0.00076    -0.00084
48422     0.00189    -0.00041     0.00041
48452     0.00254     0.00008     0.00103
48483     0.00298     0.00053     0.00085
48514     0.00259     0.00094     0.00072
48544     0.00234     0.00093     0.00031
48575     0.00137     0.00093    -0.00007
48605     0.00006     0.00087    -0.00064
48636    -0.00156     0.00059    -0.00126
48667    -0.00235     0.00025    -0.00160
48696    -0.00265     0.00014    -0.00155
48727    -0.00212    -0.00018    -0.00112
48757    -0.00108     0.00002    -0.00012
48788    -0.00054     0.00035     0.00108
48818     0.00031     0.00067     0.00153
48849     0.00025     0.00106     0.00119
48880    -0.00025     0.00107     0.00091
48910     0.00031     0.00106     0.00041
48941    -0.00027     0.00068    -0.00022
48971    -0.00155     0.00027    -0.00035
49002    -0.00365     0.00000    -0.00066
49033    -0.00420    -0.00022    -0.00113
49061    -0.00409    -0.00038    -0.00136
49092    -0.00337    -0.00053    -0.00100
49122    -0.00231    -0.00035    -0.00036
49153    -0.00141    -0.00004     0.00067
49183    -0.00125     0.00059     0.00084
49214    -0.00031     0.00086     0.00059
49245    -0.00092     0.00104     0.00014
49275    -0.00063     0.00092    -0.00012
49306    -0.00105     0.00066    -0.00045
49336    -0.00144     0.00025    -0.00084
49367    -0.00143    -0.00052    -0.00141
49398    -0.00153    -0.00092    -0.00173
49426    -0.00126    -0.00084    -0.00183
49457    -0.00091    -0.00088    -0.00132
49487    -0.00055    -0.00081    -0.00047
49518     0.00015    -0.00062     0.00036
49548     0.00095    -0.00010     0.00032
49579     0.00164     0.00009    -0.00001
49610     0.00147     0.00028    -0.00047
49640     0.00102     0.00003    -0.00068
49671     0.00001    -0.00031    -0.00123
49701    -0.00129    -0.00043    -0.00200
49732    -0.00200    -0.00054    -0.00253
49763    -0.00200    -0.00058    -0.00306
49791    -0.00203    -0.00072    -0.00313
49822    -0.00168    -0.00094    -0.00234
49852    -0.00144    -0.00086    -0.00120
49883    -0.00100    -0.00044    -0.00016
49913     0.00023     0.00006     0.00008
49944     0.00102     0.00040    -0.00051
49975     0.00093     0.00070    -0.00099
50005     0.00075     0.00062    -0.00124
50036     0.00015     0.00037    -0.00164
50066    -0.00007    -0.00040    -0.00185
50097    -0.00024    -0.00097    -0.00253
50128    -0.00042    -0.00128    -0.00318
50157    -0.00015    -0.00132    -0.00352
50188     0.00027    -0.00135    -0.00301
50218     0.00062    -0.00133    -0.00137
50249     0.00136    -0.00133     0.00037
50279     0.00194    -0.00128     0.00193
50310     0.00255    -0.00119     0.00290
50341     0.00273    -0.00134     0.00313
50371     0.00283    -0.00140     0.00271
50402     0.00233    -0.00158     0.00204
50432     0.00181    -0.00169     0.00108
50463     0.00110    -0.00187     0.00011
50494     0.00018    -0.00184    -0.00092
50522    -0.00035    -0.00195    -0.00171
50553    -0.00046    -0.00204    -0.00162
50583    -0.00054    -0.00179    -0.00119
50614    -0.00023    -0.00128    -0.00026
50644     0.00037    -0.00051     0.00000
50675     0.00059     0.00023    -0.00010
50706    -0.00017     0.00059    -0.00056
50736    -0.00146     0.00050    -0.00136
50767    -0.00258     0.00020    -0.00236
50797    -0.00378    -0.00030    -0.00319
50828    -0.00457    -0.00055    -0.00367
50859    -0.00515    -0.00065    -0.00379
50887    -0.00541    -0.00060    -0.00390
50918    -0.00493    -0.00056    -0.00329
50948    -0.00387    -0.00030    -0.00209
50979    -0.00296     0.00002    -0.00085
51009    -0.00174     0.00064    -0.00082
51040    -0.00069     0.00086    -0.00111
51071    -0.00067     0.00094    -0.00160
51101    -0.00108     0.00100    -0.00208
51132    -0.00211     0.00087    -0.00226
51162    -0.00264     0.00037    -0.00247
51193    -0.00276    -0.00013    -0.00279
51224    -0.00287    -0.00048    -0.00286
51252    -0.00225    -0.00065    -0.00278
51283    -0.00203    -0.00065    -0.00196
51313    -0.00174    -0.00038    -0.00100
51344    -0.00124     0.00021    -0.00005
51374    -0.00230     0.00076     0.00028
51405    -0.00161     0.00086    -0.00002
51436    -0.00188     0.00100    -0.00022
51466    -0.00135     0.00088    -0.00054
51497    -0.00100     0.00059    -0.00075
51527    -0.00115     0.00006    -0.00090
51558    -0.00086    -0.00117    -0.00099
51589    -0.00060    -0.00180    -0.00111
51618    -0.00111    -0.00188    -0.00112
51649    -0.00078    -0.00194    -0.00100
51679     0.00007    -0.00142    -0.00075
51710    -0.00014    -0.00048    -0.00023
51740     0.00001     0.00009     0.00031
51771     0.00097     0.00044     0.00027
51802     0.00127     0.00038     0.00015
51832     0.00014     0.00044    -0.00038
51863    -0.00194     0.00036    -0.00053
51893    -0.00152    -0.00021    -0.00075
51924    -0.00197    -0.00047    -0.00094
51955    -0.00227    -0.00022    -0.00114
51983    -0.00256    -0.00038    -0.00120
52014    -0.00188    -0.00058    -0.00093
52044    -0.00100    -0.00028    -0.00012
52075    -0.00022     0.00012     0.00055
52105     0.00064     0.00059     0.00107
52136     0.00137     0.00107     0.00108
52167     0.00138     0.00123     0.00094
52197     0.00141     0.00125     0.00051
52228     0.00145     0.00093     0.00002
52258     0.00061     0.00037    -0.00012
52289     0.00051    -0.00030    -0.00043
52320     0.00038    -0.00044    -0.00065
52348     0.00041    -0.00044    -0.00079
52379     0.00036    -0.00066    -0.00043
52409     0.00055    -0.00033     0.00036
52440     0.00092     0.00012     0.00143
52470     0.00148     0.00073     0.00180
52501     0.00208     0.00102     0.00171
52532     0.00195     0.00112     0.00144
52562     0.00143     0.00104     0.00076
52593     0.00092     0.00059     0.00019
52623     0.00049     0.00016    -0.00002
52654     0.00035    -0.00045    -0.00017
52685     0.00013    -0.00080    -0.00026
52713    -0.00020    -0.00093    -0.00005
52744     0.00011    -0.00110     0.00027
52774     0.00015    -0.00076     0.00098
52805     0.00039    -0.00033     0.00175
52835     0.00128     0.00033     0.00188
52866     0.00205     0.00068     0.00159
52897     0.00204     0.00096     0.00103
52927     0.00146     0.00107     0.00055
52958     0.00094     0.00075     0.00012
52988     0.00066     0.00035    -0.00013
53019     0.00047    -0.00029    -0.00027
53050     0.00041    -0.00075    -0.00035
53079    -0.00002    -0.00087    -0.00039
53110     0.00028    -0.00108    -0.00028
53140     0.00055    -0.00078     0.00027
53171     0.00071    -0.00011     0.00095
53201     0.00116     0.00040     0.00138
53232     0.00174     0.00080     0.00113
53263     0.00172     0.00113     0.00069
53293     0.00109     0.00111     0.00035
53324    -0.00013     0.00068     0.00016
53354    -0.00059     0.00007    -0.00021
53385    -0.00141    -0.00046    -0.00032
53416    -0.00225    -0.00081    -0.00036
53444    -0.00234    -0.00116    -0.00039
53475    -0.00182    -0.00113    -0.00007
53505    -0.00117    -0.00104     0.00038
53536    -0.00061    -0.00059     0.00127
53566     0.00051     0.00016     0.00161
53597     0.00080     0.00087     0.00139
53628     0.00109     0.00121     0.00108
53658     0.00065     0.00126     0.00091
53689     0.00039     0.00110     0.00071
53719    -0.00007     0.00021     0.00075
53750    -0.00041    -0.00052     0.00076
53781    -0.00046    -0.00084     0.00050
53809    -0.00039    -0.00122     0.00034
53840    -0.00008    -0.00139     0.00059
53870     0.00024    -0.00092     0.00099
53901     0.00079    -0.00023     0.00156
53931     0.00134     0.00064     0.00197
53962     0.00147     0.00100     0.00176
53993     0.00097     0.00131     0.00118
54023     0.00056     0.00105     0.00105
54054     0.00032     0.00033     0.00064
54084     0.00009    -0.00015     0.00040
54115    -0.00048    -0.00035     0.00030
54146    -0.00040    -0.00059    -0.00002
54174    -0.00033    -0.00069     0.00002
54205    -0.00045    -0.00075     0.00050
54235    -0.00004    -0.00059     0.00091
54266     0.00065     0.00000     0.00142
54296     0.00148     0.00071     0.00138
54327     0.00202     0.00088     0.00099
54358     0.00217     0.00100     0.00037
54388     0.00183     0.00095     0.00025
54419     0.00187     0.00034     0.00003
54449     0.00081    -0.00024    -0.00009
54480     0.00033    -0.00094    -0.00009
54511    -0.00015    -0.00123    -0.00013
54540    -0.00038    -0.00142    -0.00017
54571    -0.00013    -0.00135    -0.00012
54601     0.00015    -0.00100     0.00056
54632     0.00061    -0.00041     0.00116
54662     0.00131     0.00021     0.00124
54693     0.00193     0.00059     0.00081
54724     0.00147     0.00090     0.00021
54754     0.00133     0.00086    -0.00018
54785     0.00117     0.00077    -0.00057
54815     0.00045     0.00012    -0.00058
54846    -0.00005    -0.00034    -0.00066
54877     0.00004    -0.00083    -0.00088
54905    -0.00008    -0.00106    -0.00099
54936    -0.00013    -0.00108    -0.00075
54966     0.00001    -0.00071    -0.00010
54997     0.00050    -0.00021     0.00080
55027     0.00115     0.00036     0.00103
55058     0.00189     0.00063     0.00084
55089     0.00206     0.00077     0.00048
55119     0.00135     0.00088     0.00017
55150     0.00092     0.00018    -0.00026
55180     0.00051    -0.00049    -0.00048
55211     0.00005    -0.00097    -0.00077
55242    -0.00135    -0.00089    -0.00085
55270    -0.00108    -0.00109    -0.00093
55301    -0.00063    -0.00110    -0.00060
55331    -0.00035    -0.00083    -0.00009
55362     0.00014    -0.00036     0.00059
55392     0.00082     0.00035     0.00102
55423     0.00176     0.00079     0.00073
55454     0.00205     0.00117     0.00001
55484     0.00178     0.00129    -0.00044
55515     0.00134     0.00085    -0.00071
55545     0.00066     0.00025    -0.00102
55576    -0.00008    -0.00044    -0.00101
55607    -0.00024    -0.00072    -0.00110
55635    -0.00059    -0.00097    -0.00098
55666    -0.00073    -0.00097    -0.00051
55696    -0.00059    -0.00068     0.00019
55727     0.00004    -0.00001     0.00099
55757     0.00078     0.00074     0.00128
55788     0.00163     0.00116     0.00105
55819     0.00189     0.00138     0.00053
55849     0.00181     0.00099     0.00021
55880     0.00148     0.00051     0.00001
55910     0.00076     0.00024    -0.00012
55941     0.00051    -0.00021    -0.00034
55972     0.00011    -0.00041    -0.00036
56001     0.00008    -0.00032    -0.00020
56032     0.00001    -0.00043     0.00009
56062     0.00027    -0.00030     0.00045
56093     0.00097     0.00005     0.00124
56123     0.00187     0.00051     0.00139
56154     0.00257     0.00089     0.00094
56185     0.00286     0.00118     0.00015
56215     0.00240     0.00098    -0.00015
56246     0.00217     0.00055    -0.00068
56276     0.00165     0.00001    -0.00091
56307     0.00087    -0.00035    -0.00100
56338     0.00045    -0.00062    -0.00114
56366     0.00030    -0.00070    -0.00104
56397     0.00047    -0.00090    -0.00073
56427     0.00068    -0.00065     0.00004
56458     0.00064    -0.00005     0.00084
56488     0.00114     0.00070     0.00115
56519     0.00147     0.00118     0.00109
56550     0.00104     0.00141     0.00094
56580     0.00055     0.00140     0.00072
56611    -0.00003     0.00093     0.00072
56641    -0.00076     0.00047     0.00070
56672    -0.00080    -0.00004     0.00059
56703    -0.00081    -0.00043     0.00062
56731    -0.00113    -0.00089     0.00090
56762    -0.00086    -0.00090     0.00127
56792    -0.00054    -0.00083     0.00158
56823    -0.00038    -0.00031     0.00207
56853     0.00014     0.00029     0.00217
56884     0.00089     0.00063     0.00175
56915     0.00021     0.00094     0.00110
56945    -0.00051     0.00084     0.00064
56976    -0.00083     0.00050     0.00028
57006    -0.00146     0.00005     0.00025
57037    -0.00190    -0.00002    -0.00007
57068    -0.00260    -0.00026    -0.00030
57096    -0.00271    -0.00042    -0.00036
57127    -0.00264    -0.00041    -0.00027
57157    -0.00326    -0.00011     0.00048
57188    -0.00294     0.00033     0.00126
57218    -0.00217     0.00065     0.00168
57249    -0.00111     0.00096     0.00136
57280    -0.00073     0.00117     0.00083
57310    -0.00106     0.00128     0.00033
57341    -0.00177     0.00130    -0.00029
57371    -0.00230     0.00124    -0.00086
57402    -0.00281     0.00068    -0.00104
57433    -0.00276     0.00018    -0.00107
57462    -0.00267    -0.00035    -0.00107
57493    -0.00239    -0.00063    -0.00084
57523    -0.00200    -0.00041    -0.00041
57554    -0.00136     0.00009     0.00021
