# Hydrology loading displacements computed from the monthly GLDAS NOAH model
# This is a product of the Hydrology loading service: http://lacerta.gsfc.nasa.gov/hydlo/
# Displacements are with respect to the center of mass of the total earth
#
# Created for VieVS on 17.03.2017 at 11:46:08 local time
# OFFSET + TREND REMOVED!!! - Hana 
# mjd up (meters) eastwest (meters) northsouth (meters)
43888     0.00086    -0.00006    -0.00087
43919     0.00128     0.00013    -0.00170
43947     0.00116    -0.00007    -0.00175
43978     0.00088    -0.00044    -0.00138
44008     0.00037    -0.00077    -0.00008
44039    -0.00019    -0.00083     0.00144
44069    -0.00083    -0.00001     0.00249
44100    -0.00101     0.00057     0.00274
44131    -0.00103     0.00052     0.00256
44161    -0.00119     0.00033     0.00219
44192    -0.00070     0.00008     0.00130
44222     0.00005    -0.00005     0.00044
44253     0.00059    -0.00030    -0.00032
44284     0.00076    -0.00027    -0.00089
44313     0.00080    -0.00010    -0.00125
44344     0.00062    -0.00037    -0.00077
44374     0.00002    -0.00051     0.00045
44405    -0.00053    -0.00029     0.00175
44435    -0.00096     0.00050     0.00261
44466    -0.00113     0.00105     0.00288
44497    -0.00120     0.00100     0.00259
44527    -0.00119     0.00053     0.00212
44558    -0.00081     0.00025     0.00124
44588    -0.00029     0.00011     0.00043
44619     0.00012     0.00016    -0.00005
44650     0.00066     0.00014    -0.00053
44678     0.00100     0.00016    -0.00098
44709     0.00088     0.00003    -0.00077
44739     0.00057    -0.00032     0.00008
44770    -0.00019    -0.00063     0.00155
44800    -0.00074     0.00008     0.00238
44831    -0.00100     0.00081     0.00268
44862    -0.00113     0.00092     0.00259
44892    -0.00124     0.00073     0.00185
44923    -0.00106     0.00053     0.00104
44953    -0.00053     0.00017     0.00003
44984     0.00027    -0.00008    -0.00115
45015     0.00066     0.00005    -0.00189
45043     0.00075     0.00007    -0.00204
45074     0.00063    -0.00039    -0.00145
45104     0.00037    -0.00055    -0.00029
45135    -0.00013    -0.00099     0.00137
45165    -0.00062    -0.00092     0.00275
45196    -0.00087     0.00005     0.00286
45227    -0.00108     0.00037     0.00262
45257    -0.00078     0.00028     0.00193
45288    -0.00048     0.00041     0.00078
45318     0.00005     0.00017    -0.00054
45349     0.00042    -0.00002    -0.00151
45380     0.00081    -0.00020    -0.00231
45408     0.00058    -0.00041    -0.00243
45439     0.00025    -0.00088    -0.00175
45469    -0.00039    -0.00091    -0.00059
45500    -0.00097    -0.00084     0.00116
45530    -0.00166    -0.00021     0.00247
45561    -0.00189     0.00078     0.00293
45592    -0.00214     0.00118     0.00277
45622    -0.00223     0.00096     0.00209
45653    -0.00188     0.00046     0.00124
45683    -0.00102     0.00001    -0.00011
45714    -0.00036     0.00016    -0.00101
45745    -0.00008    -0.00002    -0.00145
45774     0.00003    -0.00026    -0.00155
45805     0.00036    -0.00070    -0.00110
45835    -0.00016    -0.00092     0.00014
45866    -0.00077    -0.00087     0.00140
45896    -0.00147    -0.00036     0.00250
45927    -0.00185     0.00020     0.00293
45958    -0.00192     0.00035     0.00280
45988    -0.00172     0.00014     0.00208
46019    -0.00119    -0.00037     0.00111
46049    -0.00057    -0.00060     0.00005
46080     0.00036    -0.00096    -0.00093
46111     0.00112    -0.00068    -0.00175
46139     0.00092    -0.00062    -0.00201
46170     0.00085    -0.00073    -0.00130
46200     0.00040    -0.00082    -0.00039
46231    -0.00039    -0.00081     0.00116
46261    -0.00068    -0.00023     0.00215
46292    -0.00078     0.00028     0.00231
46323    -0.00114     0.00049     0.00219
46353    -0.00126     0.00027     0.00166
46384    -0.00090    -0.00008     0.00074
46414    -0.00016    -0.00026    -0.00030
46445     0.00047    -0.00009    -0.00122
46476     0.00085    -0.00021    -0.00197
46504     0.00114    -0.00033    -0.00225
46535     0.00090    -0.00047    -0.00160
46565     0.00038    -0.00084    -0.00040
46596    -0.00012    -0.00120     0.00129
46626    -0.00084    -0.00043     0.00238
46657    -0.00122     0.00037     0.00276
46688    -0.00120     0.00028     0.00259
46718    -0.00084    -0.00001     0.00201
46749    -0.00043    -0.00004     0.00112
46779     0.00012    -0.00027     0.00005
46810     0.00054    -0.00037    -0.00076
46841     0.00075    -0.00040    -0.00143
46869     0.00084    -0.00043    -0.00194
46900     0.00078    -0.00072    -0.00149
46930     0.00019    -0.00094    -0.00032
46961    -0.00017    -0.00078     0.00087
46991    -0.00087    -0.00055     0.00215
47022    -0.00115     0.00002     0.00250
47053    -0.00125     0.00045     0.00226
47083    -0.00119     0.00054     0.00177
47114    -0.00105     0.00037     0.00108
47144    -0.00038    -0.00004     0.00013
47175     0.00027    -0.00021    -0.00094
47206     0.00083    -0.00020    -0.00166
47235     0.00121    -0.00001    -0.00190
47266     0.00093    -0.00019    -0.00124
47296     0.00044    -0.00008    -0.00030
47327    -0.00024    -0.00009     0.00130
47357    -0.00063     0.00043     0.00212
47388    -0.00075     0.00123     0.00216
47419    -0.00088     0.00150     0.00179
47449    -0.00096     0.00119     0.00142
47480    -0.00059     0.00067     0.00063
47510     0.00003     0.00031    -0.00037
47541     0.00074     0.00025    -0.00139
47572     0.00114     0.00024    -0.00209
47600     0.00106     0.00022    -0.00235
47631     0.00082     0.00022    -0.00176
47661     0.00040     0.00003    -0.00059
47692    -0.00033    -0.00021     0.00101
47722    -0.00077     0.00024     0.00221
47753    -0.00091     0.00073     0.00263
47784    -0.00103     0.00082     0.00238
47814    -0.00096     0.00081     0.00171
47845    -0.00071     0.00047     0.00079
47875     0.00030     0.00031    -0.00033
47906     0.00108     0.00022    -0.00134
47937     0.00156     0.00024    -0.00221
47965     0.00135     0.00014    -0.00243
47996     0.00102    -0.00000    -0.00171
48026     0.00064    -0.00028    -0.00055
48057    -0.00016    -0.00025     0.00082
48087    -0.00066     0.00023     0.00182
48118    -0.00102     0.00058     0.00232
48149    -0.00111     0.00067     0.00216
48179    -0.00110     0.00056     0.00141
48210    -0.00081     0.00032     0.00036
48240    -0.00017     0.00011    -0.00087
48271     0.00034     0.00011    -0.00181
48302     0.00061     0.00037    -0.00222
48330     0.00104     0.00032    -0.00279
48361     0.00107    -0.00005    -0.00231
48391     0.00078    -0.00049    -0.00129
48422     0.00018    -0.00031     0.00038
48452    -0.00044    -0.00007     0.00163
48483    -0.00087     0.00062     0.00211
48514    -0.00120     0.00057     0.00206
48544    -0.00123     0.00038     0.00150
48575    -0.00107     0.00012     0.00063
48605    -0.00067    -0.00004    -0.00044
48636    -0.00002    -0.00025    -0.00146
48667     0.00039    -0.00049    -0.00219
48696     0.00040    -0.00083    -0.00250
48727     0.00047    -0.00107    -0.00214
48757    -0.00005    -0.00115    -0.00080
48788    -0.00058    -0.00124     0.00075
48818    -0.00101    -0.00080     0.00172
48849    -0.00117    -0.00006     0.00203
48880    -0.00105     0.00008     0.00178
48910    -0.00105     0.00015     0.00124
48941    -0.00056    -0.00010     0.00011
48971    -0.00007    -0.00044    -0.00055
49002     0.00039    -0.00041    -0.00132
49033     0.00081    -0.00013    -0.00200
49061     0.00100    -0.00014    -0.00238
49092     0.00092    -0.00042    -0.00209
49122     0.00053    -0.00041    -0.00115
49153    -0.00005    -0.00042     0.00030
49183    -0.00052    -0.00011     0.00109
49214    -0.00084     0.00057     0.00137
49245    -0.00089     0.00078     0.00109
49275    -0.00083     0.00063     0.00060
49306    -0.00050     0.00026    -0.00019
49336    -0.00001    -0.00001    -0.00105
49367     0.00086    -0.00022    -0.00205
49398     0.00142    -0.00022    -0.00266
49426     0.00139    -0.00018    -0.00285
49457     0.00119    -0.00045    -0.00238
49487     0.00087    -0.00067    -0.00144
49518     0.00052    -0.00066    -0.00028
49548     0.00015    -0.00000     0.00029
49579    -0.00000     0.00069     0.00058
49610    -0.00015     0.00091     0.00035
49640     0.00009     0.00053    -0.00020
49671     0.00066     0.00028    -0.00123
49701     0.00107     0.00024    -0.00235
49732     0.00139     0.00029    -0.00322
49763     0.00159     0.00050    -0.00387
49791     0.00178     0.00051    -0.00411
49822     0.00168     0.00005    -0.00347
49852     0.00135    -0.00034    -0.00238
49883     0.00072    -0.00043    -0.00103
49913     0.00016     0.00017    -0.00005
49944    -0.00001     0.00103     0.00006
49975    -0.00027     0.00132    -0.00007
50005    -0.00017     0.00107    -0.00055
50036     0.00015     0.00066    -0.00143
50066     0.00090     0.00025    -0.00219
50097     0.00167     0.00024    -0.00319
50128     0.00211     0.00035    -0.00404
50157     0.00222     0.00051    -0.00441
50188     0.00208     0.00036    -0.00386
50218     0.00152    -0.00035    -0.00227
50249     0.00100    -0.00073    -0.00027
50279     0.00039    -0.00121     0.00148
50310    -0.00009    -0.00142     0.00266
50341    -0.00010    -0.00150     0.00292
50371     0.00005    -0.00141     0.00247
50402     0.00041    -0.00133     0.00157
50432     0.00081    -0.00109     0.00046
50463     0.00143    -0.00081    -0.00075
50494     0.00198    -0.00046    -0.00198
50522     0.00250    -0.00019    -0.00286
50553     0.00275     0.00005    -0.00263
50583     0.00265     0.00008    -0.00207
50614     0.00199    -0.00015    -0.00095
50644     0.00105     0.00017    -0.00012
50675     0.00027     0.00062     0.00032
50706     0.00011     0.00084    -0.00009
50736     0.00063     0.00095    -0.00119
50767     0.00138     0.00108    -0.00249
50797     0.00228     0.00119    -0.00365
50828     0.00266     0.00116    -0.00455
50859     0.00265     0.00092    -0.00509
50887     0.00252     0.00070    -0.00549
50918     0.00215     0.00038    -0.00494
50948     0.00138    -0.00003    -0.00359
50979     0.00064    -0.00020    -0.00203
51009     0.00015     0.00060    -0.00123
51040     0.00001     0.00139    -0.00076
51071    -0.00007     0.00175    -0.00086
51101     0.00004     0.00151    -0.00163
51132     0.00032     0.00094    -0.00246
51162     0.00085     0.00056    -0.00317
51193     0.00141     0.00029    -0.00390
51224     0.00171     0.00015    -0.00421
51252     0.00176     0.00013    -0.00409
51283     0.00151    -0.00015    -0.00326
51313     0.00098    -0.00041    -0.00221
51344     0.00016    -0.00044    -0.00085
51374    -0.00016    -0.00023     0.00010
51405    -0.00035     0.00058     0.00046
51436    -0.00045     0.00075     0.00043
51466    -0.00039     0.00077     0.00002
51497    -0.00021     0.00063    -0.00041
51527     0.00028     0.00031    -0.00094
51558     0.00150     0.00003    -0.00148
51589     0.00219    -0.00003    -0.00188
51618     0.00237     0.00006    -0.00205
51649     0.00244     0.00001    -0.00194
51679     0.00182     0.00028    -0.00129
51710     0.00091     0.00022    -0.00034
51740     0.00025     0.00025     0.00064
51771    -0.00027     0.00061     0.00109
51802    -0.00029     0.00061     0.00100
51832    -0.00014     0.00064     0.00041
51863     0.00038     0.00032    -0.00027
51893     0.00106     0.00029    -0.00077
51924     0.00131    -0.00002    -0.00137
51955     0.00111    -0.00006    -0.00177
51983     0.00122    -0.00018    -0.00203
52014     0.00116    -0.00021    -0.00170
52044     0.00044    -0.00035    -0.00064
52075    -0.00015    -0.00031     0.00036
52105    -0.00090     0.00004     0.00144
52136    -0.00146     0.00063     0.00200
52167    -0.00165     0.00063     0.00194
52197    -0.00157     0.00069     0.00145
52228    -0.00115     0.00073     0.00077
52258    -0.00049     0.00027     0.00007
52289     0.00019     0.00008    -0.00056
52320     0.00043    -0.00006    -0.00097
52348     0.00041    -0.00015    -0.00122
52379     0.00050    -0.00058    -0.00105
52409    -0.00006    -0.00084    -0.00019
52440    -0.00080    -0.00102     0.00115
52470    -0.00152    -0.00057     0.00217
52501    -0.00184     0.00005     0.00259
52532    -0.00183     0.00034     0.00240
52562    -0.00150     0.00032     0.00154
52593    -0.00081     0.00014     0.00063
52623    -0.00030    -0.00010     0.00006
52654     0.00031    -0.00027    -0.00043
52685     0.00068    -0.00042    -0.00079
52713     0.00082    -0.00064    -0.00083
52744     0.00085    -0.00081    -0.00052
52774     0.00026    -0.00113     0.00022
52805    -0.00035    -0.00130     0.00127
52835    -0.00101    -0.00059     0.00216
52866    -0.00136     0.00016     0.00249
52897    -0.00150     0.00058     0.00218
52927    -0.00148     0.00048     0.00161
52958    -0.00111     0.00016     0.00076
52988    -0.00062    -0.00007     0.00014
53019     0.00006    -0.00034    -0.00040
53050     0.00060    -0.00044    -0.00072
53079     0.00080    -0.00055    -0.00089
53110     0.00101    -0.00052    -0.00073
53140     0.00055    -0.00077    -0.00012
53171    -0.00020    -0.00074     0.00083
53201    -0.00074    -0.00039     0.00175
53232    -0.00111     0.00031     0.00207
53263    -0.00141     0.00055     0.00173
53293    -0.00125     0.00042     0.00114
53324    -0.00068    -0.00000     0.00038
53354     0.00018    -0.00004    -0.00032
53385     0.00070    -0.00024    -0.00091
53416     0.00105    -0.00060    -0.00139
53444     0.00128    -0.00083    -0.00165
53475     0.00105    -0.00097    -0.00129
53505     0.00072    -0.00094    -0.00062
53536     0.00003    -0.00101     0.00058
53566    -0.00082    -0.00042     0.00167
53597    -0.00148     0.00029     0.00212
53628    -0.00176     0.00063     0.00206
53658    -0.00173     0.00040     0.00163
53689    -0.00157     0.00011     0.00111
53719    -0.00074    -0.00061     0.00050
53750     0.00003    -0.00101     0.00003
53781     0.00049    -0.00107    -0.00040
53809     0.00092    -0.00101    -0.00066
53840     0.00100    -0.00100    -0.00040
53870     0.00037    -0.00099     0.00029
53901    -0.00052    -0.00081     0.00135
53931    -0.00145    -0.00029     0.00248
53962    -0.00169     0.00035     0.00281
53993    -0.00179     0.00057     0.00248
54023    -0.00156     0.00018     0.00197
54054    -0.00075    -0.00016     0.00108
54084    -0.00013    -0.00040     0.00045
54115     0.00035    -0.00064    -0.00002
54146     0.00063    -0.00056    -0.00045
54174     0.00067    -0.00078    -0.00062
54205     0.00065    -0.00113    -0.00029
54235     0.00033    -0.00108     0.00031
54266    -0.00044    -0.00078     0.00132
54296    -0.00111     0.00003     0.00208
54327    -0.00122     0.00080     0.00229
54358    -0.00125     0.00117     0.00188
54388    -0.00120     0.00095     0.00147
54419    -0.00061     0.00078     0.00096
54449     0.00007     0.00039     0.00027
54480     0.00083     0.00002    -0.00029
54511     0.00119    -0.00025    -0.00076
54540     0.00140    -0.00065    -0.00113
54571     0.00123    -0.00070    -0.00101
54601     0.00059    -0.00089    -0.00015
54632    -0.00010    -0.00072     0.00084
54662    -0.00069    -0.00012     0.00166
54693    -0.00093     0.00066     0.00186
54724    -0.00098     0.00088     0.00144
54754    -0.00096     0.00083     0.00091
54785    -0.00078     0.00081     0.00026
54815    -0.00016     0.00025    -0.00036
54846     0.00038    -0.00003    -0.00091
54877     0.00089    -0.00001    -0.00131
54905     0.00111    -0.00018    -0.00163
54936     0.00104    -0.00042    -0.00149
54966     0.00050    -0.00057    -0.00069
54997    -0.00023    -0.00060     0.00055
55027    -0.00075    -0.00006     0.00147
55058    -0.00102     0.00057     0.00178
55089    -0.00111     0.00091     0.00170
55119    -0.00106     0.00073     0.00115
55150    -0.00023     0.00045     0.00026
55180     0.00052     0.00018    -0.00040
55211     0.00108     0.00016    -0.00104
55242     0.00112    -0.00006    -0.00150
55270     0.00132    -0.00001    -0.00164
55301     0.00113    -0.00017    -0.00129
55331     0.00070    -0.00029    -0.00065
55362     0.00008    -0.00026     0.00033
55392    -0.00059     0.00020     0.00143
55423    -0.00098     0.00107     0.00186
55454    -0.00120     0.00161     0.00145
55484    -0.00136     0.00160     0.00087
55515    -0.00098     0.00120     0.00014
55545    -0.00027     0.00085    -0.00077
55576     0.00046     0.00042    -0.00139
55607     0.00087     0.00017    -0.00179
55635     0.00116    -0.00012    -0.00200
55666     0.00100    -0.00051    -0.00166
55696     0.00054    -0.00069    -0.00082
55727    -0.00037    -0.00042     0.00051
55757    -0.00114     0.00009     0.00155
55788    -0.00156     0.00080     0.00201
55819    -0.00172     0.00123     0.00182
55849    -0.00127     0.00117     0.00136
55880    -0.00074     0.00089     0.00080
55910    -0.00034     0.00047     0.00021
55941     0.00018     0.00023    -0.00033
55972     0.00041    -0.00004    -0.00064
56001     0.00032    -0.00022    -0.00061
56032     0.00023    -0.00048    -0.00042
56062    -0.00005    -0.00057     0.00008
56093    -0.00066    -0.00048     0.00126
56123    -0.00116     0.00022     0.00216
56154    -0.00146     0.00108     0.00235
56185    -0.00157     0.00174     0.00194
56215    -0.00133     0.00143     0.00136
56246    -0.00079     0.00133     0.00050
56276    -0.00018     0.00104    -0.00017
56307     0.00030     0.00063    -0.00072
56338     0.00067     0.00036    -0.00119
56366     0.00073     0.00007    -0.00131
56397     0.00084    -0.00010    -0.00106
56427     0.00040    -0.00030    -0.00016
56458    -0.00028    -0.00050     0.00079
56488    -0.00098     0.00004     0.00175
56519    -0.00141     0.00064     0.00218
56550    -0.00159     0.00078     0.00219
56580    -0.00148     0.00061     0.00174
56611    -0.00100     0.00008     0.00123
56641    -0.00045    -0.00027     0.00074
56672     0.00016    -0.00045     0.00038
56703     0.00054    -0.00067     0.00015
56731     0.00088    -0.00103     0.00013
56762     0.00075    -0.00121     0.00047
56792     0.00054    -0.00126     0.00091
56823    -0.00007    -0.00127     0.00167
56853    -0.00071    -0.00074     0.00238
56884    -0.00102     0.00020     0.00262
56915    -0.00109     0.00062     0.00217
56945    -0.00089     0.00053     0.00149
56976    -0.00047     0.00018     0.00074
57006    -0.00002    -0.00034     0.00015
57037     0.00028    -0.00039    -0.00044
57068     0.00055    -0.00071    -0.00100
57096     0.00072    -0.00094    -0.00124
57127     0.00073    -0.00097    -0.00103
57157     0.00038    -0.00124    -0.00028
57188    -0.00019    -0.00126     0.00078
57218    -0.00068    -0.00091     0.00171
57249    -0.00105    -0.00006     0.00196
57280    -0.00131     0.00039     0.00171
57310    -0.00137     0.00043     0.00114
57341    -0.00100     0.00040     0.00021
57371    -0.00062     0.00042    -0.00066
57402     0.00006     0.00023    -0.00125
57433     0.00049    -0.00012    -0.00166
57462     0.00091    -0.00050    -0.00192
57493     0.00107    -0.00059    -0.00173
57523     0.00074    -0.00054    -0.00108
57554     0.00012    -0.00038     0.00002
