# Hydrology loading displacements computed from the monthly GLDAS NOAH model
# This is a product of the Hydrology loading service: http://lacerta.gsfc.nasa.gov/hydlo/
# Displacements are with respect to the center of mass of the total earth
#
# Created for VieVS on 17.03.2017 at 11:46:08 local time
# OFFSET + TREND REMOVED!!! - Hana 
# mjd up (meters) eastwest (meters) northsouth (meters)
43888    -0.00310    -0.00077    -0.00038
43919    -0.00361    -0.00122    -0.00100
43947    -0.00330    -0.00106    -0.00077
43978    -0.00288    -0.00082    -0.00020
44008    -0.00192    -0.00046     0.00095
44039    -0.00137     0.00009     0.00185
44069     0.00135     0.00051     0.00185
44100     0.00173     0.00078     0.00137
44131     0.00203     0.00084     0.00113
44161     0.00252     0.00084     0.00101
44192     0.00138     0.00047     0.00072
44222     0.00106    -0.00014     0.00027
44253    -0.00019    -0.00079     0.00008
44284    -0.00144    -0.00116    -0.00021
44313    -0.00138    -0.00127    -0.00042
44344    -0.00101    -0.00096     0.00018
44374    -0.00025    -0.00042     0.00117
44405     0.00162     0.00004     0.00187
44435     0.00404     0.00021     0.00173
44466     0.00472     0.00037     0.00127
44497     0.00350     0.00044     0.00086
44527     0.00265     0.00063     0.00068
44558     0.00209     0.00033     0.00032
44588     0.00143    -0.00008    -0.00011
44619     0.00164    -0.00052    -0.00043
44650     0.00162    -0.00082    -0.00066
44678     0.00098    -0.00105    -0.00091
44709     0.00126    -0.00102    -0.00052
44739     0.00143    -0.00075     0.00035
44770     0.00185     0.00003     0.00161
44800     0.00243     0.00048     0.00145
44831     0.00263     0.00088     0.00101
44862     0.00239     0.00108     0.00069
44892     0.00146     0.00120     0.00025
44923     0.00108     0.00118    -0.00004
44953     0.00025     0.00065    -0.00039
44984    -0.00076    -0.00009    -0.00087
45015    -0.00119    -0.00030    -0.00133
45043    -0.00098    -0.00046    -0.00135
45074    -0.00048    -0.00064    -0.00053
45104     0.00007    -0.00045     0.00040
45135     0.00043     0.00007     0.00198
45165     0.00146     0.00027     0.00272
45196     0.00197     0.00046     0.00211
45227     0.00192     0.00060     0.00173
45257     0.00111     0.00046     0.00140
45288     0.00048     0.00034     0.00055
45318    -0.00211     0.00005    -0.00031
45349    -0.00307    -0.00024    -0.00086
45380    -0.00459    -0.00067    -0.00129
45408    -0.00484    -0.00047    -0.00117
45439    -0.00436    -0.00018    -0.00026
45469    -0.00257     0.00025     0.00066
45500    -0.00091     0.00068     0.00179
45530     0.00122     0.00108     0.00212
45561     0.00255     0.00104     0.00157
45592     0.00343     0.00129     0.00102
45622     0.00146     0.00137     0.00052
45653    -0.00002     0.00134     0.00030
45683    -0.00239     0.00073    -0.00005
45714    -0.00299     0.00027    -0.00058
45745    -0.00275     0.00007    -0.00069
45774    -0.00248     0.00009    -0.00048
45805    -0.00211    -0.00031     0.00034
45835    -0.00100    -0.00005     0.00136
45866     0.00003     0.00044     0.00203
45896     0.00151     0.00099     0.00205
45927     0.00162     0.00125     0.00159
45958     0.00217     0.00117     0.00131
45988     0.00027     0.00112     0.00100
46019    -0.00158     0.00091     0.00074
46049    -0.00350     0.00043     0.00017
46080    -0.00525    -0.00046    -0.00023
46111    -0.00524    -0.00108    -0.00087
46139    -0.00512    -0.00080    -0.00100
46170    -0.00401    -0.00093    -0.00028
46200    -0.00327    -0.00059     0.00046
46231    -0.00163     0.00008     0.00144
46261     0.00078     0.00011     0.00149
46292     0.00084     0.00026     0.00115
46323     0.00115     0.00058     0.00090
46353    -0.00135     0.00102     0.00062
46384    -0.00286     0.00099     0.00027
46414    -0.00373     0.00027    -0.00011
46445    -0.00295    -0.00035    -0.00078
46476    -0.00321    -0.00067    -0.00113
46504    -0.00272    -0.00107    -0.00113
46535    -0.00172    -0.00107    -0.00047
46565    -0.00080    -0.00075     0.00065
46596    -0.00062    -0.00019     0.00189
46626     0.00092     0.00039     0.00199
46657     0.00271     0.00057     0.00170
46688     0.00211     0.00061     0.00155
46718     0.00046     0.00059     0.00136
46749    -0.00090     0.00046     0.00073
46779    -0.00201     0.00017     0.00013
46810    -0.00254    -0.00016    -0.00035
46841    -0.00271    -0.00029    -0.00073
46869    -0.00306    -0.00033    -0.00096
46900    -0.00223    -0.00051    -0.00037
46930    -0.00106    -0.00022     0.00054
46961    -0.00029     0.00015     0.00107
46991     0.00134     0.00066     0.00168
47022     0.00206     0.00073     0.00142
47053     0.00235     0.00091     0.00089
47083     0.00294     0.00080     0.00047
47114     0.00231     0.00066     0.00020
47144     0.00117     0.00025    -0.00007
47175    -0.00003    -0.00018    -0.00061
47206    -0.00020    -0.00060    -0.00102
47235     0.00039    -0.00090    -0.00124
47266     0.00081    -0.00075    -0.00060
47296     0.00184    -0.00052     0.00001
47327     0.00335    -0.00024     0.00105
47357     0.00400     0.00012     0.00101
47388     0.00439     0.00021     0.00034
47419     0.00352     0.00058    -0.00031
47449     0.00322     0.00069    -0.00031
47480     0.00257     0.00036    -0.00040
47510     0.00175    -0.00013    -0.00078
47541     0.00101    -0.00059    -0.00131
47572     0.00037    -0.00080    -0.00171
47600     0.00054    -0.00062    -0.00184
47631     0.00162    -0.00052    -0.00138
47661     0.00253    -0.00035    -0.00042
47692     0.00278     0.00043     0.00091
47722     0.00424     0.00066     0.00134
47753     0.00478     0.00058     0.00119
47784     0.00440     0.00086     0.00093
47814     0.00429     0.00080     0.00044
47845     0.00389     0.00062     0.00005
47875     0.00360    -0.00029    -0.00055
47906     0.00291    -0.00084    -0.00112
47937     0.00210    -0.00101    -0.00168
47965     0.00151    -0.00064    -0.00174
47996     0.00173    -0.00040    -0.00111
48026     0.00182    -0.00016    -0.00002
48057     0.00297     0.00035     0.00096
48087     0.00395     0.00056     0.00110
48118     0.00402     0.00088     0.00099
48149     0.00436     0.00082     0.00067
48179     0.00324     0.00106     0.00005
48210     0.00234     0.00095    -0.00050
48240     0.00156     0.00050    -0.00115
48271     0.00060     0.00024    -0.00174
48302     0.00104     0.00010    -0.00214
48330     0.00086    -0.00046    -0.00240
48361     0.00107    -0.00065    -0.00171
48391     0.00116    -0.00056    -0.00056
48422     0.00197    -0.00012     0.00064
48452     0.00319     0.00024     0.00109
48483     0.00372     0.00056     0.00076
48514     0.00314     0.00100     0.00055
48544     0.00302     0.00101     0.00021
48575     0.00142     0.00107    -0.00008
48605    -0.00064     0.00101    -0.00064
48636    -0.00257     0.00062    -0.00132
48667    -0.00306     0.00026    -0.00167
48696    -0.00316     0.00023    -0.00156
48727    -0.00245    -0.00002    -0.00106
48757    -0.00119     0.00017    -0.00013
48788    -0.00114     0.00075     0.00089
48818     0.00030     0.00106     0.00135
48849     0.00096     0.00126     0.00100
48880     0.00093     0.00112     0.00073
48910     0.00143     0.00113     0.00028
48941     0.00020     0.00081    -0.00028
48971    -0.00111     0.00041    -0.00048
49002    -0.00258    -0.00010    -0.00093
49033    -0.00305    -0.00045    -0.00145
49061    -0.00328    -0.00058    -0.00163
49092    -0.00283    -0.00061    -0.00111
49122    -0.00181    -0.00030    -0.00041
49153    -0.00072     0.00010     0.00057
49183    -0.00020     0.00068     0.00073
49214     0.00101     0.00087     0.00041
49245     0.00082     0.00087    -0.00002
49275     0.00091     0.00082    -0.00023
49306     0.00007     0.00063    -0.00050
49336    -0.00059     0.00026    -0.00083
49367    -0.00096    -0.00050    -0.00128
49398    -0.00137    -0.00091    -0.00157
49426    -0.00138    -0.00080    -0.00165
49457    -0.00122    -0.00080    -0.00105
49487    -0.00114    -0.00061    -0.00025
49518    -0.00019    -0.00035     0.00054
49548     0.00114     0.00012     0.00043
49579     0.00242     0.00014    -0.00000
49610     0.00208     0.00024    -0.00052
49640     0.00125     0.00001    -0.00063
49671    -0.00025    -0.00035    -0.00109
49701    -0.00142    -0.00056    -0.00178
49732    -0.00241    -0.00077    -0.00237
49763    -0.00250    -0.00088    -0.00287
49791    -0.00275    -0.00107    -0.00294
49822    -0.00265    -0.00116    -0.00205
49852    -0.00261    -0.00094    -0.00079
49883    -0.00225    -0.00031     0.00022
49913    -0.00048     0.00019     0.00036
49944     0.00108     0.00037    -0.00039
49975     0.00138     0.00052    -0.00095
50005     0.00086     0.00049    -0.00116
50036     0.00021     0.00030    -0.00147
50066    -0.00028    -0.00043    -0.00160
50097    -0.00083    -0.00099    -0.00224
50128    -0.00121    -0.00131    -0.00286
50157    -0.00100    -0.00137    -0.00317
50188    -0.00051    -0.00139    -0.00265
50218     0.00029    -0.00129    -0.00101
50249     0.00158    -0.00123     0.00064
50279     0.00264    -0.00115     0.00212
50310     0.00362    -0.00103     0.00304
50341     0.00386    -0.00116     0.00324
50371     0.00389    -0.00123     0.00284
50402     0.00315    -0.00141     0.00220
50432     0.00228    -0.00155     0.00126
50463     0.00126    -0.00183     0.00029
50494     0.00005    -0.00187    -0.00077
50522    -0.00069    -0.00200    -0.00156
50553    -0.00141    -0.00213    -0.00151
50583    -0.00195    -0.00181    -0.00107
50614    -0.00152    -0.00118    -0.00015
50644    -0.00031    -0.00045     0.00007
50675     0.00039     0.00019    -0.00007
50706    -0.00020     0.00047    -0.00059
50736    -0.00188     0.00033    -0.00140
50767    -0.00338    -0.00002    -0.00237
50797    -0.00477    -0.00061    -0.00322
50828    -0.00584    -0.00086    -0.00374
50859    -0.00642    -0.00094    -0.00387
50887    -0.00708    -0.00084    -0.00391
50918    -0.00678    -0.00079    -0.00319
50948    -0.00547    -0.00040    -0.00191
50979    -0.00394    -0.00004    -0.00068
51009    -0.00232     0.00051    -0.00076
51040    -0.00095     0.00059    -0.00114
51071    -0.00016     0.00052    -0.00175
51101    -0.00149     0.00074    -0.00218
51132    -0.00385     0.00071    -0.00234
51162    -0.00452     0.00023    -0.00249
51193    -0.00492    -0.00020    -0.00269
51224    -0.00505    -0.00050    -0.00275
51252    -0.00445    -0.00061    -0.00263
51283    -0.00415    -0.00056    -0.00179
51313    -0.00415    -0.00011    -0.00071
51344    -0.00317     0.00048     0.00013
51374    -0.00277     0.00063     0.00029
51405    -0.00216     0.00049    -0.00010
51436    -0.00186     0.00034    -0.00037
51466    -0.00153     0.00038    -0.00068
51497    -0.00126     0.00020    -0.00084
51527    -0.00158    -0.00023    -0.00091
51558    -0.00158    -0.00144    -0.00088
51589    -0.00153    -0.00206    -0.00090
51618    -0.00205    -0.00210    -0.00089
51649    -0.00255    -0.00211    -0.00073
51679    -0.00102    -0.00157    -0.00051
51710    -0.00056    -0.00061    -0.00021
51740     0.00018    -0.00004     0.00025
51771     0.00160     0.00026     0.00014
51802     0.00201     0.00018     0.00003
51832     0.00087     0.00015    -0.00057
51863    -0.00251     0.00006    -0.00093
51893    -0.00276    -0.00047    -0.00107
51924    -0.00359    -0.00065    -0.00122
51955    -0.00427    -0.00035    -0.00140
51983    -0.00464    -0.00039    -0.00139
52014    -0.00354    -0.00061    -0.00098
52044    -0.00222    -0.00023    -0.00012
52075    -0.00070     0.00024     0.00051
52105     0.00093     0.00062     0.00095
52136     0.00183     0.00101     0.00089
52167     0.00176     0.00125     0.00069
52197     0.00180     0.00130     0.00031
52228     0.00157     0.00100    -0.00014
52258     0.00033     0.00050    -0.00024
52289     0.00001    -0.00017    -0.00047
52320    -0.00029    -0.00027    -0.00064
52348    -0.00025    -0.00023    -0.00072
52379    -0.00024    -0.00036    -0.00031
52409     0.00032     0.00000     0.00050
52440     0.00117     0.00048     0.00150
52470     0.00218     0.00101     0.00171
52501     0.00300     0.00120     0.00159
52532     0.00257     0.00122     0.00129
52562     0.00151     0.00119     0.00065
52593     0.00039     0.00082     0.00011
52623    -0.00023     0.00040    -0.00008
52654    -0.00044    -0.00023    -0.00017
52685    -0.00068    -0.00059    -0.00021
52713    -0.00117    -0.00073     0.00001
52744    -0.00076    -0.00089     0.00044
52774    -0.00037    -0.00049     0.00118
52805     0.00013     0.00007     0.00188
52835     0.00170     0.00061     0.00186
52866     0.00297     0.00081     0.00147
52897     0.00281     0.00107     0.00093
52927     0.00225     0.00117     0.00049
52958     0.00143     0.00088     0.00012
52988     0.00088     0.00050    -0.00007
53019     0.00054    -0.00014    -0.00015
53050     0.00027    -0.00058    -0.00021
53079    -0.00041    -0.00066    -0.00026
53110    -0.00055    -0.00087    -0.00016
53140     0.00001    -0.00051     0.00044
53171     0.00063     0.00020     0.00105
53201     0.00121     0.00075     0.00140
53232     0.00195     0.00106     0.00106
53263     0.00199     0.00131     0.00062
53293     0.00073     0.00135     0.00020
53324    -0.00081     0.00100    -0.00004
53354    -0.00173     0.00041    -0.00042
53385    -0.00260    -0.00019    -0.00051
53416    -0.00373    -0.00060    -0.00055
53444    -0.00395    -0.00095    -0.00056
53475    -0.00333    -0.00089    -0.00010
53505    -0.00231    -0.00084     0.00040
53536    -0.00120    -0.00033     0.00129
53566     0.00080     0.00032     0.00150
53597     0.00156     0.00090     0.00112
53628     0.00177     0.00119     0.00079
53658     0.00078     0.00127     0.00068
53689     0.00042     0.00114     0.00057
53719    -0.00023     0.00035     0.00075
53750    -0.00070    -0.00035     0.00085
53781    -0.00088    -0.00065     0.00064
53809    -0.00085    -0.00103     0.00052
53840    -0.00048    -0.00122     0.00079
53870     0.00008    -0.00070     0.00115
53901     0.00116    -0.00003     0.00160
53931     0.00204     0.00078     0.00190
53962     0.00232     0.00097     0.00150
53993     0.00179     0.00122     0.00089
54023     0.00090     0.00100     0.00087
54054     0.00039     0.00035     0.00059
54084    -0.00010    -0.00008     0.00042
54115    -0.00133    -0.00020     0.00035
54146    -0.00150    -0.00048     0.00004
54174    -0.00151    -0.00052     0.00014
54205    -0.00186    -0.00046     0.00068
54235    -0.00130    -0.00028     0.00108
54266     0.00011     0.00028     0.00148
54296     0.00165     0.00085     0.00123
54327     0.00271     0.00074     0.00071
54358     0.00293     0.00082     0.00012
54388     0.00244     0.00082     0.00009
54419     0.00240     0.00025    -0.00004
54449     0.00090    -0.00038    -0.00010
54480    -0.00001    -0.00107    -0.00002
54511    -0.00085    -0.00137     0.00001
54540    -0.00130    -0.00146     0.00007
54571    -0.00091    -0.00132     0.00016
54601    -0.00024    -0.00091     0.00080
54632     0.00070    -0.00031     0.00132
54662     0.00178     0.00022     0.00116
54693     0.00256     0.00049     0.00060
54724     0.00209     0.00074    -0.00006
54754     0.00162     0.00076    -0.00037
54785     0.00136     0.00071    -0.00067
54815     0.00042     0.00011    -0.00060
54846    -0.00037    -0.00039    -0.00059
54877    -0.00033    -0.00091    -0.00078
54905    -0.00050    -0.00109    -0.00084
54936    -0.00066    -0.00102    -0.00053
54966    -0.00031    -0.00061     0.00010
54997     0.00051    -0.00013     0.00094
55027     0.00174     0.00033     0.00102
55058     0.00268     0.00058     0.00075
55089     0.00294     0.00069     0.00035
55119     0.00192     0.00089     0.00010
55150     0.00107     0.00026    -0.00020
55180     0.00046    -0.00039    -0.00038
55211    -0.00023    -0.00095    -0.00066
55242    -0.00191    -0.00096    -0.00085
55270    -0.00187    -0.00117    -0.00087
55301    -0.00127    -0.00112    -0.00048
55331    -0.00076    -0.00081     0.00005
55362     0.00026    -0.00032     0.00067
55392     0.00122     0.00041     0.00088
55423     0.00246     0.00064     0.00049
55454     0.00290     0.00094    -0.00025
55484     0.00251     0.00107    -0.00065
55515     0.00190     0.00067    -0.00081
55545     0.00091     0.00010    -0.00105
55576    -0.00015    -0.00058    -0.00100
55607    -0.00052    -0.00084    -0.00102
55635    -0.00087    -0.00107    -0.00085
55666    -0.00092    -0.00102    -0.00030
55696    -0.00072    -0.00070     0.00046
55727     0.00035    -0.00004     0.00117
55757     0.00162     0.00063     0.00129
55788     0.00284     0.00096     0.00094
55819     0.00314     0.00110     0.00037
55849     0.00283     0.00073     0.00011
55880     0.00231     0.00029    -0.00002
55910     0.00124     0.00007    -0.00014
55941     0.00075    -0.00034    -0.00031
55972     0.00020    -0.00050    -0.00028
56001     0.00012    -0.00038    -0.00011
56032     0.00018    -0.00043     0.00020
56062     0.00062    -0.00030     0.00054
56093     0.00185     0.00003     0.00126
56123     0.00326     0.00031     0.00127
56154     0.00423     0.00059     0.00072
56185     0.00455     0.00084    -0.00010
56215     0.00380     0.00075    -0.00033
56246     0.00337     0.00034    -0.00076
56276     0.00272    -0.00019    -0.00093
56307     0.00166    -0.00047    -0.00100
56338     0.00109    -0.00070    -0.00110
56366     0.00076    -0.00071    -0.00094
56397     0.00085    -0.00087    -0.00057
56427     0.00121    -0.00056     0.00019
56458     0.00139     0.00010     0.00093
56488     0.00225     0.00073     0.00107
56519     0.00260     0.00112     0.00092
56550     0.00180     0.00119     0.00069
56580     0.00081     0.00122     0.00054
56611     0.00011     0.00082     0.00060
56641    -0.00073     0.00037     0.00059
56672    -0.00093    -0.00010     0.00057
56703    -0.00111    -0.00045     0.00070
56731    -0.00129    -0.00089     0.00103
56762    -0.00096    -0.00086     0.00144
56792    -0.00049    -0.00078     0.00174
56823    -0.00021    -0.00014     0.00214
56853     0.00082     0.00038     0.00215
56884     0.00177     0.00055     0.00163
56915     0.00156     0.00073     0.00091
56945     0.00068     0.00064     0.00045
56976     0.00004     0.00039     0.00015
57006    -0.00079     0.00000     0.00018
57037    -0.00152    -0.00005    -0.00014
57068    -0.00225    -0.00032    -0.00031
57096    -0.00266    -0.00043    -0.00032
57127    -0.00223    -0.00050    -0.00016
57157    -0.00289    -0.00014     0.00063
57188    -0.00262     0.00042     0.00136
57218    -0.00146     0.00072     0.00168
57249    -0.00004     0.00091     0.00126
57280     0.00069     0.00097     0.00071
57310     0.00001     0.00110     0.00016
57341    -0.00138     0.00120    -0.00046
57371    -0.00241     0.00122    -0.00098
57402    -0.00305     0.00067    -0.00112
57433    -0.00310     0.00017    -0.00103
57462    -0.00305    -0.00031    -0.00095
57493    -0.00285    -0.00056    -0.00067
57523    -0.00254    -0.00031    -0.00023
57554    -0.00140     0.00019     0.00025
