# Hydrology loading displacements computed from the monthly GLDAS NOAH model
# This is a product of the Hydrology loading service: http://lacerta.gsfc.nasa.gov/hydlo/
# Displacements are with respect to the center of mass of the total earth
#
# Created for VieVS on 17.03.2017 at 11:46:08 local time
# OFFSET + TREND REMOVED!!! - Hana 
# mjd up (meters) eastwest (meters) northsouth (meters)
43888    -0.00331    -0.00059    -0.00042
43919    -0.00389    -0.00091    -0.00108
43947    -0.00430    -0.00074    -0.00086
43978    -0.00455    -0.00045    -0.00040
44008    -0.00331    -0.00015     0.00063
44039    -0.00232    -0.00009     0.00152
44069     0.00203     0.00027     0.00180
44100     0.00359     0.00048     0.00136
44131     0.00425     0.00061     0.00112
44161     0.00527     0.00086     0.00094
44192     0.00213     0.00061     0.00077
44222     0.00064     0.00013     0.00035
44253    -0.00035    -0.00036     0.00000
44284    -0.00118    -0.00060    -0.00037
44313    -0.00086    -0.00053    -0.00058
44344    -0.00100    -0.00025     0.00014
44374    -0.00002    -0.00013     0.00079
44405     0.00266     0.00014     0.00155
44435     0.00731     0.00031     0.00159
44466     0.00990     0.00018     0.00143
44497     0.00975     0.00005     0.00123
44527     0.00699     0.00030     0.00074
44558     0.00528     0.00033     0.00035
44588     0.00355     0.00001    -0.00011
44619     0.00389    -0.00042    -0.00035
44650     0.00332    -0.00049    -0.00065
44678     0.00189    -0.00077    -0.00100
44709     0.00254    -0.00067    -0.00057
44739     0.00214    -0.00042     0.00032
44770     0.00075     0.00037     0.00138
44800     0.00357     0.00059     0.00141
44831     0.00506     0.00055     0.00121
44862     0.00540     0.00056     0.00087
44892     0.00351     0.00058     0.00029
44923    -0.00019     0.00069    -0.00019
44953    -0.00105     0.00038    -0.00040
44984    -0.00206     0.00005    -0.00091
45015    -0.00429     0.00005    -0.00143
45043    -0.00309    -0.00017    -0.00142
45074    -0.00161    -0.00012    -0.00059
45104    -0.00202    -0.00042     0.00020
45135    -0.00422    -0.00042     0.00198
45165    -0.00121    -0.00025     0.00273
45196     0.00213    -0.00002     0.00207
45227     0.00419     0.00032     0.00181
45257     0.00391     0.00018     0.00142
45288     0.00226     0.00026     0.00050
45318    -0.00331     0.00059    -0.00047
45349    -0.00390     0.00017    -0.00094
45380    -0.00555    -0.00032    -0.00136
45408    -0.00524    -0.00021    -0.00127
45439    -0.00550     0.00027    -0.00026
45469    -0.00377     0.00085     0.00065
45500    -0.00190     0.00073     0.00169
45530     0.00242     0.00110     0.00188
45561     0.00699     0.00094     0.00120
45592     0.00871     0.00102     0.00079
45622     0.00618     0.00105     0.00060
45653     0.00212     0.00106     0.00059
45683    -0.00189     0.00119     0.00006
45714    -0.00232     0.00077    -0.00060
45745    -0.00234     0.00066    -0.00077
45774    -0.00392     0.00074    -0.00052
45805    -0.00419     0.00028     0.00050
45835    -0.00233     0.00060     0.00161
45866     0.00052     0.00073     0.00240
45896     0.00415     0.00115     0.00236
45927     0.00686     0.00131     0.00171
45958     0.00788     0.00127     0.00136
45988     0.00432     0.00143     0.00089
46019    -0.00077     0.00148     0.00051
46049    -0.00372     0.00100     0.00008
46080    -0.00619    -0.00008    -0.00003
46111    -0.00631    -0.00069    -0.00064
46139    -0.00691    -0.00062    -0.00085
46170    -0.00497    -0.00075    -0.00019
46200    -0.00407    -0.00053     0.00049
46231    -0.00227    -0.00013     0.00171
46261     0.00254    -0.00016     0.00170
46292     0.00411    -0.00008     0.00158
46323     0.00497     0.00026     0.00139
46353     0.00123     0.00025     0.00125
46384    -0.00354     0.00062     0.00066
46414    -0.00576     0.00034     0.00003
46445    -0.00375    -0.00035    -0.00065
46476    -0.00438    -0.00047    -0.00103
46504    -0.00335    -0.00078    -0.00097
46535    -0.00223    -0.00070    -0.00033
46565    -0.00179    -0.00040     0.00064
46596    -0.00214    -0.00015     0.00186
46626     0.00225     0.00026     0.00217
46657     0.00602     0.00035     0.00196
46688     0.00507     0.00016     0.00181
46718     0.00096    -0.00008     0.00205
46749    -0.00113    -0.00018     0.00124
46779    -0.00338    -0.00017     0.00044
46810    -0.00435    -0.00041    -0.00017
46841    -0.00478    -0.00054    -0.00061
46869    -0.00590    -0.00063    -0.00089
46900    -0.00379    -0.00072    -0.00014
46930    -0.00086    -0.00044     0.00071
46961    -0.00044    -0.00064     0.00103
46991     0.00190    -0.00010     0.00170
47022     0.00468    -0.00001     0.00156
47053     0.00518    -0.00002     0.00120
47083     0.00564    -0.00006     0.00080
47114     0.00419     0.00024     0.00043
47144     0.00008     0.00027     0.00009
47175    -0.00299     0.00007    -0.00053
47206    -0.00320    -0.00026    -0.00088
47235    -0.00339    -0.00063    -0.00105
47266    -0.00239    -0.00051    -0.00041
47296     0.00154    -0.00046     0.00021
47327     0.00589    -0.00050     0.00114
47357     0.00800    -0.00039     0.00113
47388     0.00957    -0.00030     0.00053
47419     0.00915    -0.00015    -0.00002
47449     0.00717     0.00009     0.00007
47480     0.00494     0.00023    -0.00012
47510     0.00251     0.00018    -0.00055
47541     0.00028     0.00004    -0.00118
47572    -0.00181    -0.00023    -0.00172
47600    -0.00236    -0.00001    -0.00193
47631    -0.00053     0.00006    -0.00142
47661     0.00071     0.00024    -0.00074
47692    -0.00068     0.00065     0.00055
47722     0.00170     0.00086     0.00075
47753     0.00389     0.00052     0.00086
47784     0.00235     0.00050     0.00097
47814     0.00292     0.00051     0.00049
47845     0.00282     0.00052     0.00008
47875     0.00257    -0.00026    -0.00050
47906     0.00073    -0.00058    -0.00120
47937    -0.00248    -0.00055    -0.00186
47965    -0.00412    -0.00040    -0.00187
47996    -0.00420    -0.00028    -0.00137
48026    -0.00457    -0.00009    -0.00023
48057    -0.00125     0.00056     0.00091
48087     0.00345     0.00062     0.00121
48118     0.00478     0.00046     0.00117
48149     0.00617     0.00040     0.00080
48179     0.00373     0.00073     0.00017
48210     0.00203     0.00079    -0.00053
48240     0.00003     0.00078    -0.00120
48271    -0.00293     0.00074    -0.00194
48302    -0.00229     0.00050    -0.00243
48330    -0.00163     0.00008    -0.00259
48361    -0.00184     0.00009    -0.00198
48391    -0.00260     0.00019    -0.00087
48422    -0.00055    -0.00010     0.00032
48452     0.00356     0.00012     0.00077
48483     0.00640     0.00011     0.00048
48514     0.00466     0.00031     0.00025
48544     0.00473     0.00042     0.00000
48575    -0.00039     0.00085    -0.00053
48605    -0.00346     0.00088    -0.00110
48636    -0.00533     0.00020    -0.00156
48667    -0.00550    -0.00008    -0.00187
48696    -0.00564     0.00005    -0.00179
48727    -0.00454    -0.00011    -0.00117
48757    -0.00246     0.00015    -0.00018
48788    -0.00280     0.00025     0.00072
48818    -0.00149     0.00051     0.00124
48849    -0.00035     0.00062     0.00107
48880    -0.00012     0.00062     0.00079
48910     0.00031     0.00080     0.00040
48941    -0.00241     0.00068    -0.00007
48971    -0.00538     0.00035    -0.00024
49002    -0.00618     0.00004    -0.00072
49033    -0.00624    -0.00037    -0.00135
49061    -0.00660    -0.00048    -0.00158
49092    -0.00615    -0.00040    -0.00112
49122    -0.00536    -0.00034    -0.00032
49153    -0.00379    -0.00008     0.00078
49183    -0.00187     0.00018     0.00130
49214     0.00128     0.00023     0.00110
49245     0.00130     0.00041     0.00068
49275     0.00026     0.00063     0.00033
49306    -0.00162     0.00078    -0.00023
49336    -0.00347     0.00063    -0.00073
49367    -0.00386    -0.00001    -0.00118
49398    -0.00458    -0.00029    -0.00150
49426    -0.00494    -0.00022    -0.00167
49457    -0.00393    -0.00016    -0.00092
49487    -0.00364    -0.00014    -0.00023
49518    -0.00175     0.00005     0.00049
49548     0.00016     0.00046     0.00052
49579     0.00257     0.00051     0.00017
49610     0.00323     0.00018    -0.00045
49640     0.00244    -0.00004    -0.00073
49671    -0.00132    -0.00011    -0.00136
49701    -0.00347    -0.00019    -0.00196
49732    -0.00474    -0.00033    -0.00258
49763    -0.00440    -0.00045    -0.00305
49791    -0.00441    -0.00062    -0.00319
49822    -0.00382    -0.00081    -0.00225
49852    -0.00509    -0.00052    -0.00085
49883    -0.00556    -0.00053     0.00024
49913    -0.00167    -0.00013     0.00035
49944     0.00099    -0.00017    -0.00028
49975     0.00279    -0.00020    -0.00094
50005     0.00212    -0.00025    -0.00118
50036     0.00122    -0.00011    -0.00149
50066     0.00033    -0.00059    -0.00166
50097    -0.00177    -0.00098    -0.00246
50128    -0.00283    -0.00116    -0.00314
50157    -0.00238    -0.00109    -0.00342
50188    -0.00168    -0.00098    -0.00299
50218     0.00011    -0.00058    -0.00132
50249     0.00267    -0.00047     0.00028
50279     0.00515    -0.00041     0.00168
50310     0.00683    -0.00030     0.00258
50341     0.00701    -0.00046     0.00271
50371     0.00675    -0.00051     0.00233
50402     0.00513    -0.00056     0.00161
50432     0.00303    -0.00064     0.00062
50463     0.00160    -0.00083    -0.00030
50494    -0.00132    -0.00097    -0.00124
50522    -0.00325    -0.00119    -0.00191
50553    -0.00446    -0.00167    -0.00186
50583    -0.00519    -0.00175    -0.00139
50614    -0.00452    -0.00131    -0.00039
50644    -0.00146    -0.00068    -0.00005
50675     0.00052    -0.00026    -0.00008
50706     0.00048    -0.00007    -0.00049
50736    -0.00225    -0.00032    -0.00129
50767    -0.00473    -0.00066    -0.00232
50797    -0.00710    -0.00135    -0.00319
50828    -0.00849    -0.00165    -0.00384
50859    -0.00850    -0.00167    -0.00398
50887    -0.00905    -0.00154    -0.00408
50918    -0.00741    -0.00133    -0.00324
50948    -0.00529    -0.00079    -0.00188
50979    -0.00291    -0.00022    -0.00053
51009     0.00044     0.00021    -0.00046
51040     0.00348     0.00005    -0.00085
51071     0.00417    -0.00000    -0.00164
51101    -0.00014     0.00015    -0.00206
51132    -0.00356    -0.00009    -0.00225
51162    -0.00491    -0.00026    -0.00258
51193    -0.00600    -0.00038    -0.00288
51224    -0.00706    -0.00065    -0.00293
51252    -0.00662    -0.00079    -0.00280
51283    -0.00652    -0.00074    -0.00194
51313    -0.00708    -0.00056    -0.00085
51344    -0.00535    -0.00011    -0.00001
51374    -0.00357    -0.00011     0.00038
51405     0.00135    -0.00037     0.00001
51436     0.00253    -0.00051    -0.00023
51466     0.00230    -0.00040    -0.00051
51497     0.00188    -0.00045    -0.00079
51527    -0.00094    -0.00057    -0.00083
51558    -0.00147    -0.00153    -0.00078
51589    -0.00138    -0.00203    -0.00080
51618    -0.00246    -0.00207    -0.00084
51649    -0.00258    -0.00209    -0.00084
51679    -0.00043    -0.00152    -0.00069
51710    -0.00014    -0.00082    -0.00041
51740     0.00073    -0.00029     0.00016
51771     0.00471     0.00005     0.00011
51802     0.00635    -0.00008    -0.00001
51832     0.00535    -0.00041    -0.00053
51863     0.00052    -0.00115    -0.00095
51893    -0.00095    -0.00139    -0.00124
51924    -0.00263    -0.00138    -0.00151
51955    -0.00478    -0.00089    -0.00172
51983    -0.00618    -0.00081    -0.00173
52014    -0.00384    -0.00090    -0.00122
52044    -0.00072    -0.00059    -0.00029
52075     0.00119     0.00002     0.00055
52105     0.00459     0.00049     0.00089
52136     0.00685     0.00073     0.00078
52167     0.00611     0.00080     0.00050
52197     0.00508     0.00094     0.00021
52228     0.00453     0.00065    -0.00017
52258     0.00150     0.00059    -0.00043
52289     0.00043     0.00016    -0.00069
52320    -0.00094     0.00012    -0.00084
52348    -0.00156     0.00033    -0.00095
52379    -0.00255     0.00030    -0.00061
52409    -0.00162     0.00079     0.00048
52440     0.00064     0.00101     0.00158
52470     0.00347     0.00121     0.00154
52501     0.00546     0.00118     0.00147
52532     0.00615     0.00097     0.00113
52562     0.00409     0.00083     0.00044
52593     0.00152     0.00043    -0.00016
52623     0.00033     0.00023    -0.00035
52654    -0.00053    -0.00018    -0.00046
52685    -0.00107    -0.00037    -0.00049
52713    -0.00204    -0.00035    -0.00024
52744    -0.00127    -0.00047     0.00039
52774    -0.00033     0.00011     0.00135
52805     0.00042     0.00045     0.00203
52835     0.00328     0.00088     0.00187
52866     0.00560     0.00102     0.00134
52897     0.00457     0.00089     0.00088
52927     0.00393     0.00091     0.00054
52958     0.00259     0.00086     0.00023
52988     0.00115     0.00082     0.00009
53019    -0.00009     0.00039     0.00003
53050    -0.00144     0.00001    -0.00013
53079    -0.00294    -0.00030    -0.00010
53110    -0.00242    -0.00059     0.00014
53140    -0.00199    -0.00003     0.00064
53171    -0.00090     0.00056     0.00112
53201    -0.00057     0.00077     0.00141
53232     0.00182     0.00072     0.00109
53263     0.00351     0.00090     0.00059
53293     0.00230     0.00069     0.00015
53324    -0.00190     0.00054    -0.00007
53354    -0.00422     0.00009    -0.00044
53385    -0.00579    -0.00024    -0.00046
53416    -0.00678    -0.00061    -0.00053
53444    -0.00629    -0.00091    -0.00052
53475    -0.00501    -0.00061    -0.00006
53505    -0.00198    -0.00067     0.00049
53536     0.00007    -0.00044     0.00148
53566     0.00368     0.00019     0.00159
53597     0.00531     0.00046     0.00118
53628     0.00531     0.00060     0.00092
53658     0.00455     0.00069     0.00085
53689     0.00415     0.00075     0.00075
53719     0.00299     0.00028     0.00101
53750     0.00218    -0.00015     0.00112
53781     0.00122    -0.00026     0.00081
53809     0.00056    -0.00061     0.00061
53840     0.00077    -0.00079     0.00085
53870     0.00023    -0.00027     0.00128
53901     0.00300     0.00017     0.00170
53931     0.00578     0.00066     0.00190
53962     0.00729     0.00048     0.00165
53993     0.00662     0.00043     0.00113
54023     0.00527     0.00040     0.00093
54054     0.00341     0.00012     0.00058
54084     0.00114    -0.00000     0.00049
54115    -0.00206    -0.00003     0.00023
54146    -0.00263    -0.00026    -0.00007
54174    -0.00243    -0.00029     0.00010
54205    -0.00320    -0.00050     0.00067
54235    -0.00306    -0.00045     0.00109
54266    -0.00166    -0.00012     0.00140
54296    -0.00107     0.00044     0.00097
54327     0.00281     0.00001     0.00051
54358     0.00363     0.00011    -0.00004
54388     0.00317     0.00033     0.00003
54419     0.00328    -0.00010    -0.00001
54449     0.00127    -0.00047    -0.00005
54480     0.00005    -0.00087     0.00006
54511    -0.00097    -0.00087     0.00005
54540    -0.00292    -0.00065     0.00005
54571    -0.00353    -0.00034     0.00020
54601    -0.00213    -0.00004     0.00098
54632    -0.00041     0.00041     0.00179
54662     0.00241     0.00051     0.00178
54693     0.00443     0.00027     0.00108
54724     0.00322     0.00031     0.00038
54754     0.00318     0.00016     0.00010
54785     0.00259     0.00022    -0.00020
54815     0.00147     0.00000    -0.00017
54846     0.00056    -0.00018    -0.00018
54877     0.00045    -0.00059    -0.00036
54905     0.00010    -0.00065    -0.00045
54936    -0.00075    -0.00047    -0.00012
54966    -0.00228     0.00011     0.00040
54997     0.00054     0.00035     0.00123
55027     0.00375     0.00041     0.00138
55058     0.00491     0.00041     0.00102
55089     0.00477     0.00041     0.00053
55119     0.00181     0.00088     0.00009
55150    -0.00020     0.00040    -0.00018
55180    -0.00080    -0.00012    -0.00034
55211    -0.00157    -0.00059    -0.00061
55242    -0.00354    -0.00059    -0.00097
55270    -0.00348    -0.00088    -0.00095
55301    -0.00221    -0.00085    -0.00051
55331    -0.00113    -0.00056     0.00013
55362     0.00047    -0.00017     0.00098
55392     0.00123    -0.00003     0.00113
55423     0.00470    -0.00000     0.00067
55454     0.00495     0.00022    -0.00016
55484     0.00528     0.00032    -0.00055
55515     0.00437     0.00009    -0.00072
55545     0.00308    -0.00023    -0.00093
55576     0.00195    -0.00065    -0.00093
55607     0.00097    -0.00075    -0.00097
55635     0.00027    -0.00071    -0.00072
55666     0.00046    -0.00044    -0.00013
55696    -0.00004     0.00008     0.00054
55727     0.00174     0.00039     0.00133
55757     0.00495     0.00069     0.00139
55788     0.00687     0.00073     0.00104
55819     0.00757     0.00076     0.00038
55849     0.00674     0.00031     0.00004
55880     0.00493     0.00012    -0.00004
55910     0.00219     0.00023    -0.00016
55941     0.00115    -0.00002    -0.00038
55972    -0.00053    -0.00003    -0.00047
56001    -0.00129     0.00023    -0.00038
56032    -0.00183     0.00024    -0.00002
56062    -0.00002     0.00021     0.00047
56093     0.00257     0.00031     0.00117
56123     0.00628     0.00026     0.00112
56154     0.00817     0.00028     0.00056
56185     0.00834     0.00041    -0.00023
56215     0.00636     0.00029    -0.00054
56246     0.00558    -0.00001    -0.00082
56276     0.00464    -0.00031    -0.00096
56307     0.00214    -0.00031    -0.00121
56338     0.00022    -0.00025    -0.00131
56366    -0.00108    -0.00016    -0.00102
56397    -0.00191    -0.00022    -0.00056
56427    -0.00143     0.00012     0.00035
56458    -0.00129     0.00067     0.00115
56488     0.00241     0.00095     0.00118
56519     0.00265     0.00107     0.00127
56550     0.00442     0.00087     0.00086
56580     0.00282     0.00085     0.00055
56611     0.00073     0.00071     0.00063
56641    -0.00097     0.00059     0.00052
56672    -0.00196     0.00033     0.00053
56703    -0.00235     0.00010     0.00069
56731    -0.00257    -0.00019     0.00102
56762    -0.00229     0.00002     0.00144
56792    -0.00098     0.00005     0.00178
56823    -0.00138     0.00031     0.00232
56853     0.00060     0.00056     0.00230
56884     0.00324     0.00041     0.00163
56915     0.00372     0.00044     0.00113
56945     0.00199     0.00049     0.00078
56976     0.00047     0.00030     0.00041
57006    -0.00118     0.00017     0.00041
57037    -0.00276     0.00027    -0.00008
57068    -0.00353     0.00011    -0.00025
57096    -0.00498     0.00025    -0.00050
57127    -0.00495     0.00022    -0.00039
57157    -0.00710    -0.00002     0.00019
57188    -0.00763     0.00011     0.00099
57218    -0.00545     0.00050     0.00153
57249    -0.00152     0.00049     0.00134
57280     0.00074     0.00054     0.00084
57310     0.00163     0.00049     0.00022
57341    -0.00187     0.00065    -0.00087
57371    -0.00659     0.00089    -0.00144
57402    -0.00836     0.00043    -0.00148
57433    -0.00726     0.00002    -0.00131
57462    -0.00751    -0.00022    -0.00134
57493    -0.00671    -0.00052    -0.00104
57523    -0.00633    -0.00047    -0.00054
57554    -0.00416    -0.00022    -0.00015
