# Hydrology loading displacements computed from the monthly GLDAS NOAH model
# This is a product of the Hydrology loading service: http://lacerta.gsfc.nasa.gov/hydlo/
# Displacements are with respect to the center of mass of the total earth
#
# Created for VieVS on 17.03.2017 at 11:46:08 local time
# OFFSET + TREND REMOVED!!! - Hana 
# mjd up (meters) eastwest (meters) northsouth (meters)
43888     0.00073     0.00015    -0.00101
43919     0.00092     0.00042    -0.00182
43947     0.00081     0.00020    -0.00183
43978     0.00062    -0.00022    -0.00148
44008     0.00052    -0.00063    -0.00025
44039     0.00043    -0.00077     0.00116
44069    -0.00014    -0.00014     0.00233
44100    -0.00042     0.00035     0.00267
44131    -0.00054     0.00028     0.00253
44161    -0.00070     0.00009     0.00219
44192    -0.00035    -0.00002     0.00124
44222     0.00018     0.00003     0.00028
44253     0.00059    -0.00009    -0.00052
44284     0.00060    -0.00003    -0.00104
44313     0.00049     0.00014    -0.00134
44344     0.00041    -0.00017    -0.00089
44374     0.00017    -0.00042     0.00031
44405    -0.00005    -0.00035     0.00160
44435    -0.00037     0.00032     0.00253
44466    -0.00056     0.00081     0.00285
44497    -0.00072     0.00073     0.00258
44527    -0.00074     0.00028     0.00210
44558    -0.00053     0.00010     0.00120
44588    -0.00018     0.00010     0.00034
44619     0.00017     0.00027    -0.00017
44650     0.00062     0.00035    -0.00066
44678     0.00079     0.00043    -0.00114
44709     0.00072     0.00028    -0.00093
44739     0.00073    -0.00011    -0.00017
44770     0.00045    -0.00058     0.00129
44800    -0.00012    -0.00006     0.00227
44831    -0.00048     0.00058     0.00269
44862    -0.00066     0.00066     0.00263
44892    -0.00093     0.00044     0.00196
44923    -0.00094     0.00027     0.00119
44953    -0.00053     0.00005     0.00012
44984     0.00003    -0.00001    -0.00114
45015     0.00022     0.00019    -0.00185
45043     0.00026     0.00023    -0.00197
45074     0.00036    -0.00020    -0.00147
45104     0.00043    -0.00038    -0.00042
45135     0.00050    -0.00087     0.00108
45165     0.00041    -0.00085     0.00237
45196    -0.00006    -0.00003     0.00265
45227    -0.00045     0.00019     0.00253
45257    -0.00029     0.00017     0.00184
45288    -0.00034     0.00033     0.00077
45318    -0.00011     0.00017    -0.00053
45349     0.00005     0.00006    -0.00149
45380     0.00027    -0.00004    -0.00231
45408     0.00007    -0.00029    -0.00235
45439     0.00001    -0.00079    -0.00169
45469    -0.00029    -0.00093    -0.00050
45500    -0.00037    -0.00095     0.00115
45530    -0.00090    -0.00051     0.00254
45561    -0.00120     0.00039     0.00311
45592    -0.00162     0.00067     0.00308
45622    -0.00187     0.00043     0.00247
45653    -0.00162     0.00000     0.00159
45683    -0.00096    -0.00024     0.00014
45714    -0.00051     0.00004    -0.00076
45745    -0.00032    -0.00008    -0.00121
45774    -0.00023    -0.00028    -0.00133
45805     0.00023    -0.00063    -0.00107
45835     0.00010    -0.00092     0.00008
45866    -0.00023    -0.00101     0.00134
45896    -0.00078    -0.00069     0.00256
45927    -0.00113    -0.00022     0.00310
45958    -0.00130    -0.00010     0.00300
45988    -0.00122    -0.00025     0.00227
46019    -0.00082    -0.00062     0.00123
46049    -0.00043    -0.00071     0.00012
46080     0.00029    -0.00085    -0.00100
46111     0.00074    -0.00044    -0.00186
46139     0.00042    -0.00044    -0.00202
46170     0.00055    -0.00052    -0.00140
46200     0.00037    -0.00068    -0.00052
46231     0.00007    -0.00082     0.00099
46261    -0.00006    -0.00030     0.00196
46292    -0.00023     0.00016     0.00221
46323    -0.00070     0.00025     0.00221
46353    -0.00091    -0.00001     0.00176
46384    -0.00072    -0.00028     0.00085
46414    -0.00019    -0.00029    -0.00027
46445     0.00020     0.00003    -0.00122
46476     0.00041    -0.00001    -0.00199
46504     0.00059    -0.00007    -0.00231
46535     0.00049    -0.00023    -0.00170
46565     0.00038    -0.00068    -0.00056
46596     0.00045    -0.00110     0.00096
46626    -0.00013    -0.00056     0.00220
46657    -0.00053     0.00014     0.00271
46688    -0.00053     0.00008     0.00251
46718    -0.00021    -0.00012     0.00188
46749    -0.00006    -0.00009     0.00101
46779     0.00026    -0.00020    -0.00008
46810     0.00049    -0.00021    -0.00090
46841     0.00058    -0.00019    -0.00154
46869     0.00053    -0.00021    -0.00200
46900     0.00058    -0.00048    -0.00162
46930     0.00033    -0.00079    -0.00048
46961     0.00030    -0.00072     0.00064
46991    -0.00016    -0.00066     0.00197
47022    -0.00052    -0.00020     0.00241
47053    -0.00078     0.00019     0.00227
47083    -0.00087     0.00030     0.00182
47114    -0.00092     0.00014     0.00118
47144    -0.00041    -0.00012     0.00015
47175     0.00003    -0.00015    -0.00095
47206     0.00038    -0.00002    -0.00171
47235     0.00063     0.00024    -0.00198
47266     0.00059     0.00003    -0.00132
47296     0.00033     0.00003    -0.00037
47327     0.00010    -0.00009     0.00116
47357    -0.00016     0.00032     0.00204
47388    -0.00043     0.00105     0.00219
47419    -0.00077     0.00124     0.00193
47449    -0.00085     0.00095     0.00155
47480    -0.00056     0.00054     0.00070
47510    -0.00011     0.00033    -0.00035
47541     0.00034     0.00039    -0.00139
47572     0.00052     0.00045    -0.00208
47600     0.00037     0.00040    -0.00226
47631     0.00031     0.00037    -0.00165
47661     0.00024     0.00014    -0.00056
47692     0.00002    -0.00026     0.00099
47722    -0.00024     0.00010     0.00219
47753    -0.00036     0.00057     0.00262
47784    -0.00059     0.00061     0.00242
47814    -0.00069     0.00062     0.00179
47845    -0.00061     0.00033     0.00089
47875     0.00017     0.00041    -0.00036
47906     0.00069     0.00048    -0.00144
47937     0.00091     0.00055    -0.00230
47965     0.00064     0.00039    -0.00243
47996     0.00056     0.00021    -0.00169
48026     0.00057    -0.00012    -0.00061
48057     0.00011    -0.00028     0.00078
48087    -0.00029     0.00005     0.00184
48118    -0.00058     0.00034     0.00240
48149    -0.00075     0.00041     0.00227
48179    -0.00091     0.00028     0.00158
48210    -0.00088     0.00010     0.00055
48240    -0.00053     0.00003    -0.00070
48271    -0.00022     0.00013    -0.00161
48302    -0.00006     0.00045    -0.00197
48330     0.00018     0.00049    -0.00260
48361     0.00036     0.00016    -0.00224
48391     0.00046    -0.00029    -0.00136
48422     0.00028    -0.00026     0.00026
48452    -0.00011    -0.00016     0.00156
48483    -0.00054     0.00042     0.00213
48514    -0.00085     0.00031     0.00214
48544    -0.00098     0.00012     0.00160
48575    -0.00097    -0.00010     0.00077
48605    -0.00080    -0.00019    -0.00026
48636    -0.00038    -0.00028    -0.00132
48667    -0.00010    -0.00045    -0.00206
48696    -0.00014    -0.00078    -0.00235
48727     0.00006    -0.00097    -0.00209
48757    -0.00008    -0.00112    -0.00081
48788    -0.00015    -0.00130     0.00064
48818    -0.00044    -0.00097     0.00165
48849    -0.00067    -0.00031     0.00206
48880    -0.00064    -0.00016     0.00183
48910    -0.00079    -0.00010     0.00136
48941    -0.00049    -0.00023     0.00019
48971    -0.00009    -0.00044    -0.00054
49002     0.00017    -0.00032    -0.00129
49033     0.00039     0.00003    -0.00193
49061     0.00045     0.00004    -0.00232
49092     0.00049    -0.00023    -0.00209
49122     0.00032    -0.00030    -0.00118
49153     0.00013    -0.00042     0.00022
49183    -0.00023    -0.00026     0.00108
49214    -0.00066     0.00030     0.00148
49245    -0.00079     0.00049     0.00126
49275    -0.00081     0.00036     0.00079
49306    -0.00067     0.00006    -0.00001
49336    -0.00036    -0.00009    -0.00091
49367     0.00032    -0.00008    -0.00203
49398     0.00072     0.00003    -0.00267
49426     0.00063     0.00004    -0.00278
49457     0.00054    -0.00025    -0.00236
49487     0.00052    -0.00051    -0.00151
49518     0.00048    -0.00059    -0.00041
49548     0.00004    -0.00009     0.00030
49579    -0.00021     0.00055     0.00068
49610    -0.00047     0.00075     0.00050
49640    -0.00032     0.00043    -0.00009
49671     0.00007     0.00031    -0.00116
49701     0.00018     0.00032    -0.00224
49732     0.00030     0.00041    -0.00305
49763     0.00034     0.00065    -0.00362
49791     0.00048     0.00071    -0.00385
49822     0.00059     0.00027    -0.00332
49852     0.00064    -0.00015    -0.00233
49883     0.00036    -0.00038    -0.00101
49913    -0.00011     0.00005     0.00007
49944    -0.00046     0.00082     0.00032
49975    -0.00076     0.00107     0.00025
50005    -0.00071     0.00086    -0.00026
50036    -0.00054     0.00052    -0.00114
50066     0.00012     0.00030    -0.00203
50097     0.00068     0.00046    -0.00309
50128     0.00091     0.00066    -0.00394
50157     0.00096     0.00085    -0.00426
50188     0.00100     0.00071    -0.00376
50218     0.00110    -0.00001    -0.00233
50249     0.00131    -0.00038    -0.00053
50279     0.00134    -0.00087     0.00106
50310     0.00132    -0.00108     0.00215
50341     0.00143    -0.00112     0.00234
50371     0.00147    -0.00101     0.00191
50402     0.00159    -0.00087     0.00104
50432     0.00166    -0.00059    -0.00002
50463     0.00190    -0.00024    -0.00116
50494     0.00205     0.00013    -0.00228
50522     0.00220     0.00042    -0.00311
50553     0.00236     0.00068    -0.00292
50583     0.00229     0.00064    -0.00235
50614     0.00189     0.00023    -0.00120
50644     0.00107     0.00033    -0.00023
50675     0.00027     0.00058     0.00040
50706    -0.00012     0.00071     0.00015
50736     0.00010     0.00088    -0.00091
50767     0.00045     0.00112    -0.00220
50797     0.00104     0.00140    -0.00340
50828     0.00120     0.00146    -0.00427
50859     0.00110     0.00121    -0.00477
50887     0.00092     0.00098    -0.00513
50918     0.00071     0.00061    -0.00461
50948     0.00031     0.00007    -0.00326
50979    -0.00002    -0.00027    -0.00175
51009    -0.00046     0.00035    -0.00081
51040    -0.00067     0.00108    -0.00027
51071    -0.00082     0.00144    -0.00033
51101    -0.00086     0.00124    -0.00108
51132    -0.00069     0.00074    -0.00192
51162    -0.00029     0.00048    -0.00271
51193     0.00018     0.00035    -0.00351
51224     0.00047     0.00030    -0.00390
51252     0.00056     0.00033    -0.00381
51283     0.00053     0.00002    -0.00306
51313     0.00032    -0.00032    -0.00206
51344    -0.00013    -0.00053    -0.00068
51374    -0.00027    -0.00039     0.00026
51405    -0.00052     0.00037     0.00068
51436    -0.00064     0.00053     0.00066
51466    -0.00064     0.00057     0.00025
51497    -0.00054     0.00049    -0.00019
51527    -0.00007     0.00031    -0.00083
51558     0.00104     0.00032    -0.00161
51589     0.00164     0.00040    -0.00210
51618     0.00176     0.00050    -0.00224
51649     0.00183     0.00046    -0.00217
51679     0.00134     0.00059    -0.00141
51710     0.00068     0.00031    -0.00036
51740     0.00026     0.00020     0.00065
51771    -0.00030     0.00044     0.00122
51802    -0.00037     0.00044     0.00114
51832    -0.00039     0.00049     0.00058
51863     0.00007     0.00029    -0.00015
51893     0.00068     0.00044    -0.00074
51924     0.00081     0.00019    -0.00136
51955     0.00054     0.00009    -0.00167
51983     0.00062    -0.00001    -0.00194
52014     0.00066    -0.00001    -0.00168
52044     0.00028    -0.00027    -0.00062
52075    -0.00005    -0.00036     0.00039
52105    -0.00055    -0.00016     0.00153
52136    -0.00108     0.00030     0.00221
52167    -0.00124     0.00028     0.00216
52197    -0.00128     0.00035     0.00170
52228    -0.00105     0.00047     0.00101
52258    -0.00047     0.00017     0.00019
52289     0.00008     0.00014    -0.00055
52320     0.00026     0.00006    -0.00098
52348     0.00022    -0.00003    -0.00121
52379     0.00037    -0.00042    -0.00112
52409     0.00004    -0.00080    -0.00026
52440    -0.00029    -0.00113     0.00106
52470    -0.00087    -0.00085     0.00217
52501    -0.00120    -0.00031     0.00267
52532    -0.00123    -0.00001     0.00251
52562    -0.00111     0.00004     0.00164
52593    -0.00062     0.00001     0.00066
52623    -0.00024    -0.00013     0.00002
52654     0.00031    -0.00016    -0.00059
52685     0.00063    -0.00022    -0.00099
52713     0.00082    -0.00040    -0.00106
52744     0.00095    -0.00055    -0.00081
52774     0.00062    -0.00096    -0.00006
52805     0.00033    -0.00124     0.00098
52835    -0.00026    -0.00071     0.00200
52866    -0.00069    -0.00006     0.00246
52897    -0.00102     0.00029     0.00226
52927    -0.00114     0.00018     0.00175
52958    -0.00093    -0.00005     0.00088
52988    -0.00054    -0.00016     0.00019
53019     0.00010    -0.00025    -0.00047
53050     0.00060    -0.00023    -0.00087
53079     0.00077    -0.00030    -0.00107
53110     0.00099    -0.00022    -0.00098
53140     0.00068    -0.00058    -0.00035
53171     0.00018    -0.00073     0.00067
53201    -0.00022    -0.00052     0.00164
53232    -0.00063     0.00008     0.00208
53263    -0.00106     0.00023     0.00188
53293    -0.00100     0.00014     0.00130
53324    -0.00053    -0.00013     0.00045
53354     0.00018     0.00002    -0.00037
53385     0.00061    -0.00004    -0.00103
53416     0.00088    -0.00033    -0.00156
53444     0.00106    -0.00049    -0.00189
53475     0.00094    -0.00067    -0.00154
53505     0.00074    -0.00071    -0.00088
53536     0.00039    -0.00091     0.00033
53566    -0.00029    -0.00054     0.00157
53597    -0.00098    -0.00001     0.00219
53628    -0.00133     0.00026     0.00222
53658    -0.00135     0.00004     0.00182
53689    -0.00127    -0.00021     0.00129
53719    -0.00048    -0.00072     0.00049
53750     0.00024    -0.00095    -0.00013
53781     0.00062    -0.00090    -0.00062
53809     0.00097    -0.00074    -0.00094
53840     0.00113    -0.00070    -0.00072
53870     0.00068    -0.00081     0.00001
53901     0.00002    -0.00084     0.00116
53931    -0.00076    -0.00053     0.00246
53962    -0.00097     0.00008     0.00284
53993    -0.00120     0.00027     0.00258
54023    -0.00098    -0.00005     0.00200
54054    -0.00034    -0.00020     0.00101
54084     0.00010    -0.00032     0.00030
54115     0.00052    -0.00047    -0.00023
54146     0.00074    -0.00031    -0.00067
54174     0.00073    -0.00053    -0.00083
54205     0.00084    -0.00086    -0.00057
54235     0.00069    -0.00087     0.00002
54266     0.00014    -0.00075     0.00112
54296    -0.00049    -0.00012     0.00203
54327    -0.00069     0.00060     0.00230
54358    -0.00091     0.00093     0.00198
54388    -0.00094     0.00072     0.00158
54419    -0.00041     0.00072     0.00097
54449     0.00020     0.00049     0.00015
54480     0.00089     0.00029    -0.00054
54511     0.00119     0.00009    -0.00104
54540     0.00137    -0.00026    -0.00146
54571     0.00121    -0.00035    -0.00134
54601     0.00081    -0.00065    -0.00047
54632     0.00033    -0.00065     0.00060
54662    -0.00019    -0.00021     0.00153
54693    -0.00056     0.00047     0.00185
54724    -0.00076     0.00066     0.00152
54754    -0.00087     0.00061     0.00102
54785    -0.00088     0.00059     0.00043
54815    -0.00027     0.00022    -0.00031
54846     0.00022     0.00007    -0.00093
54877     0.00067     0.00024    -0.00140
54905     0.00080     0.00010    -0.00176
54936     0.00079    -0.00015    -0.00165
54966     0.00049    -0.00040    -0.00085
54997     0.00007    -0.00059     0.00042
55027    -0.00041    -0.00022     0.00144
55058    -0.00071     0.00034     0.00183
55089    -0.00088     0.00066     0.00180
55119    -0.00090     0.00049     0.00128
55150    -0.00025     0.00040     0.00026
55180     0.00038     0.00030    -0.00052
55211     0.00084     0.00041    -0.00122
55242     0.00084     0.00021    -0.00163
55270     0.00103     0.00032    -0.00180
55301     0.00093     0.00012    -0.00146
55331     0.00066    -0.00010    -0.00082
55362     0.00029    -0.00021     0.00020
55392    -0.00023     0.00007     0.00141
55423    -0.00070     0.00083     0.00198
55454    -0.00112     0.00127     0.00173
55484    -0.00142     0.00121     0.00124
55515    -0.00110     0.00094     0.00044
55545    -0.00057     0.00073    -0.00052
55576     0.00007     0.00045    -0.00124
55607     0.00045     0.00031    -0.00170
55635     0.00076     0.00008    -0.00196
55666     0.00080    -0.00029    -0.00168
55696     0.00057    -0.00056    -0.00088
55727    -0.00005    -0.00048     0.00052
55757    -0.00067    -0.00016     0.00167
55788    -0.00110     0.00044     0.00224
55819    -0.00140     0.00083     0.00213
55849    -0.00109     0.00088     0.00160
55880    -0.00067     0.00071     0.00096
55910    -0.00031     0.00040     0.00031
55941     0.00012     0.00029    -0.00033
55972     0.00034     0.00007    -0.00067
56001     0.00032    -0.00012    -0.00061
56032     0.00033    -0.00037    -0.00048
56062     0.00018    -0.00051    -0.00001
56093    -0.00014    -0.00055     0.00119
56123    -0.00061    -0.00000     0.00218
56154    -0.00107     0.00076     0.00252
56185    -0.00146     0.00135     0.00226
56215    -0.00130     0.00111     0.00164
56246    -0.00101     0.00111     0.00074
56276    -0.00055     0.00094    -0.00001
56307    -0.00010     0.00066    -0.00066
56338     0.00024     0.00049    -0.00118
56366     0.00038     0.00025    -0.00133
56397     0.00058     0.00013    -0.00117
56427     0.00042    -0.00015    -0.00031
56458     0.00001    -0.00051     0.00070
56488    -0.00065    -0.00019     0.00183
56519    -0.00111     0.00030     0.00238
56550    -0.00130     0.00040     0.00242
56580    -0.00124     0.00026     0.00197
56611    -0.00082    -0.00015     0.00135
56641    -0.00036    -0.00038     0.00077
56672     0.00022    -0.00041     0.00029
56703     0.00061    -0.00051    -0.00001
56731     0.00097    -0.00079    -0.00016
56762     0.00097    -0.00098     0.00015
56792     0.00089    -0.00107     0.00056
56823     0.00048    -0.00121     0.00137
56853    -0.00010    -0.00085     0.00220
56884    -0.00049     0.00000     0.00256
56915    -0.00071     0.00038     0.00221
56945    -0.00064     0.00034     0.00154
56976    -0.00038     0.00008     0.00075
57006    -0.00000    -0.00034     0.00008
57037     0.00021    -0.00033    -0.00049
57068     0.00042    -0.00056    -0.00110
57096     0.00055    -0.00075    -0.00137
57127     0.00060    -0.00077    -0.00118
57157     0.00049    -0.00110    -0.00046
57188     0.00020    -0.00124     0.00059
57218    -0.00009    -0.00100     0.00155
57249    -0.00054    -0.00026     0.00193
57280    -0.00095     0.00011     0.00181
57310    -0.00117     0.00014     0.00131
57341    -0.00104     0.00015     0.00042
57371    -0.00088     0.00022    -0.00043
57402    -0.00027     0.00019    -0.00112
57433     0.00014    -0.00005    -0.00161
57462     0.00058    -0.00030    -0.00200
57493     0.00078    -0.00034    -0.00189
57523     0.00059    -0.00036    -0.00124
57554     0.00020    -0.00035    -0.00009
