# Hydrology loading displacements computed from the monthly GLDAS NOAH model
# This is a product of the Hydrology loading service: http://lacerta.gsfc.nasa.gov/hydlo/
# Displacements are with respect to the center of mass of the total earth
#
# Created for VieVS on 17.03.2017 at 11:46:08 local time
# OFFSET + TREND REMOVED!!! - Hana 
# mjd up (meters) eastwest (meters) northsouth (meters)
43888    -0.00433    -0.00138    -0.00011
43919    -0.00479    -0.00196    -0.00060
43947    -0.00492    -0.00171    -0.00060
43978    -0.00373    -0.00117    -0.00027
44008    -0.00212    -0.00042     0.00062
44039    -0.00094     0.00008     0.00150
44069     0.00271     0.00059     0.00140
44100     0.00346     0.00060     0.00106
44131     0.00139     0.00043     0.00083
44161    -0.00062     0.00048     0.00086
44192    -0.00140     0.00003     0.00054
44222    -0.00153    -0.00056     0.00030
44253    -0.00236    -0.00099     0.00008
44284    -0.00238    -0.00113    -0.00029
44313    -0.00278    -0.00125    -0.00050
44344    -0.00321    -0.00098     0.00005
44374    -0.00122    -0.00015     0.00080
44405     0.00116     0.00048     0.00144
44435     0.00385     0.00080     0.00144
44466     0.00531     0.00075     0.00125
44497     0.00584     0.00081     0.00101
44527     0.00491     0.00103     0.00087
44558     0.00303     0.00071     0.00048
44588     0.00164     0.00016     0.00023
44619     0.00180    -0.00021     0.00009
44650     0.00034    -0.00069    -0.00005
44678    -0.00046    -0.00103    -0.00023
44709    -0.00024    -0.00086     0.00007
44739     0.00039    -0.00038     0.00083
44770     0.00061     0.00030     0.00175
44800     0.00292     0.00072     0.00160
44831     0.00473     0.00073     0.00104
44862     0.00477     0.00070     0.00084
44892     0.00439     0.00095     0.00051
44923     0.00268     0.00073     0.00018
44953     0.00099     0.00034    -0.00014
44984    -0.00213    -0.00053    -0.00072
45015    -0.00402    -0.00109    -0.00106
45043    -0.00402    -0.00113    -0.00112
45074    -0.00308    -0.00069    -0.00037
45104    -0.00106    -0.00029     0.00038
45135    -0.00046     0.00017     0.00168
45165     0.00202     0.00057     0.00237
45196     0.00334     0.00055     0.00153
45227     0.00406     0.00076     0.00113
45257     0.00330     0.00052     0.00077
45288     0.00164     0.00019    -0.00005
45318    -0.00140    -0.00058    -0.00068
45349    -0.00256    -0.00076    -0.00108
45380    -0.00435    -0.00110    -0.00132
45408    -0.00486    -0.00076    -0.00131
45439    -0.00566    -0.00039    -0.00055
45469    -0.00349     0.00029     0.00026
45500    -0.00127     0.00088     0.00140
45530     0.00262     0.00154     0.00153
45561     0.00664     0.00181     0.00100
45592     0.00807     0.00215     0.00043
45622     0.00651     0.00219     0.00014
45653     0.00315     0.00174     0.00006
45683    -0.00242     0.00061    -0.00022
45714    -0.00399    -0.00011    -0.00078
45745    -0.00461    -0.00030    -0.00088
45774    -0.00537    -0.00039    -0.00070
45805    -0.00504    -0.00052     0.00006
45835    -0.00302     0.00006     0.00094
45866    -0.00008     0.00098     0.00150
45896     0.00181     0.00165     0.00165
45927     0.00201     0.00160     0.00121
45958     0.00329     0.00176     0.00105
45988     0.00248     0.00158     0.00077
46019     0.00029     0.00103     0.00071
46049    -0.00207     0.00036     0.00040
46080    -0.00375    -0.00049     0.00024
46111    -0.00505    -0.00134    -0.00037
46139    -0.00412    -0.00106    -0.00052
46170    -0.00233    -0.00079     0.00021
46200    -0.00049    -0.00019     0.00071
46231     0.00110     0.00059     0.00161
46261     0.00370     0.00083     0.00173
46292     0.00399     0.00068     0.00105
46323     0.00457     0.00099     0.00066
46353     0.00316     0.00126     0.00042
46384    -0.00113     0.00035     0.00008
46414    -0.00347    -0.00049    -0.00012
46445    -0.00295    -0.00087    -0.00053
46476    -0.00451    -0.00119    -0.00072
46504    -0.00426    -0.00134    -0.00069
46535    -0.00206    -0.00083    -0.00020
46565     0.00026     0.00006     0.00072
46596     0.00210     0.00071     0.00194
46626     0.00512     0.00142     0.00199
46657     0.00609     0.00163     0.00153
46688     0.00595     0.00153     0.00133
46718     0.00492     0.00117     0.00132
46749     0.00289     0.00061     0.00081
46779    -0.00050    -0.00001     0.00043
46810    -0.00276    -0.00054    -0.00003
46841    -0.00365    -0.00081    -0.00046
46869    -0.00367    -0.00097    -0.00086
46900    -0.00369    -0.00084    -0.00035
46930    -0.00154     0.00006     0.00038
46961     0.00095     0.00049     0.00095
46991     0.00325     0.00119     0.00144
47022     0.00592     0.00148     0.00113
47053     0.00577     0.00141     0.00073
47083     0.00564     0.00147     0.00051
47114     0.00463     0.00148     0.00024
47144     0.00217     0.00087     0.00009
47175    -0.00036     0.00007    -0.00042
47206    -0.00211    -0.00049    -0.00065
47235    -0.00200    -0.00094    -0.00073
47266    -0.00098    -0.00061    -0.00028
47296     0.00038     0.00005     0.00019
47327     0.00352     0.00095     0.00099
47357     0.00658     0.00141     0.00086
47388     0.00708     0.00123     0.00028
47419     0.00658     0.00107    -0.00030
47449     0.00550     0.00111    -0.00037
47480     0.00311     0.00084    -0.00032
47510     0.00146     0.00027    -0.00057
47541    -0.00035    -0.00049    -0.00091
47572    -0.00132    -0.00088    -0.00121
47600    -0.00275    -0.00091    -0.00154
47631    -0.00242    -0.00078    -0.00118
47661    -0.00198    -0.00045    -0.00023
47692    -0.00114     0.00025     0.00096
47722     0.00072     0.00038     0.00120
47753     0.00248     0.00045     0.00098
47784     0.00248     0.00039     0.00058
47814     0.00088     0.00027     0.00011
47845    -0.00041     0.00025    -0.00011
47875    -0.00137    -0.00061    -0.00046
47906    -0.00274    -0.00127    -0.00078
47937    -0.00404    -0.00171    -0.00109
47965    -0.00340    -0.00136    -0.00138
47996    -0.00268    -0.00095    -0.00082
48026    -0.00181    -0.00056     0.00017
48057    -0.00041     0.00020     0.00087
48087     0.00308     0.00078     0.00113
48118     0.00386     0.00107     0.00110
48149     0.00435     0.00113     0.00095
48179     0.00277     0.00097     0.00057
48210     0.00061     0.00065    -0.00005
48240    -0.00133     0.00007    -0.00057
48271    -0.00368    -0.00064    -0.00111
48302    -0.00332    -0.00092    -0.00160
48330    -0.00384    -0.00127    -0.00183
48361    -0.00340    -0.00117    -0.00126
48391    -0.00181    -0.00073    -0.00040
48422     0.00179    -0.00002     0.00038
48452     0.00415     0.00064     0.00061
48483     0.00564     0.00093     0.00017
48514     0.00608     0.00137     0.00011
48544     0.00528     0.00159     0.00003
48575     0.00413     0.00145    -0.00030
48605     0.00135     0.00083    -0.00059
48636    -0.00094     0.00018    -0.00105
48667    -0.00186    -0.00008    -0.00121
48696    -0.00318    -0.00001    -0.00116
48727    -0.00318    -0.00004    -0.00064
48757    -0.00148     0.00054     0.00023
48788     0.00000     0.00104     0.00107
48818     0.00228     0.00143     0.00133
48849     0.00277     0.00133     0.00091
48880     0.00235     0.00116     0.00073
48910     0.00222     0.00117     0.00029
48941     0.00016     0.00062    -0.00018
48971    -0.00173     0.00014    -0.00025
49002    -0.00318    -0.00043    -0.00070
49033    -0.00345    -0.00085    -0.00116
49061    -0.00520    -0.00117    -0.00130
49092    -0.00495    -0.00105    -0.00093
49122    -0.00271    -0.00047    -0.00037
49153    -0.00028     0.00024     0.00051
49183     0.00234     0.00070     0.00060
49214     0.00464     0.00103     0.00018
49245     0.00493     0.00108    -0.00018
49275     0.00407     0.00114    -0.00023
49306     0.00218     0.00090    -0.00053
49336    -0.00087     0.00025    -0.00062
49367    -0.00347    -0.00065    -0.00089
49398    -0.00539    -0.00141    -0.00115
49426    -0.00617    -0.00148    -0.00132
49457    -0.00498    -0.00117    -0.00088
49487    -0.00323    -0.00071    -0.00017
49518    -0.00098    -0.00016     0.00050
49548    -0.00044    -0.00003     0.00028
49579    -0.00047    -0.00031    -0.00011
49610     0.00017    -0.00033    -0.00055
49640    -0.00018    -0.00034    -0.00072
49671    -0.00141    -0.00077    -0.00111
49701    -0.00324    -0.00118    -0.00166
49732    -0.00416    -0.00148    -0.00214
49763    -0.00448    -0.00169    -0.00269
49791    -0.00457    -0.00179    -0.00276
49822    -0.00336    -0.00148    -0.00194
49852    -0.00292    -0.00113    -0.00098
49883    -0.00164    -0.00056    -0.00037
49913     0.00037    -0.00010    -0.00043
49944     0.00209    -0.00015    -0.00108
49975     0.00345     0.00008    -0.00162
50005     0.00149     0.00002    -0.00168
50036    -0.00112    -0.00017    -0.00180
50066    -0.00235    -0.00072    -0.00172
50097    -0.00357    -0.00147    -0.00216
50128    -0.00439    -0.00192    -0.00266
50157    -0.00420    -0.00205    -0.00289
50188    -0.00326    -0.00182    -0.00239
50218    -0.00215    -0.00101    -0.00081
50249     0.00004    -0.00033     0.00077
50279     0.00276     0.00063     0.00209
50310     0.00449     0.00122     0.00286
50341     0.00538     0.00131     0.00301
50371     0.00528     0.00122     0.00265
50402     0.00401     0.00081     0.00217
50432     0.00204     0.00025     0.00136
50463    -0.00013    -0.00052     0.00056
50494    -0.00238    -0.00126    -0.00040
50522    -0.00422    -0.00202    -0.00103
50553    -0.00402    -0.00254    -0.00108
50583    -0.00342    -0.00250    -0.00074
50614    -0.00226    -0.00181    -0.00005
50644    -0.00034    -0.00095    -0.00016
50675     0.00133    -0.00027    -0.00044
50706     0.00116    -0.00016    -0.00093
50736    -0.00031    -0.00072    -0.00167
50767    -0.00297    -0.00160    -0.00242
50797    -0.00431    -0.00252    -0.00300
50828    -0.00535    -0.00293    -0.00339
50859    -0.00655    -0.00281    -0.00363
50887    -0.00658    -0.00257    -0.00376
50918    -0.00569    -0.00210    -0.00331
50948    -0.00455    -0.00125    -0.00236
50979    -0.00267    -0.00044    -0.00136
51009    -0.00089    -0.00014    -0.00143
51040     0.00164    -0.00020    -0.00189
51071     0.00290    -0.00010    -0.00239
51101     0.00187    -0.00017    -0.00270
51132     0.00110    -0.00019    -0.00289
51162    -0.00063    -0.00057    -0.00296
51193    -0.00368    -0.00122    -0.00303
51224    -0.00490    -0.00155    -0.00287
51252    -0.00482    -0.00159    -0.00262
51283    -0.00379    -0.00125    -0.00188
51313    -0.00199    -0.00060    -0.00114
51344     0.00088     0.00047    -0.00043
51374     0.00261     0.00078    -0.00016
51405     0.00467     0.00081    -0.00048
51436     0.00291     0.00080    -0.00067
51466     0.00050     0.00047    -0.00089
51497     0.00036     0.00030    -0.00097
51527    -0.00065    -0.00015    -0.00088
51558    -0.00168    -0.00123    -0.00052
51589    -0.00249    -0.00179    -0.00049
51618    -0.00251    -0.00201    -0.00049
51649    -0.00295    -0.00219    -0.00037
51679    -0.00099    -0.00153    -0.00034
51710    -0.00015    -0.00062    -0.00018
51740    -0.00023    -0.00019     0.00005
51771    -0.00013     0.00007    -0.00004
51802    -0.00008     0.00002    -0.00031
51832     0.00070     0.00001    -0.00060
51863     0.00087    -0.00030    -0.00060
51893    -0.00048    -0.00103    -0.00055
51924    -0.00188    -0.00117    -0.00060
51955    -0.00301    -0.00106    -0.00082
51983    -0.00382    -0.00119    -0.00086
52014    -0.00345    -0.00113    -0.00053
52044    -0.00025    -0.00012     0.00008
52075     0.00063     0.00051     0.00051
52105     0.00367     0.00135     0.00067
52136     0.00549     0.00162     0.00020
52167     0.00612     0.00179     0.00002
52197     0.00606     0.00175    -0.00015
52228     0.00610     0.00142    -0.00040
52258     0.00398     0.00075    -0.00029
52289     0.00251     0.00010    -0.00037
52320     0.00148    -0.00015    -0.00049
52348     0.00069    -0.00014    -0.00051
52379    -0.00009    -0.00011    -0.00003
52409     0.00029     0.00056     0.00076
52440     0.00236     0.00161     0.00168
52470     0.00520     0.00226     0.00152
52501     0.00733     0.00238     0.00109
52532     0.00738     0.00228     0.00052
52562     0.00506     0.00167     0.00011
52593     0.00156     0.00079    -0.00020
52623    -0.00046     0.00027    -0.00014
52654    -0.00194    -0.00040     0.00006
52685    -0.00297    -0.00079     0.00007
52713    -0.00441    -0.00097     0.00023
52744    -0.00417    -0.00094     0.00058
52774    -0.00346    -0.00035     0.00106
52805    -0.00352     0.00024     0.00169
52835    -0.00101     0.00072     0.00144
52866     0.00000     0.00079     0.00091
52897     0.00048     0.00074     0.00040
52927     0.00003     0.00083     0.00023
52958    -0.00199     0.00054     0.00012
52988    -0.00370     0.00002     0.00009
53019    -0.00389    -0.00049     0.00025
53050    -0.00432    -0.00097     0.00034
53079    -0.00403    -0.00105     0.00041
53110    -0.00372    -0.00111     0.00066
53140    -0.00243    -0.00042     0.00098
53171    -0.00102     0.00028     0.00130
53201     0.00055     0.00077     0.00128
53232     0.00107     0.00093     0.00081
53263     0.00083     0.00100     0.00021
53293     0.00012     0.00086    -0.00003
53324    -0.00158     0.00025    -0.00008
53354    -0.00343    -0.00073    -0.00008
53385    -0.00437    -0.00118     0.00000
53416    -0.00493    -0.00132    -0.00002
53444    -0.00544    -0.00144     0.00004
53475    -0.00524    -0.00112     0.00030
53505    -0.00294    -0.00058     0.00054
53536    -0.00088     0.00024     0.00103
53566     0.00115     0.00097     0.00096
53597     0.00308     0.00135     0.00038
53628     0.00468     0.00162     0.00010
53658     0.00354     0.00183     0.00011
53689     0.00234     0.00179     0.00014
53719    -0.00038     0.00106     0.00050
53750    -0.00232     0.00042     0.00080
53781    -0.00356    -0.00013     0.00084
53809    -0.00300    -0.00055     0.00088
53840    -0.00195    -0.00060     0.00113
53870    -0.00078     0.00004     0.00131
53901     0.00127     0.00105     0.00152
53931     0.00224     0.00171     0.00169
53962     0.00494     0.00179     0.00125
53993     0.00427     0.00171     0.00063
54023     0.00273     0.00153     0.00075
54054     0.00007     0.00077     0.00065
54084    -0.00116     0.00017     0.00052
54115    -0.00301    -0.00040     0.00054
54146    -0.00288    -0.00077     0.00040
54174    -0.00347    -0.00072     0.00058
54205    -0.00348    -0.00052     0.00111
54235    -0.00132    -0.00003     0.00132
54266     0.00215     0.00096     0.00143
54296     0.00518     0.00152     0.00106
54327     0.00768     0.00152     0.00067
54358     0.00847     0.00148     0.00011
54388     0.00794     0.00151    -0.00002
54419     0.00583     0.00085     0.00003
54449     0.00340     0.00010     0.00029
54480     0.00089    -0.00065     0.00043
54511    -0.00112    -0.00106     0.00052
54540    -0.00293    -0.00129     0.00062
54571    -0.00309    -0.00122     0.00058
54601    -0.00256    -0.00053     0.00109
54632     0.00019     0.00035     0.00150
54662     0.00311     0.00092     0.00141
54693     0.00581     0.00109     0.00074
54724     0.00542     0.00104    -0.00016
54754     0.00533     0.00114    -0.00046
54785     0.00428     0.00102    -0.00075
54815     0.00125     0.00037    -0.00058
54846    -0.00113    -0.00035    -0.00047
54877    -0.00156    -0.00097    -0.00048
54905    -0.00238    -0.00119    -0.00058
54936    -0.00312    -0.00112    -0.00036
54966    -0.00268    -0.00063     0.00014
54997    -0.00124     0.00019     0.00072
55027     0.00195     0.00079     0.00080
55058     0.00336     0.00086     0.00063
55089     0.00478     0.00092     0.00017
55119     0.00309     0.00066    -0.00010
55150     0.00042    -0.00019    -0.00033
55180    -0.00209    -0.00097    -0.00041
55211    -0.00324    -0.00166    -0.00054
55242    -0.00482    -0.00181    -0.00068
55270    -0.00430    -0.00194    -0.00060
55301    -0.00304    -0.00149    -0.00029
55331    -0.00185    -0.00102     0.00007
55362    -0.00021    -0.00028     0.00040
55392     0.00301     0.00048     0.00056
55423     0.00531     0.00073     0.00011
55454     0.00699     0.00100    -0.00064
55484     0.00542     0.00130    -0.00098
55515     0.00410     0.00099    -0.00105
55545     0.00142     0.00018    -0.00102
55576     0.00011    -0.00040    -0.00092
55607    -0.00115    -0.00075    -0.00087
55635    -0.00328    -0.00116    -0.00059
55666    -0.00397    -0.00099    -0.00013
55696    -0.00338    -0.00052     0.00052
55727     0.00005     0.00052     0.00097
55757     0.00327     0.00135     0.00089
55788     0.00595     0.00175     0.00055
55819     0.00539     0.00178     0.00010
55849     0.00417     0.00120     0.00004
55880     0.00258     0.00061     0.00004
55910    -0.00040    -0.00010     0.00004
55941    -0.00168    -0.00065    -0.00006
55972    -0.00231    -0.00082    -0.00008
56001    -0.00263    -0.00067    -0.00007
56032    -0.00175    -0.00037     0.00009
56062    -0.00118     0.00004     0.00042
56093     0.00175     0.00091     0.00093
56123     0.00562     0.00145     0.00077
56154     0.00730     0.00146     0.00015
56185     0.00766     0.00130    -0.00070
56215     0.00638     0.00112    -0.00070
56246     0.00421     0.00063    -0.00075
56276     0.00291     0.00010    -0.00075
56307    -0.00001    -0.00056    -0.00077
56338    -0.00196    -0.00105    -0.00083
56366    -0.00293    -0.00113    -0.00072
56397    -0.00268    -0.00127    -0.00035
56427    -0.00148    -0.00071     0.00017
56458    -0.00069     0.00018     0.00069
56488     0.00100     0.00068     0.00060
56519     0.00285     0.00096     0.00031
56550     0.00439     0.00125     0.00016
56580     0.00337     0.00123     0.00015
56611     0.00209     0.00092     0.00041
56641    -0.00080     0.00022     0.00054
56672    -0.00334    -0.00054     0.00069
56703    -0.00476    -0.00095     0.00098
56731    -0.00500    -0.00112     0.00139
56762    -0.00472    -0.00090     0.00174
56792    -0.00383    -0.00059     0.00201
56823    -0.00134     0.00019     0.00230
56853     0.00182     0.00091     0.00215
56884     0.00376     0.00096     0.00146
56915     0.00446     0.00086     0.00075
56945     0.00368     0.00066     0.00041
56976     0.00234     0.00041     0.00034
57006    -0.00028     0.00002     0.00048
57037    -0.00229    -0.00037     0.00011
57068    -0.00388    -0.00062     0.00004
57096    -0.00526    -0.00092     0.00003
57127    -0.00491    -0.00093     0.00026
57157    -0.00283    -0.00030     0.00075
57188    -0.00139     0.00040     0.00144
57218    -0.00025     0.00068     0.00184
57249     0.00307     0.00100     0.00119
57280     0.00499     0.00127     0.00053
57310     0.00325     0.00112    -0.00016
57341     0.00120     0.00056    -0.00082
57371    -0.00111    -0.00009    -0.00127
57402    -0.00341    -0.00084    -0.00118
57433    -0.00509    -0.00114    -0.00098
57462    -0.00529    -0.00129    -0.00060
57493    -0.00417    -0.00125    -0.00033
57523    -0.00368    -0.00099    -0.00015
57554    -0.00117    -0.00022     0.00018
