# Hydrology loading displacements computed from the monthly GLDAS NOAH model
# This is a product of the Hydrology loading service: http://lacerta.gsfc.nasa.gov/hydlo/
# Displacements are with respect to the center of mass of the total earth
#
# Created for VieVS on 17.03.2017 at 11:46:08 local time
# OFFSET + TREND REMOVED!!! - Hana 
# mjd up (meters) eastwest (meters) northsouth (meters)
43888    -0.00350     0.00041     0.00011
43919    -0.00528     0.00048     0.00013
43947    -0.00434     0.00057    -0.00015
43978    -0.00314     0.00081    -0.00028
44008    -0.00081     0.00081     0.00002
44039     0.00194     0.00057     0.00043
44069     0.00356    -0.00051     0.00085
44100     0.00434    -0.00121     0.00080
44131     0.00421    -0.00126     0.00058
44161     0.00319    -0.00118     0.00039
44192    -0.00014    -0.00072     0.00038
44222    -0.00182    -0.00005     0.00048
44253    -0.00368     0.00058     0.00054
44284    -0.00370     0.00077     0.00035
44313    -0.00391     0.00065     0.00012
44344    -0.00274     0.00084     0.00018
44374    -0.00123     0.00058     0.00052
44405     0.00071    -0.00000     0.00092
44435     0.00259    -0.00100     0.00123
44466     0.00355    -0.00165     0.00116
44497     0.00352    -0.00170     0.00084
44527     0.00239    -0.00129     0.00060
44558    -0.00067    -0.00087     0.00052
44588    -0.00258    -0.00030     0.00052
44619    -0.00374     0.00004     0.00065
44650    -0.00399     0.00043     0.00070
44678    -0.00420     0.00063     0.00065
44709    -0.00263     0.00065     0.00044
44739    -0.00101     0.00077     0.00060
44770     0.00188     0.00055     0.00081
44800     0.00344    -0.00053     0.00094
44831     0.00424    -0.00141     0.00088
44862     0.00383    -0.00160     0.00082
44892     0.00276    -0.00150     0.00044
44923     0.00134    -0.00103     0.00015
44953    -0.00110    -0.00024     0.00007
44984    -0.00316     0.00037    -0.00015
45015    -0.00385     0.00043    -0.00047
45043    -0.00443     0.00048    -0.00049
45074    -0.00307     0.00083    -0.00041
45104    -0.00106     0.00086    -0.00001
45135     0.00172     0.00096     0.00050
45165     0.00383     0.00068     0.00106
45196     0.00415    -0.00044     0.00102
45227     0.00416    -0.00097     0.00070
45257     0.00265    -0.00078     0.00057
45288     0.00073    -0.00086     0.00009
45318    -0.00207    -0.00047    -0.00035
45349    -0.00348     0.00009    -0.00064
45380    -0.00431     0.00067    -0.00081
45408    -0.00389     0.00077    -0.00113
45439    -0.00228     0.00098    -0.00105
45469     0.00020     0.00065    -0.00084
45500     0.00238     0.00041    -0.00008
45530     0.00413    -0.00051     0.00036
45561     0.00502    -0.00158     0.00048
45592     0.00492    -0.00218     0.00027
45622     0.00438    -0.00207    -0.00027
45653     0.00288    -0.00148    -0.00069
45683     0.00011    -0.00057    -0.00097
45714    -0.00185    -0.00038    -0.00083
45745    -0.00298    -0.00003    -0.00073
45774    -0.00300     0.00024    -0.00078
45805    -0.00203     0.00082    -0.00043
45835    -0.00010     0.00077    -0.00006
45866     0.00223     0.00025     0.00026
45896     0.00469    -0.00055     0.00044
45927     0.00555    -0.00125     0.00049
45958     0.00486    -0.00151     0.00048
45988     0.00297    -0.00140     0.00029
46019     0.00151    -0.00071    -0.00017
46049    -0.00024    -0.00020    -0.00044
46080    -0.00250     0.00073    -0.00047
46111    -0.00385     0.00109    -0.00025
46139    -0.00405     0.00103    -0.00045
46170    -0.00276     0.00109    -0.00013
46200    -0.00112     0.00091     0.00008
46231     0.00129     0.00052     0.00060
46261     0.00298    -0.00011     0.00105
46292     0.00407    -0.00075     0.00088
46323     0.00435    -0.00113     0.00050
46353     0.00442    -0.00097    -0.00011
46384     0.00222    -0.00044    -0.00031
46414    -0.00031     0.00020    -0.00029
46445    -0.00245     0.00048    -0.00011
46476    -0.00448     0.00080    -0.00021
46504    -0.00499     0.00100    -0.00025
46535    -0.00315     0.00093    -0.00011
46565    -0.00049     0.00099     0.00005
46596     0.00199     0.00110     0.00069
46626     0.00373    -0.00000     0.00092
46657     0.00453    -0.00100     0.00094
46688     0.00463    -0.00100     0.00072
46718     0.00420    -0.00061     0.00040
46749     0.00258    -0.00038     0.00020
46779     0.00124     0.00011    -0.00013
46810    -0.00089     0.00060    -0.00010
46841    -0.00278     0.00072    -0.00020
46869    -0.00385     0.00084    -0.00046
46900    -0.00301     0.00120    -0.00027
46930    -0.00067     0.00121    -0.00001
46961     0.00091     0.00080     0.00051
46991     0.00310     0.00009     0.00078
47022     0.00408    -0.00066     0.00078
47053     0.00405    -0.00117     0.00054
47083     0.00305    -0.00129     0.00037
47114     0.00142    -0.00106     0.00012
47144    -0.00090    -0.00030     0.00010
47175    -0.00229     0.00028    -0.00020
47206    -0.00340     0.00061    -0.00019
47235    -0.00417     0.00072     0.00005
47266    -0.00258     0.00081     0.00023
47296    -0.00065     0.00040     0.00036
47327     0.00146     0.00009     0.00098
47357     0.00322    -0.00068     0.00113
47388     0.00397    -0.00157     0.00085
47419     0.00348    -0.00195     0.00055
47449     0.00279    -0.00175     0.00032
47480     0.00136    -0.00095     0.00005
47510    -0.00085    -0.00014    -0.00004
47541    -0.00174     0.00037    -0.00025
47572    -0.00206     0.00058    -0.00041
47600    -0.00242     0.00054    -0.00058
47631    -0.00128     0.00036    -0.00040
47661     0.00021     0.00036     0.00002
47692     0.00254     0.00023     0.00046
47722     0.00383    -0.00048     0.00098
47753     0.00435    -0.00106     0.00115
47784     0.00403    -0.00129     0.00090
47814     0.00277    -0.00117     0.00059
47845     0.00155    -0.00069     0.00020
47875    -0.00062     0.00005     0.00026
47906    -0.00193     0.00053     0.00008
47937    -0.00300     0.00074    -0.00014
47965    -0.00240     0.00074    -0.00051
47996    -0.00157     0.00061    -0.00022
48026     0.00014     0.00064     0.00005
48057     0.00255     0.00017     0.00035
48087     0.00447    -0.00056     0.00058
48118     0.00545    -0.00108     0.00055
48149     0.00523    -0.00120     0.00042
48179     0.00437    -0.00118    -0.00002
48210     0.00219    -0.00088    -0.00041
48240    -0.00109    -0.00034    -0.00062
48271    -0.00266    -0.00003    -0.00080
48302    -0.00339    -0.00002    -0.00073
48330    -0.00409     0.00030    -0.00084
48361    -0.00342     0.00069    -0.00063
48391    -0.00240     0.00099    -0.00020
48422     0.00002     0.00055     0.00047
48452     0.00245    -0.00003     0.00075
48483     0.00329    -0.00088     0.00085
48514     0.00373    -0.00108     0.00044
48544     0.00259    -0.00103     0.00022
48575     0.00077    -0.00073    -0.00006
48605    -0.00091    -0.00038    -0.00051
48636    -0.00208     0.00024    -0.00077
48667    -0.00269     0.00076    -0.00104
48696    -0.00253     0.00113    -0.00136
48727    -0.00233     0.00140    -0.00110
48757    -0.00023     0.00120    -0.00071
48788     0.00177     0.00096    -0.00012
48818     0.00328     0.00023     0.00015
48849     0.00454    -0.00062     0.00004
48880     0.00465    -0.00078    -0.00017
48910     0.00308    -0.00095    -0.00025
48941     0.00093    -0.00038    -0.00039
48971    -0.00055     0.00035    -0.00040
49002    -0.00183     0.00059    -0.00068
49033    -0.00238     0.00065    -0.00073
49061    -0.00321     0.00079    -0.00081
49092    -0.00289     0.00107    -0.00066
49122    -0.00112     0.00080    -0.00051
49153     0.00134     0.00049    -0.00007
49183     0.00317    -0.00013    -0.00000
49214     0.00398    -0.00096    -0.00006
49245     0.00344    -0.00124    -0.00020
49275     0.00215    -0.00123    -0.00027
49306     0.00059    -0.00076    -0.00061
49336    -0.00169    -0.00023    -0.00076
49367    -0.00359     0.00057    -0.00065
49398    -0.00454     0.00093    -0.00061
49426    -0.00415     0.00097    -0.00075
49457    -0.00316     0.00116    -0.00064
49487    -0.00142     0.00124    -0.00040
49518     0.00083     0.00100    -0.00001
49548     0.00277     0.00013    -0.00014
49579     0.00352    -0.00069    -0.00023
49610     0.00304    -0.00108    -0.00037
49640     0.00212    -0.00066    -0.00061
49671     0.00020     0.00001    -0.00088
49701    -0.00130     0.00043    -0.00127
49732    -0.00339     0.00061    -0.00141
49763    -0.00436     0.00057    -0.00146
49791    -0.00468     0.00063    -0.00145
49822    -0.00366     0.00108    -0.00122
49852    -0.00188     0.00119    -0.00092
49883     0.00021     0.00089    -0.00050
49913     0.00215     0.00001    -0.00035
49944     0.00246    -0.00104    -0.00054
49975     0.00132    -0.00150    -0.00053
50005     0.00078    -0.00120    -0.00081
50036    -0.00035    -0.00054    -0.00120
50066    -0.00234     0.00030    -0.00107
50097    -0.00489     0.00072    -0.00097
50128    -0.00672     0.00091    -0.00104
50157    -0.00731     0.00081    -0.00108
50188    -0.00648     0.00088    -0.00080
50218    -0.00411     0.00116    -0.00023
50249    -0.00160     0.00131     0.00070
50279     0.00074     0.00142     0.00149
50310     0.00147     0.00140     0.00205
50341     0.00097     0.00155     0.00238
50371    -0.00025     0.00151     0.00235
50402    -0.00121     0.00167     0.00204
50432    -0.00351     0.00161     0.00166
50463    -0.00469     0.00166     0.00117
50494    -0.00571     0.00161     0.00062
50522    -0.00608     0.00167     0.00018
50553    -0.00580     0.00156     0.00039
50583    -0.00462     0.00135     0.00049
50614    -0.00210     0.00115     0.00062
50644     0.00002     0.00035     0.00051
50675     0.00117    -0.00045     0.00026
50706     0.00083    -0.00083    -0.00026
50736    -0.00136    -0.00075    -0.00068
50767    -0.00447    -0.00062    -0.00099
50797    -0.00691    -0.00033    -0.00114
50828    -0.00750     0.00005    -0.00147
50859    -0.00748     0.00040    -0.00186
50887    -0.00701     0.00063    -0.00223
50918    -0.00571     0.00073    -0.00214
50948    -0.00329     0.00064    -0.00199
50979    -0.00082     0.00043    -0.00152
51009     0.00093    -0.00063    -0.00133
51040     0.00186    -0.00153    -0.00119
51071     0.00100    -0.00193    -0.00111
51101    -0.00054    -0.00169    -0.00143
51132    -0.00177    -0.00088    -0.00178
51162    -0.00379    -0.00019    -0.00190
51193    -0.00469     0.00033    -0.00202
51224    -0.00537     0.00067    -0.00192
51252    -0.00513     0.00080    -0.00168
51283    -0.00371     0.00094    -0.00140
51313    -0.00165     0.00087    -0.00121
51344     0.00087     0.00046    -0.00096
51374     0.00251     0.00002    -0.00071
51405     0.00281    -0.00089    -0.00062
51436     0.00255    -0.00113    -0.00073
51466     0.00184    -0.00116    -0.00084
51497     0.00062    -0.00089    -0.00078
51527    -0.00090    -0.00026    -0.00057
51558    -0.00214     0.00074     0.00003
51589    -0.00295     0.00124     0.00036
51618    -0.00306     0.00135     0.00048
51649    -0.00232     0.00140     0.00049
51679    -0.00067     0.00079     0.00023
51710     0.00209     0.00022    -0.00017
51740     0.00401    -0.00022    -0.00007
51771     0.00470    -0.00085    -0.00007
51802     0.00457    -0.00084    -0.00017
51832     0.00319    -0.00088    -0.00036
51863     0.00224    -0.00039    -0.00040
51893     0.00137     0.00006    -0.00011
51924     0.00007     0.00049    -0.00025
51955    -0.00070     0.00045    -0.00055
51983    -0.00094     0.00068    -0.00058
52014    -0.00069     0.00078    -0.00033
52044     0.00106     0.00064    -0.00024
52075     0.00313     0.00031    -0.00016
52105     0.00476    -0.00042     0.00000
52136     0.00545    -0.00132     0.00000
52167     0.00488    -0.00139    -0.00003
52197     0.00418    -0.00144    -0.00019
52228     0.00304    -0.00121    -0.00020
52258     0.00155    -0.00030    -0.00022
52289     0.00023     0.00040    -0.00007
52320    -0.00019     0.00062    -0.00009
52348    -0.00026     0.00071    -0.00027
52379     0.00007     0.00121    -0.00034
52409     0.00174     0.00105    -0.00036
52440     0.00403     0.00079    -0.00013
52470     0.00557    -0.00011     0.00003
52501     0.00532    -0.00091     0.00026
52532     0.00448    -0.00122     0.00021
52562     0.00258    -0.00092     0.00000
52593     0.00103    -0.00039    -0.00001
52623    -0.00062     0.00003     0.00002
52654    -0.00231     0.00052     0.00033
52685    -0.00333     0.00085     0.00039
52713    -0.00275     0.00116     0.00031
52744    -0.00165     0.00138     0.00034
52774     0.00096     0.00137     0.00011
52805     0.00328     0.00121     0.00011
52835     0.00494     0.00019     0.00027
52866     0.00532    -0.00071     0.00027
52897     0.00480    -0.00122     0.00003
52927     0.00355    -0.00113    -0.00022
52958     0.00140    -0.00057    -0.00038
52988    -0.00033    -0.00022    -0.00036
53019    -0.00201     0.00045    -0.00007
53050    -0.00283     0.00093     0.00028
53079    -0.00332     0.00113     0.00042
53110    -0.00304     0.00111     0.00062
53140    -0.00149     0.00103     0.00044
53171     0.00034     0.00056     0.00037
53201     0.00248    -0.00003     0.00047
53232     0.00317    -0.00085     0.00047
53263     0.00338    -0.00127    -0.00002
53293     0.00250    -0.00103    -0.00025
53324     0.00063    -0.00039    -0.00029
53354    -0.00151     0.00005     0.00004
53385    -0.00281     0.00052     0.00010
53416    -0.00408     0.00113     0.00006
53444    -0.00469     0.00163     0.00012
53475    -0.00347     0.00160     0.00013
53505    -0.00185     0.00144     0.00022
53536     0.00053     0.00115     0.00029
53566     0.00265     0.00015     0.00040
53597     0.00333    -0.00086     0.00041
53628     0.00288    -0.00146     0.00023
53658     0.00201    -0.00134    -0.00007
53689     0.00131    -0.00103    -0.00031
53719    -0.00075     0.00011    -0.00007
53750    -0.00191     0.00091     0.00013
53781    -0.00264     0.00121     0.00014
53809    -0.00358     0.00137     0.00047
53840    -0.00260     0.00146     0.00070
53870    -0.00102     0.00114     0.00057
53901     0.00105     0.00053     0.00063
53931     0.00340    -0.00043     0.00059
53962     0.00368    -0.00117     0.00073
53993     0.00320    -0.00146     0.00048
54023     0.00231    -0.00098     0.00021
54054     0.00122    -0.00016     0.00012
54084     0.00012     0.00030     0.00015
54115    -0.00080     0.00073     0.00022
54146    -0.00185     0.00087     0.00038
54174    -0.00211     0.00109     0.00028
54205    -0.00126     0.00140     0.00022
54235     0.00026     0.00117     0.00023
54266     0.00207     0.00046     0.00036
54296     0.00376    -0.00066     0.00047
54327     0.00399    -0.00141     0.00059
54358     0.00333    -0.00178     0.00037
54388     0.00246    -0.00159     0.00019
54419     0.00060    -0.00094     0.00049
54449    -0.00107    -0.00013     0.00062
54480    -0.00199     0.00053     0.00074
54511    -0.00220     0.00097     0.00063
54540    -0.00239     0.00145     0.00046
54571    -0.00220     0.00140     0.00041
54601    -0.00031     0.00128     0.00038
54632     0.00162     0.00063     0.00044
54662     0.00325    -0.00029     0.00051
54693     0.00371    -0.00115     0.00047
54724     0.00322    -0.00144     0.00009
54754     0.00197    -0.00128    -0.00016
54785     0.00075    -0.00133    -0.00033
54815    -0.00150    -0.00054    -0.00014
54846    -0.00312    -0.00004    -0.00009
54877    -0.00440     0.00026     0.00023
54905    -0.00460     0.00064     0.00018
54936    -0.00384     0.00084     0.00000
54966    -0.00184     0.00069    -0.00010
54997     0.00071     0.00038     0.00016
55027     0.00199    -0.00041     0.00043
55058     0.00308    -0.00113     0.00038
55089     0.00282    -0.00158     0.00019
55119     0.00155    -0.00142    -0.00012
55150    -0.00074    -0.00064     0.00004
55180    -0.00222     0.00001     0.00028
55211    -0.00402     0.00030     0.00051
55242    -0.00506     0.00055     0.00030
55270    -0.00543     0.00062     0.00045
55301    -0.00418     0.00070     0.00045
55331    -0.00265     0.00056     0.00039
55362    -0.00087     0.00019     0.00051
55392     0.00136    -0.00055     0.00057
55423     0.00231    -0.00166     0.00060
55454     0.00191    -0.00236     0.00025
55484     0.00056    -0.00234    -0.00007
55515    -0.00153    -0.00179    -0.00012
55545    -0.00315    -0.00111    -0.00007
55576    -0.00368    -0.00029    -0.00002
55607    -0.00422     0.00020    -0.00009
55635    -0.00438     0.00059    -0.00015
55666    -0.00296     0.00097    -0.00024
55696    -0.00142     0.00093    -0.00024
55727     0.00064     0.00018    -0.00002
55757     0.00267    -0.00073     0.00016
55788     0.00342    -0.00164     0.00030
55819     0.00344    -0.00214     0.00004
55849     0.00256    -0.00180     0.00002
55880     0.00170    -0.00132    -0.00003
55910     0.00078    -0.00069    -0.00004
55941    -0.00057    -0.00010     0.00014
55972    -0.00178     0.00038     0.00016
56001    -0.00165     0.00056     0.00009
56032    -0.00102     0.00079     0.00009
56062     0.00009     0.00073     0.00013
56093     0.00189     0.00033     0.00047
56123     0.00358    -0.00076     0.00065
56154     0.00390    -0.00179     0.00055
56185     0.00333    -0.00252     0.00029
56215     0.00238    -0.00213     0.00013
56246     0.00041    -0.00178     0.00012
56276    -0.00146    -0.00111     0.00026
56307    -0.00265    -0.00041     0.00033
56338    -0.00386     0.00006     0.00037
56366    -0.00426     0.00038     0.00032
56397    -0.00366     0.00065     0.00050
56427    -0.00112     0.00056     0.00053
56458     0.00095     0.00030     0.00049
56488     0.00310    -0.00063     0.00041
56519     0.00424    -0.00145     0.00022
56550     0.00425    -0.00167     0.00005
56580     0.00355    -0.00144    -0.00015
56611     0.00277    -0.00075    -0.00017
56641     0.00162    -0.00019    -0.00008
56672     0.00082     0.00021     0.00019
56703    -0.00030     0.00051     0.00044
56731    -0.00021     0.00108     0.00056
56762     0.00048     0.00130     0.00063
56792     0.00076     0.00136     0.00082
56823     0.00246     0.00110     0.00074
56853     0.00377     0.00025     0.00082
56884     0.00375    -0.00078     0.00096
56915     0.00281    -0.00124     0.00072
56945     0.00170    -0.00099     0.00040
56976     0.00056    -0.00045     0.00018
57006    -0.00046     0.00035     0.00008
57037    -0.00151     0.00058     0.00001
57068    -0.00286     0.00099    -0.00012
57096    -0.00317     0.00128    -0.00029
57127    -0.00239     0.00139    -0.00022
57157    -0.00024     0.00148    -0.00015
57188     0.00195     0.00116    -0.00007
57218     0.00379     0.00062     0.00010
57249     0.00406    -0.00047     0.00006
57280     0.00351    -0.00107    -0.00018
57310     0.00197    -0.00109    -0.00041
57341     0.00034    -0.00092    -0.00076
57371    -0.00092    -0.00068    -0.00093
57402    -0.00211    -0.00006    -0.00072
57433    -0.00295     0.00052    -0.00056
57462    -0.00380     0.00105    -0.00042
57493    -0.00308     0.00124    -0.00035
57523    -0.00209     0.00108    -0.00020
57554    -0.00038     0.00055     0.00004
