# Hydrology loading displacements computed from the monthly GLDAS NOAH model
# This is a product of the Hydrology loading service: http://lacerta.gsfc.nasa.gov/hydlo/
# Displacements are with respect to the center of mass of the total earth
#
# Created for VieVS on 17.03.2017 at 11:46:08 local time
# OFFSET + TREND REMOVED!!! - Hana 
# mjd up (meters) eastwest (meters) northsouth (meters)
43888    -0.00359     0.00043     0.00001
43919    -0.00588     0.00049     0.00007
43947    -0.00492     0.00054    -0.00013
43978    -0.00365     0.00074    -0.00031
44008    -0.00082     0.00078    -0.00005
44039     0.00251     0.00043     0.00043
44069     0.00436    -0.00052     0.00083
44100     0.00561    -0.00123     0.00090
44131     0.00520    -0.00127     0.00072
44161     0.00324    -0.00124     0.00044
44192    -0.00024    -0.00067     0.00025
44222    -0.00204    -0.00002     0.00037
44253    -0.00407     0.00061     0.00041
44284    -0.00432     0.00074     0.00030
44313    -0.00421     0.00058     0.00005
44344    -0.00315     0.00080     0.00010
44374    -0.00129     0.00065     0.00023
44405     0.00072     0.00004     0.00057
44435     0.00279    -0.00103     0.00113
44466     0.00456    -0.00168     0.00115
44497     0.00476    -0.00163     0.00087
44527     0.00288    -0.00120     0.00064
44558    -0.00045    -0.00064     0.00030
44588    -0.00268    -0.00006     0.00026
44619    -0.00396     0.00021     0.00053
44650    -0.00406     0.00054     0.00062
44678    -0.00418     0.00071     0.00056
44709    -0.00231     0.00058     0.00032
44739    -0.00078     0.00068     0.00047
44770     0.00226     0.00053     0.00072
44800     0.00385    -0.00057     0.00095
44831     0.00519    -0.00148     0.00106
44862     0.00468    -0.00162     0.00094
44892     0.00211    -0.00164     0.00060
44923     0.00079    -0.00114     0.00019
44953    -0.00184    -0.00032     0.00010
44984    -0.00468     0.00022    -0.00006
45015    -0.00490     0.00034    -0.00034
45043    -0.00488     0.00046    -0.00049
45074    -0.00299     0.00083    -0.00047
45104    -0.00076     0.00082    -0.00008
45135     0.00247     0.00093     0.00042
45165     0.00542     0.00072     0.00103
45196     0.00593    -0.00044     0.00110
45227     0.00542    -0.00096     0.00077
45257     0.00306    -0.00089     0.00065
45288     0.00014    -0.00104     0.00008
45318    -0.00304    -0.00051    -0.00047
45349    -0.00420     0.00019    -0.00071
45380    -0.00506     0.00074    -0.00090
45408    -0.00459     0.00081    -0.00120
45439    -0.00308     0.00097    -0.00112
45469    -0.00036     0.00051    -0.00081
45500     0.00259     0.00029    -0.00008
45530     0.00570    -0.00058     0.00020
45561     0.00744    -0.00161     0.00029
45592     0.00702    -0.00220     0.00011
45622     0.00655    -0.00198    -0.00042
45653     0.00529    -0.00134    -0.00087
45683     0.00236    -0.00050    -0.00104
45714    -0.00060    -0.00037    -0.00086
45745    -0.00248     0.00002    -0.00079
45774    -0.00294     0.00035    -0.00088
45805    -0.00223     0.00085    -0.00051
45835    -0.00056     0.00077    -0.00027
45866     0.00146     0.00025     0.00006
45896     0.00532    -0.00041     0.00028
45927     0.00666    -0.00109     0.00042
45958     0.00586    -0.00133     0.00044
45988     0.00279    -0.00113     0.00010
46019     0.00125    -0.00048    -0.00041
46049    -0.00077     0.00002    -0.00065
46080    -0.00292     0.00094    -0.00063
46111    -0.00492     0.00113    -0.00025
46139    -0.00524     0.00109    -0.00049
46170    -0.00326     0.00116    -0.00010
46200    -0.00141     0.00096     0.00007
46231     0.00125     0.00057     0.00055
46261     0.00386    -0.00005     0.00108
46292     0.00547    -0.00067     0.00108
46323     0.00613    -0.00097     0.00068
46353     0.00656    -0.00076     0.00002
46384     0.00415    -0.00008    -0.00040
46414     0.00115     0.00057    -0.00044
46445    -0.00214     0.00067    -0.00016
46476    -0.00497     0.00091    -0.00029
46504    -0.00577     0.00112    -0.00032
46535    -0.00434     0.00083    -0.00005
46565    -0.00145     0.00085     0.00006
46596     0.00174     0.00108     0.00070
46626     0.00424     0.00004     0.00073
46657     0.00584    -0.00091     0.00083
46688     0.00586    -0.00086     0.00084
46718     0.00546    -0.00052     0.00052
46749     0.00327    -0.00029     0.00034
46779     0.00140     0.00018     0.00008
46810    -0.00138     0.00067     0.00005
46841    -0.00372     0.00082    -0.00013
46869    -0.00466     0.00090    -0.00035
46900    -0.00362     0.00121    -0.00022
46930    -0.00098     0.00126    -0.00001
46961     0.00102     0.00085     0.00058
46991     0.00410     0.00015     0.00089
47022     0.00541    -0.00057     0.00103
47053     0.00540    -0.00112     0.00092
47083     0.00332    -0.00141     0.00068
47114     0.00096    -0.00123     0.00022
47144    -0.00196    -0.00036    -0.00001
47175    -0.00334     0.00021    -0.00028
47206    -0.00460     0.00055    -0.00019
47235    -0.00467     0.00075     0.00009
47266    -0.00338     0.00068     0.00023
47296    -0.00151     0.00018     0.00025
47327     0.00042    -0.00012     0.00083
47357     0.00286    -0.00090     0.00108
47388     0.00493    -0.00175     0.00100
47419     0.00486    -0.00194     0.00076
47449     0.00390    -0.00175     0.00056
47480     0.00227    -0.00100     0.00023
47510    -0.00032    -0.00019     0.00019
47541    -0.00112     0.00032    -0.00000
47572    -0.00152     0.00051    -0.00013
47600    -0.00236     0.00046    -0.00032
47631    -0.00188     0.00013    -0.00011
47661     0.00020     0.00021     0.00016
47692     0.00329     0.00024     0.00047
47722     0.00475    -0.00034     0.00095
47753     0.00588    -0.00083     0.00111
47784     0.00519    -0.00097     0.00073
47814     0.00417    -0.00080     0.00032
47845     0.00251    -0.00037    -0.00005
47875     0.00019     0.00029     0.00004
47906    -0.00135     0.00069     0.00001
47937    -0.00316     0.00078    -0.00005
47965    -0.00254     0.00076    -0.00039
47996    -0.00208     0.00066    -0.00023
48026     0.00025     0.00066    -0.00006
48057     0.00269     0.00017     0.00030
48087     0.00543    -0.00050     0.00069
48118     0.00730    -0.00097     0.00061
48149     0.00713    -0.00103     0.00052
48179     0.00510    -0.00101     0.00009
48210     0.00202    -0.00075    -0.00027
48240    -0.00151    -0.00020    -0.00063
48271    -0.00294     0.00009    -0.00082
48302    -0.00359     0.00008    -0.00087
48330    -0.00451     0.00029    -0.00090
48361    -0.00350     0.00069    -0.00067
48391    -0.00287     0.00107    -0.00034
48422     0.00004     0.00061     0.00027
48452     0.00355     0.00007     0.00066
48483     0.00523    -0.00069     0.00077
48514     0.00594    -0.00082     0.00028
48544     0.00304    -0.00094     0.00007
48575     0.00032    -0.00056    -0.00036
48605    -0.00165    -0.00018    -0.00080
48636    -0.00303     0.00039    -0.00088
48667    -0.00380     0.00089    -0.00109
48696    -0.00352     0.00127    -0.00135
48727    -0.00368     0.00145    -0.00111
48757    -0.00096     0.00124    -0.00078
48788     0.00109     0.00091    -0.00027
48818     0.00315     0.00016    -0.00002
48849     0.00544    -0.00070    -0.00003
48880     0.00569    -0.00088    -0.00004
48910     0.00183    -0.00112    -0.00024
48941    -0.00150    -0.00051    -0.00043
48971    -0.00298     0.00026    -0.00050
49002    -0.00296     0.00059    -0.00075
49033    -0.00327     0.00064    -0.00072
49061    -0.00380     0.00082    -0.00083
49092    -0.00363     0.00111    -0.00070
49122    -0.00156     0.00069    -0.00055
49153     0.00176     0.00041    -0.00004
49183     0.00389    -0.00019     0.00017
49214     0.00543    -0.00094     0.00016
49245     0.00425    -0.00119     0.00003
49275     0.00050    -0.00139     0.00003
49306    -0.00155    -0.00081    -0.00055
49336    -0.00318    -0.00012    -0.00078
49367    -0.00558     0.00059    -0.00059
49398    -0.00571     0.00095    -0.00061
49426    -0.00504     0.00100    -0.00072
49457    -0.00429     0.00116    -0.00063
49487    -0.00257     0.00113    -0.00042
49518    -0.00009     0.00089    -0.00001
49548     0.00277     0.00006    -0.00012
49579     0.00448    -0.00077    -0.00002
49610     0.00266    -0.00127     0.00002
49640     0.00064    -0.00095    -0.00023
49671    -0.00198    -0.00044    -0.00049
49701    -0.00334     0.00004    -0.00092
49732    -0.00514     0.00029    -0.00115
49763    -0.00645     0.00027    -0.00123
49791    -0.00682     0.00040    -0.00129
49822    -0.00486     0.00089    -0.00110
49852    -0.00321     0.00094    -0.00081
49883    -0.00137     0.00074    -0.00033
49913     0.00158    -0.00008    -0.00029
49944     0.00297    -0.00104    -0.00043
49975     0.00168    -0.00138    -0.00041
50005     0.00065    -0.00121    -0.00067
50036    -0.00076    -0.00060    -0.00103
50066    -0.00304     0.00018    -0.00094
50097    -0.00655     0.00057    -0.00089
50128    -0.00829     0.00082    -0.00102
50157    -0.00852     0.00079    -0.00104
50188    -0.00757     0.00085    -0.00081
50218    -0.00529     0.00114    -0.00037
50249    -0.00181     0.00126     0.00054
50279     0.00021     0.00138     0.00132
50310     0.00149     0.00145     0.00177
50341     0.00117     0.00161     0.00202
50371    -0.00072     0.00152     0.00197
50402    -0.00204     0.00164     0.00168
50432    -0.00424     0.00163     0.00129
50463    -0.00551     0.00166     0.00088
50494    -0.00660     0.00161     0.00046
50522    -0.00671     0.00166     0.00013
50553    -0.00611     0.00150     0.00035
50583    -0.00489     0.00125     0.00042
50614    -0.00275     0.00099     0.00062
50644    -0.00062     0.00022     0.00066
50675     0.00142    -0.00049     0.00043
50706     0.00165    -0.00077    -0.00009
50736    -0.00017    -0.00062    -0.00053
50767    -0.00361    -0.00048    -0.00094
50797    -0.00700    -0.00028    -0.00115
50828    -0.00791     0.00001    -0.00152
50859    -0.00739     0.00039    -0.00197
50887    -0.00710     0.00061    -0.00222
50918    -0.00643     0.00065    -0.00207
50948    -0.00377     0.00058    -0.00204
50979    -0.00118     0.00032    -0.00155
51009     0.00115    -0.00062    -0.00120
51040     0.00305    -0.00144    -0.00093
51071     0.00195    -0.00175    -0.00084
51101    -0.00108    -0.00164    -0.00115
51132    -0.00235    -0.00086    -0.00155
51162    -0.00356    -0.00008    -0.00187
51193    -0.00490     0.00039    -0.00199
51224    -0.00567     0.00073    -0.00186
51252    -0.00572     0.00079    -0.00154
51283    -0.00444     0.00091    -0.00121
51313    -0.00234     0.00083    -0.00102
51344     0.00044     0.00044    -0.00077
51374     0.00304     0.00009    -0.00050
51405     0.00429    -0.00077    -0.00036
51436     0.00436    -0.00101    -0.00049
51466     0.00260    -0.00115    -0.00052
51497     0.00018    -0.00097    -0.00057
51527    -0.00192    -0.00029    -0.00051
51558    -0.00341     0.00063     0.00018
51589    -0.00394     0.00111     0.00055
51618    -0.00389     0.00121     0.00066
51649    -0.00411     0.00107     0.00073
51679    -0.00177     0.00036     0.00042
51710     0.00171    -0.00014    -0.00005
51740     0.00392    -0.00048     0.00011
51771     0.00476    -0.00118     0.00026
51802     0.00479    -0.00114     0.00014
51832     0.00220    -0.00120    -0.00008
51863    -0.00028    -0.00085    -0.00003
51893    -0.00128    -0.00048     0.00020
51924    -0.00297     0.00001    -0.00003
51955    -0.00354     0.00010    -0.00040
51983    -0.00416     0.00027    -0.00035
52014    -0.00401     0.00034    -0.00002
52044    -0.00130     0.00019    -0.00006
52075     0.00243     0.00007    -0.00006
52105     0.00545    -0.00056     0.00006
52136     0.00683    -0.00142     0.00004
52167     0.00591    -0.00139     0.00001
52197     0.00438    -0.00146    -0.00015
52228     0.00276    -0.00126    -0.00018
52258     0.00119    -0.00034    -0.00020
52289    -0.00003     0.00030    -0.00005
52320    -0.00118     0.00047     0.00001
52348    -0.00156     0.00050    -0.00007
52379    -0.00075     0.00100    -0.00014
52409     0.00053     0.00076    -0.00012
52440     0.00350     0.00054     0.00006
52470     0.00572    -0.00030     0.00020
52501     0.00537    -0.00106     0.00040
52532     0.00422    -0.00141     0.00025
52562     0.00161    -0.00112    -0.00000
52593    -0.00101    -0.00071     0.00013
52623    -0.00318    -0.00036     0.00008
52654    -0.00451     0.00022     0.00023
52685    -0.00464     0.00068     0.00026
52713    -0.00370     0.00101     0.00023
52744    -0.00245     0.00119     0.00033
52774     0.00085     0.00119     0.00015
52805     0.00450     0.00114     0.00006
52835     0.00701     0.00019     0.00017
52866     0.00806    -0.00069     0.00015
52897     0.00753    -0.00116    -0.00009
52927     0.00596    -0.00100    -0.00037
52958     0.00265    -0.00056    -0.00057
52988     0.00012    -0.00031    -0.00054
53019    -0.00201     0.00033    -0.00014
53050    -0.00323     0.00080     0.00023
53079    -0.00440     0.00104     0.00033
53110    -0.00402     0.00108     0.00055
53140    -0.00251     0.00096     0.00033
53171     0.00075     0.00070     0.00012
53201     0.00391     0.00016     0.00031
53232     0.00525    -0.00074     0.00029
53263     0.00539    -0.00116    -0.00013
53293     0.00405    -0.00089    -0.00038
53324     0.00100    -0.00033    -0.00041
53354    -0.00162     0.00014    -0.00022
53385    -0.00303     0.00064    -0.00013
53416    -0.00387     0.00132    -0.00018
53444    -0.00446     0.00180    -0.00017
53475    -0.00377     0.00172    -0.00007
53505    -0.00217     0.00147     0.00015
53536     0.00137     0.00123     0.00014
53566     0.00425     0.00028     0.00029
53597     0.00508    -0.00066     0.00028
53628     0.00446    -0.00120     0.00001
53658     0.00282    -0.00101    -0.00035
53689     0.00134    -0.00074    -0.00069
53719    -0.00115     0.00048    -0.00061
53750    -0.00225     0.00127    -0.00031
53781    -0.00302     0.00144    -0.00014
53809    -0.00405     0.00158     0.00021
53840    -0.00297     0.00158     0.00057
53870    -0.00085     0.00129     0.00042
53901     0.00200     0.00082     0.00046
53931     0.00581    -0.00017     0.00037
53962     0.00607    -0.00095     0.00060
53993     0.00502    -0.00130     0.00036
54023     0.00368    -0.00095     0.00011
54054     0.00240    -0.00019     0.00011
54084     0.00087     0.00021     0.00018
54115    -0.00009     0.00071     0.00029
54146    -0.00149     0.00086     0.00042
54174    -0.00193     0.00115     0.00033
54205    -0.00079     0.00148     0.00022
54235     0.00131     0.00121     0.00021
54266     0.00323     0.00038     0.00037
54296     0.00528    -0.00074     0.00060
54327     0.00574    -0.00151     0.00075
54358     0.00484    -0.00180     0.00057
54388     0.00399    -0.00148     0.00033
54419     0.00192    -0.00086     0.00055
54449    -0.00016    -0.00015     0.00072
54480    -0.00154     0.00046     0.00087
54511    -0.00229     0.00086     0.00079
54540    -0.00283     0.00140     0.00064
54571    -0.00291     0.00135     0.00056
54601    -0.00078     0.00120     0.00046
54632     0.00090     0.00052     0.00042
54662     0.00359    -0.00032     0.00058
54693     0.00485    -0.00117     0.00064
54724     0.00460    -0.00146     0.00030
54754     0.00347    -0.00124    -0.00003
54785     0.00080    -0.00137    -0.00023
54815    -0.00239    -0.00051    -0.00021
54846    -0.00379     0.00006    -0.00022
54877    -0.00563     0.00031     0.00013
54905    -0.00576     0.00070     0.00019
54936    -0.00481     0.00088    -0.00001
54966    -0.00194     0.00074    -0.00012
54997     0.00135     0.00055     0.00006
55027     0.00331    -0.00015     0.00036
55058     0.00502    -0.00094     0.00041
55089     0.00501    -0.00135     0.00021
55119     0.00387    -0.00110    -0.00018
55150     0.00103    -0.00039    -0.00007
55180    -0.00161     0.00012     0.00019
55211    -0.00464     0.00037     0.00032
55242    -0.00599     0.00060     0.00010
55270    -0.00659     0.00064     0.00028
55301    -0.00515     0.00074     0.00036
55331    -0.00345     0.00065     0.00024
55362    -0.00097     0.00039     0.00031
55392     0.00256    -0.00038     0.00035
55423     0.00347    -0.00153     0.00060
55454     0.00296    -0.00217     0.00038
55484     0.00140    -0.00218     0.00001
55515    -0.00156    -0.00174    -0.00012
55545    -0.00428    -0.00103    -0.00024
55576    -0.00526    -0.00027    -0.00010
55607    -0.00553     0.00026    -0.00021
55635    -0.00578     0.00069    -0.00031
55666    -0.00375     0.00109    -0.00037
55696    -0.00084     0.00113    -0.00046
55727     0.00152     0.00033    -0.00013
55757     0.00392    -0.00059     0.00011
55788     0.00482    -0.00149     0.00030
55819     0.00503    -0.00204     0.00013
55849     0.00416    -0.00168     0.00019
55880     0.00249    -0.00135     0.00019
55910     0.00121    -0.00077     0.00020
55941    -0.00057    -0.00022     0.00046
55972    -0.00136     0.00033     0.00034
56001    -0.00096     0.00055     0.00022
56032    -0.00052     0.00074     0.00020
56062     0.00036     0.00056     0.00024
56093     0.00250     0.00018     0.00060
56123     0.00488    -0.00082     0.00088
56154     0.00586    -0.00179     0.00074
56185     0.00482    -0.00247     0.00049
56215     0.00310    -0.00209     0.00040
56246    -0.00019    -0.00184     0.00031
56276    -0.00292    -0.00127     0.00028
56307    -0.00453    -0.00055     0.00032
56338    -0.00615    -0.00000     0.00031
56366    -0.00680     0.00035     0.00020
56397    -0.00617     0.00056     0.00045
56427    -0.00351     0.00038     0.00060
56458    -0.00060     0.00024     0.00053
56488     0.00333    -0.00063     0.00037
56519     0.00569    -0.00146     0.00014
56550     0.00597    -0.00163    -0.00001
56580     0.00484    -0.00141    -0.00021
56611     0.00311    -0.00075    -0.00016
56641     0.00204    -0.00012    -0.00011
56672     0.00068     0.00016     0.00022
56703    -0.00161     0.00049     0.00038
56731    -0.00163     0.00104     0.00051
56762    -0.00023     0.00130     0.00052
56792     0.00042     0.00141     0.00065
56823     0.00320     0.00118     0.00054
56853     0.00465     0.00029     0.00066
56884     0.00428    -0.00083     0.00092
56915     0.00348    -0.00111     0.00068
56945     0.00239    -0.00093     0.00037
56976     0.00025    -0.00056     0.00021
57006    -0.00164     0.00009    -0.00002
57037    -0.00262     0.00040    -0.00010
57068    -0.00448     0.00090    -0.00032
57096    -0.00470     0.00124    -0.00051
57127    -0.00361     0.00136    -0.00037
57157    -0.00129     0.00142    -0.00017
57188     0.00185     0.00119    -0.00007
57218     0.00508     0.00070     0.00007
57249     0.00586    -0.00033     0.00004
57280     0.00528    -0.00092    -0.00015
57310     0.00331    -0.00087    -0.00047
57341     0.00174    -0.00064    -0.00087
57371     0.00042    -0.00042    -0.00100
57402    -0.00134     0.00010    -0.00082
57433    -0.00324     0.00063    -0.00059
57462    -0.00494     0.00109    -0.00045
57493    -0.00367     0.00122    -0.00031
57523    -0.00251     0.00105    -0.00022
57554    -0.00075     0.00049     0.00008
