# Hydrology loading displacements computed from the monthly GLDAS NOAH model
# This is a product of the Hydrology loading service: http://lacerta.gsfc.nasa.gov/hydlo/
# Displacements are with respect to the center of mass of the total earth
#
# Created for VieVS on 17.03.2017 at 11:46:08 local time
# OFFSET + TREND REMOVED!!! - Hana 
# mjd up (meters) eastwest (meters) northsouth (meters)
43888    -0.00101    -0.00092    -0.00016
43919    -0.00071    -0.00129    -0.00079
43947    -0.00056    -0.00099    -0.00084
43978    -0.00055    -0.00055    -0.00060
44008    -0.00118    -0.00011     0.00057
44039    -0.00093     0.00025     0.00164
44069     0.00026     0.00042     0.00202
44100     0.00072     0.00029     0.00200
44131    -0.00024     0.00024     0.00196
44161     0.00003     0.00054     0.00155
44192    -0.00006     0.00029     0.00095
44222    -0.00044    -0.00025     0.00043
44253    -0.00068    -0.00057     0.00005
44284    -0.00043    -0.00070    -0.00031
44313    -0.00012    -0.00076    -0.00058
44344    -0.00014    -0.00044    -0.00010
44374     0.00005     0.00012     0.00075
44405     0.00032     0.00052     0.00148
44435     0.00138     0.00058     0.00173
44466     0.00204     0.00040     0.00166
44497     0.00185     0.00035     0.00140
44527     0.00110     0.00051     0.00113
44558     0.00041     0.00033     0.00058
44588     0.00020    -0.00003     0.00013
44619     0.00091    -0.00033    -0.00020
44650     0.00059    -0.00063    -0.00042
44678     0.00060    -0.00084    -0.00076
44709     0.00096    -0.00062    -0.00057
44739     0.00090    -0.00024     0.00012
44770     0.00009     0.00035     0.00142
44800     0.00073     0.00044     0.00166
44831     0.00104     0.00028     0.00164
44862     0.00073     0.00021     0.00160
44892     0.00094     0.00044     0.00086
44923     0.00087     0.00047     0.00034
44953     0.00059     0.00027    -0.00026
44984    -0.00032    -0.00024    -0.00083
45015    -0.00061    -0.00052    -0.00129
45043    -0.00045    -0.00052    -0.00137
45074    -0.00076    -0.00028    -0.00072
45104    -0.00069    -0.00013     0.00019
45135    -0.00135     0.00022     0.00174
45165    -0.00055     0.00039     0.00280
45196     0.00048     0.00028     0.00248
45227     0.00083     0.00037     0.00209
45257     0.00037     0.00015     0.00153
45288     0.00039     0.00002     0.00047
45318    -0.00037    -0.00029    -0.00033
45349    -0.00071    -0.00040    -0.00100
45380    -0.00168    -0.00071    -0.00128
45408    -0.00185    -0.00036    -0.00133
45439    -0.00175     0.00019    -0.00074
45469    -0.00065     0.00081    -0.00004
45500    -0.00048     0.00103     0.00130
45530     0.00060     0.00126     0.00192
45561     0.00180     0.00106     0.00177
45592     0.00215     0.00113     0.00137
45622     0.00176     0.00130     0.00084
45653     0.00096     0.00127     0.00044
45683    -0.00066     0.00071    -0.00003
45714    -0.00074     0.00025    -0.00066
45745    -0.00064     0.00021    -0.00099
45774    -0.00086     0.00023    -0.00087
45805    -0.00104     0.00010    -0.00018
45835    -0.00043     0.00055     0.00072
45866    -0.00057     0.00094     0.00149
45896     0.00002     0.00129     0.00206
45927     0.00066     0.00132     0.00205
45958     0.00098     0.00133     0.00171
45988     0.00071     0.00123     0.00115
46019     0.00000     0.00101     0.00075
46049    -0.00059     0.00064     0.00019
46080    -0.00101     0.00003    -0.00022
46111    -0.00078    -0.00064    -0.00078
46139    -0.00031    -0.00042    -0.00111
46170     0.00009    -0.00037    -0.00052
46200     0.00038     0.00002     0.00005
46231     0.00065     0.00062     0.00111
46261     0.00070     0.00044     0.00175
46292     0.00077     0.00027     0.00175
46323     0.00071     0.00042     0.00155
46353     0.00039     0.00065     0.00113
46384    -0.00046     0.00053     0.00067
46414    -0.00094     0.00006     0.00005
46445    -0.00073    -0.00045    -0.00069
46476    -0.00085    -0.00064    -0.00115
46504    -0.00083    -0.00078    -0.00127
46535    -0.00018    -0.00052    -0.00086
46565     0.00023     0.00010    -0.00002
46596    -0.00041     0.00044     0.00141
46626     0.00041     0.00079     0.00189
46657     0.00162     0.00080     0.00188
46688     0.00139     0.00067     0.00178
46718     0.00085     0.00049     0.00147
46749     0.00024     0.00017     0.00090
46779    -0.00086    -0.00017     0.00040
46810    -0.00117    -0.00043    -0.00005
46841    -0.00095    -0.00048    -0.00060
46869    -0.00130    -0.00056    -0.00097
46900    -0.00089    -0.00034    -0.00060
46930    -0.00028     0.00031     0.00010
46961     0.00014     0.00043     0.00088
46991     0.00040     0.00080     0.00172
47022     0.00127     0.00074     0.00166
47053     0.00148     0.00062     0.00126
47083     0.00100     0.00056     0.00076
47114     0.00074     0.00063     0.00033
47144     0.00018     0.00029    -0.00007
47175    -0.00032    -0.00015    -0.00063
47206    -0.00044    -0.00053    -0.00106
47235    -0.00008    -0.00091    -0.00116
47266     0.00049    -0.00056    -0.00072
47296     0.00109    -0.00009    -0.00026
47327     0.00086     0.00033     0.00073
47357     0.00141     0.00040     0.00102
47388     0.00171     0.00010     0.00079
47419     0.00167     0.00001     0.00038
47449     0.00161     0.00022     0.00011
47480     0.00092     0.00019    -0.00024
47510     0.00042    -0.00011    -0.00077
47541     0.00016    -0.00052    -0.00138
47572     0.00019    -0.00076    -0.00186
47600     0.00012    -0.00059    -0.00202
47631     0.00073    -0.00036    -0.00160
47661     0.00111    -0.00002    -0.00070
47692     0.00099     0.00059     0.00063
47722     0.00107     0.00052     0.00150
47753     0.00190     0.00034     0.00157
47784     0.00159     0.00030     0.00140
47814     0.00119     0.00029     0.00082
47845     0.00092     0.00037     0.00014
47875     0.00056    -0.00038    -0.00047
47906     0.00023    -0.00089    -0.00106
47937     0.00003    -0.00115    -0.00169
47965     0.00008    -0.00083    -0.00193
47996     0.00014    -0.00052    -0.00136
48026     0.00028    -0.00019    -0.00040
48057     0.00020     0.00043     0.00049
48087     0.00099     0.00059     0.00096
48118     0.00130     0.00061     0.00123
48149     0.00164     0.00060     0.00099
48179     0.00098     0.00066     0.00046
48210     0.00057     0.00061    -0.00034
48240     0.00007     0.00024    -0.00115
48271    -0.00049    -0.00019    -0.00157
48302    -0.00009    -0.00044    -0.00186
48330    -0.00008    -0.00069    -0.00225
48361    -0.00038    -0.00064    -0.00166
48391    -0.00065    -0.00042    -0.00063
48422    -0.00022    -0.00010     0.00059
48452     0.00024     0.00022     0.00136
48483     0.00116     0.00027     0.00139
48514     0.00088     0.00051     0.00125
48544     0.00028     0.00055     0.00080
48575     0.00045     0.00064     0.00010
48605     0.00006     0.00043    -0.00053
48636    -0.00044     0.00004    -0.00105
48667    -0.00085    -0.00015    -0.00138
48696    -0.00103     0.00010    -0.00154
48727    -0.00096     0.00014    -0.00119
48757    -0.00014     0.00060    -0.00032
48788    -0.00088     0.00083     0.00097
48818    -0.00074     0.00093     0.00160
48849    -0.00007     0.00077     0.00155
48880    -0.00004     0.00064     0.00131
48910     0.00006     0.00068     0.00070
48941    -0.00064     0.00037     0.00002
48971    -0.00099     0.00014    -0.00027
49002    -0.00153    -0.00022    -0.00068
49033    -0.00120    -0.00053    -0.00129
49061    -0.00129    -0.00062    -0.00153
49092    -0.00133    -0.00045    -0.00123
49122    -0.00035    -0.00006    -0.00078
49153    -0.00022     0.00032     0.00017
49183    -0.00008     0.00048     0.00056
49214     0.00100     0.00050     0.00038
49245     0.00081     0.00040     0.00006
49275     0.00024     0.00042    -0.00024
49306    -0.00021     0.00038    -0.00067
49336    -0.00040     0.00016    -0.00112
49367    -0.00098    -0.00047    -0.00152
49398    -0.00123    -0.00088    -0.00177
49426    -0.00109    -0.00074    -0.00194
49457    -0.00070    -0.00045    -0.00156
49487    -0.00074    -0.00018    -0.00081
49518    -0.00081     0.00005     0.00010
49548    -0.00048     0.00015     0.00037
49579    -0.00017    -0.00013     0.00038
49610    -0.00037    -0.00026     0.00003
49640    -0.00079    -0.00036    -0.00036
49671    -0.00148    -0.00067    -0.00101
49701    -0.00158    -0.00083    -0.00182
49732    -0.00137    -0.00099    -0.00246
49763    -0.00075    -0.00107    -0.00307
49791    -0.00052    -0.00115    -0.00325
49822    -0.00044    -0.00095    -0.00263
49852    -0.00055    -0.00059    -0.00166
49883    -0.00130    -0.00018    -0.00060
49913    -0.00048     0.00008    -0.00017
49944    -0.00018    -0.00020    -0.00046
49975     0.00007    -0.00021    -0.00080
50005    -0.00054    -0.00023    -0.00107
50036    -0.00071    -0.00018    -0.00164
50066    -0.00087    -0.00055    -0.00200
50097    -0.00145    -0.00118    -0.00263
50128    -0.00142    -0.00151    -0.00331
50157    -0.00089    -0.00154    -0.00374
50188    -0.00049    -0.00137    -0.00328
50218    -0.00041    -0.00075    -0.00177
50249    -0.00002    -0.00037    -0.00002
50279     0.00047     0.00016     0.00146
50310     0.00108     0.00051     0.00240
50341     0.00125     0.00046     0.00261
50371     0.00105     0.00032     0.00220
50402     0.00087     0.00007     0.00150
50432     0.00046    -0.00031     0.00060
50463    -0.00014    -0.00082    -0.00026
50494    -0.00064    -0.00122    -0.00121
50522    -0.00077    -0.00164    -0.00186
50553    -0.00099    -0.00207    -0.00154
50583    -0.00122    -0.00202    -0.00107
50614    -0.00172    -0.00148    -0.00011
50644    -0.00095    -0.00083     0.00017
50675    -0.00003    -0.00035     0.00010
50706    -0.00017    -0.00024    -0.00039
50736    -0.00033    -0.00065    -0.00126
50767    -0.00094    -0.00129    -0.00219
50797    -0.00145    -0.00201    -0.00294
50828    -0.00132    -0.00221    -0.00358
50859    -0.00166    -0.00201    -0.00387
50887    -0.00188    -0.00178    -0.00412
50918    -0.00106    -0.00124    -0.00382
50948    -0.00049    -0.00039    -0.00287
50979    -0.00018     0.00028    -0.00177
51009     0.00018     0.00035    -0.00145
51040     0.00072    -0.00002    -0.00134
51071     0.00064    -0.00032    -0.00159
51101     0.00023    -0.00035    -0.00218
51132    -0.00057    -0.00032    -0.00268
51162    -0.00100    -0.00050    -0.00298
51193    -0.00150    -0.00078    -0.00324
51224    -0.00144    -0.00094    -0.00337
51252    -0.00074    -0.00094    -0.00329
51283    -0.00037    -0.00064    -0.00263
51313    -0.00031    -0.00017    -0.00184
51344    -0.00100     0.00037    -0.00077
51374    -0.00058     0.00042    -0.00010
51405     0.00032     0.00014    -0.00024
51436     0.00048     0.00008    -0.00039
51466    -0.00039     0.00001    -0.00065
51497     0.00022     0.00003    -0.00104
51527     0.00011    -0.00023    -0.00122
51558    -0.00005    -0.00114    -0.00117
51589     0.00006    -0.00156    -0.00129
51618     0.00037    -0.00163    -0.00139
51649     0.00003    -0.00168    -0.00116
51679     0.00059    -0.00117    -0.00099
51710    -0.00001    -0.00047    -0.00039
51740    -0.00040    -0.00004     0.00046
51771    -0.00001     0.00019     0.00053
51802    -0.00020     0.00014     0.00045
51832    -0.00013     0.00001    -0.00021
51863     0.00017    -0.00025    -0.00060
51893     0.00000    -0.00079    -0.00079
51924    -0.00032    -0.00082    -0.00108
51955    -0.00013    -0.00057    -0.00137
51983    -0.00021    -0.00059    -0.00140
52014     0.00003    -0.00058    -0.00105
52044     0.00050     0.00008    -0.00046
52075     0.00026     0.00052     0.00030
52105     0.00038     0.00089     0.00105
52136     0.00134     0.00104     0.00114
52167     0.00112     0.00104     0.00105
52197     0.00104     0.00099     0.00060
52228     0.00140     0.00073    -0.00000
52258     0.00084     0.00035    -0.00019
52289     0.00056    -0.00014    -0.00043
52320     0.00022    -0.00025    -0.00056
52348     0.00015    -0.00017    -0.00069
52379    -0.00014    -0.00001    -0.00042
52409     0.00002     0.00063     0.00016
52440    -0.00065     0.00123     0.00119
52470    -0.00018     0.00147     0.00178
52501     0.00101     0.00141     0.00181
52532     0.00130     0.00124     0.00151
52562     0.00089     0.00088     0.00091
52593     0.00019     0.00040     0.00041
52623    -0.00041     0.00010     0.00029
52654    -0.00040    -0.00033     0.00016
52685    -0.00023    -0.00050    -0.00002
52713    -0.00080    -0.00052     0.00024
52744    -0.00085    -0.00046     0.00054
52774    -0.00118     0.00015     0.00111
52805    -0.00191     0.00057     0.00201
52835    -0.00084     0.00085     0.00226
52866    -0.00012     0.00083     0.00217
52897     0.00061     0.00079     0.00157
52927     0.00066     0.00090     0.00103
52958     0.00001     0.00074     0.00052
52988    -0.00021     0.00045     0.00021
53019    -0.00035     0.00002     0.00005
53050    -0.00056    -0.00043     0.00011
53079    -0.00059    -0.00051    -0.00002
53110    -0.00022    -0.00062     0.00001
53140    -0.00045    -0.00011     0.00042
53171    -0.00058     0.00044     0.00109
53201    -0.00060     0.00065     0.00173
53232    -0.00022     0.00062     0.00173
53263     0.00000     0.00078     0.00129
53293    -0.00005     0.00074     0.00074
53324    -0.00032     0.00042     0.00036
53354    -0.00041    -0.00027     0.00007
53385    -0.00057    -0.00057    -0.00020
53416    -0.00094    -0.00067    -0.00041
53444    -0.00144    -0.00080    -0.00042
53475    -0.00139    -0.00054    -0.00010
53505    -0.00093    -0.00024     0.00020
53536    -0.00175     0.00019     0.00118
53566    -0.00064     0.00071     0.00156
53597     0.00034     0.00093     0.00144
53628     0.00066     0.00099     0.00113
53658     0.00028     0.00108     0.00083
53689     0.00041     0.00120     0.00042
53719    -0.00049     0.00079     0.00053
53750    -0.00092     0.00042     0.00049
53781    -0.00128     0.00004     0.00039
53809    -0.00087    -0.00031     0.00024
53840    -0.00029    -0.00034     0.00038
53870     0.00001     0.00016     0.00068
53901     0.00011     0.00078     0.00123
53931     0.00040     0.00126     0.00188
53962     0.00122     0.00109     0.00183
53993     0.00084     0.00094     0.00152
54023     0.00090     0.00093     0.00120
54054     0.00030     0.00045     0.00080
54084    -0.00020     0.00010     0.00052
54115    -0.00081    -0.00019     0.00051
54146    -0.00039    -0.00049     0.00026
54174    -0.00027    -0.00031     0.00017
54205    -0.00057    -0.00010     0.00049
54235    -0.00001     0.00017     0.00074
54266     0.00006     0.00064     0.00122
54296     0.00076     0.00082     0.00142
54327     0.00172     0.00053     0.00115
54358     0.00182     0.00035     0.00057
54388     0.00131     0.00041     0.00033
54419     0.00140     0.00001     0.00011
54449     0.00094    -0.00038    -0.00004
54480     0.00029    -0.00082    -0.00000
54511    -0.00028    -0.00097    -0.00001
54540    -0.00108    -0.00097     0.00002
54571    -0.00090    -0.00081     0.00009
54601    -0.00028    -0.00018     0.00050
54632    -0.00033     0.00035     0.00098
54662    -0.00013     0.00053     0.00128
54693     0.00069     0.00034     0.00105
54724     0.00062     0.00022     0.00049
54754     0.00050     0.00025    -0.00004
54785     0.00079     0.00030    -0.00061
54815     0.00007     0.00000    -0.00061
54846    -0.00020    -0.00028    -0.00071
54877     0.00003    -0.00072    -0.00093
54905    -0.00002    -0.00078    -0.00105
54936    -0.00041    -0.00065    -0.00074
54966    -0.00048    -0.00021    -0.00011
54997    -0.00104     0.00034     0.00081
55027    -0.00045     0.00056     0.00112
55058     0.00035     0.00045     0.00112
55089     0.00057     0.00027     0.00088
55119     0.00043     0.00028     0.00056
55150    -0.00005    -0.00032     0.00018
55180    -0.00083    -0.00086     0.00012
55211    -0.00067    -0.00130    -0.00023
55242    -0.00116    -0.00127    -0.00044
55270    -0.00097    -0.00141    -0.00061
55301    -0.00077    -0.00107    -0.00044
55331    -0.00073    -0.00061    -0.00010
55362    -0.00073    -0.00006     0.00045
55392    -0.00042     0.00026     0.00098
55423     0.00110     0.00026     0.00079
55454     0.00189     0.00027     0.00002
55484     0.00220     0.00050    -0.00058
55515     0.00187     0.00041    -0.00099
55545     0.00138     0.00007    -0.00139
55576     0.00079    -0.00033    -0.00143
55607     0.00037    -0.00054    -0.00144
55635     0.00007    -0.00058    -0.00137
55666    -0.00027    -0.00028    -0.00095
55696    -0.00002     0.00018    -0.00038
55727     0.00084     0.00080     0.00022
55757     0.00105     0.00114     0.00066
55788     0.00219     0.00116     0.00061
55819     0.00235     0.00101     0.00025
55849     0.00197     0.00062    -0.00004
55880     0.00163     0.00036    -0.00025
55910     0.00109     0.00019    -0.00036
55941     0.00085    -0.00013    -0.00053
55972     0.00032    -0.00025    -0.00055
56001     0.00036    -0.00005    -0.00045
56032     0.00026     0.00014    -0.00030
56062    -0.00007     0.00040     0.00003
56093     0.00012     0.00075     0.00091
56123     0.00140     0.00084     0.00121
56154     0.00217     0.00067     0.00099
56185     0.00261     0.00047     0.00038
56215     0.00201     0.00036     0.00003
56246     0.00219     0.00007    -0.00063
56276     0.00197    -0.00024    -0.00092
56307     0.00120    -0.00053    -0.00094
56338     0.00069    -0.00069    -0.00108
56366     0.00046    -0.00060    -0.00102
56397     0.00039    -0.00069    -0.00067
56427    -0.00017    -0.00031     0.00015
56458    -0.00073     0.00030     0.00093
56488     0.00001     0.00072     0.00134
56519     0.00094     0.00083     0.00134
56550     0.00105     0.00084     0.00113
56580     0.00086     0.00080     0.00081
56611     0.00041     0.00066     0.00063
56641    -0.00046     0.00030     0.00067
56672    -0.00100    -0.00016     0.00076
56703    -0.00116    -0.00037     0.00084
56731    -0.00113    -0.00048     0.00106
56762    -0.00090    -0.00030     0.00144
56792    -0.00065    -0.00013     0.00164
56823    -0.00085     0.00029     0.00208
56853    -0.00049     0.00062     0.00233
56884     0.00085     0.00053     0.00203
56915     0.00116     0.00038     0.00141
56945     0.00071     0.00018     0.00089
56976     0.00036     0.00009     0.00038
57006    -0.00025    -0.00005     0.00028
57037    -0.00063    -0.00020    -0.00001
57068    -0.00115    -0.00028    -0.00026
57096    -0.00149    -0.00033    -0.00029
57127    -0.00126    -0.00028    -0.00017
57157    -0.00139     0.00006     0.00042
57188    -0.00116     0.00050     0.00111
57218    -0.00055     0.00076     0.00168
57249     0.00023     0.00073     0.00153
57280     0.00075     0.00071     0.00106
57310     0.00102     0.00074     0.00044
57341     0.00019     0.00046    -0.00020
57371    -0.00052     0.00014    -0.00065
57402    -0.00088    -0.00034    -0.00075
57433    -0.00123    -0.00051    -0.00078
57462    -0.00111    -0.00065    -0.00090
57493    -0.00100    -0.00070    -0.00076
57523    -0.00091    -0.00041    -0.00046
57554    -0.00069    -0.00002     0.00016
