# Hydrology loading displacements computed from the monthly GLDAS NOAH model
# This is a product of the Hydrology loading service: http://lacerta.gsfc.nasa.gov/hydlo/
# Displacements are with respect to the center of mass of the total earth
#
# Created for VieVS on 17.03.2017 at 11:46:08 local time
# OFFSET + TREND REMOVED!!! - Hana 
# mjd up (meters) eastwest (meters) northsouth (meters)
43888    -0.00276    -0.00074    -0.00064
43919    -0.00362    -0.00111    -0.00128
43947    -0.00387    -0.00094    -0.00108
43978    -0.00385    -0.00072    -0.00053
44008    -0.00257    -0.00042     0.00072
44039    -0.00015    -0.00010     0.00168
44069     0.00324     0.00039     0.00172
44100     0.00459     0.00076     0.00128
44131     0.00468     0.00086     0.00119
44161     0.00454     0.00093     0.00120
44192     0.00301     0.00056     0.00073
44222     0.00229    -0.00013     0.00030
44253     0.00108    -0.00078    -0.00004
44284     0.00005    -0.00099    -0.00053
44313    -0.00043    -0.00102    -0.00089
44344    -0.00027    -0.00085    -0.00037
44374     0.00161    -0.00058     0.00044
44405     0.00314    -0.00026     0.00121
44435     0.00593     0.00010     0.00135
44466     0.00682     0.00046     0.00119
44497     0.00571     0.00067     0.00103
44527     0.00434     0.00077     0.00109
44558     0.00285     0.00047     0.00075
44588     0.00182    -0.00005     0.00030
44619     0.00162    -0.00052     0.00004
44650     0.00121    -0.00088    -0.00025
44678     0.00101    -0.00118    -0.00060
44709     0.00098    -0.00112    -0.00030
44739     0.00080    -0.00111     0.00044
44770     0.00112    -0.00049     0.00160
44800     0.00368     0.00012     0.00153
44831     0.00498     0.00055     0.00101
44862     0.00554     0.00073     0.00083
44892     0.00398     0.00091     0.00055
44923     0.00269     0.00080     0.00021
44953     0.00117     0.00029    -0.00016
44984    -0.00063    -0.00042    -0.00075
45015    -0.00152    -0.00064    -0.00127
45043    -0.00166    -0.00075    -0.00129
45074    -0.00167    -0.00081    -0.00047
45104    -0.00109    -0.00058     0.00032
45135    -0.00193     0.00005     0.00170
45165     0.00041     0.00020     0.00260
45196     0.00249     0.00050     0.00190
45227     0.00275     0.00077     0.00147
45257     0.00032     0.00076     0.00113
45288    -0.00117     0.00076     0.00025
45318    -0.00360     0.00046    -0.00060
45349    -0.00479     0.00017    -0.00108
45380    -0.00585    -0.00021    -0.00153
45408    -0.00653     0.00010    -0.00145
45439    -0.00608     0.00032    -0.00069
45469    -0.00467     0.00073     0.00014
45500    -0.00163     0.00095     0.00124
45530     0.00099     0.00137     0.00180
45561     0.00373     0.00140     0.00125
45592     0.00448     0.00170     0.00089
45622     0.00278     0.00191     0.00055
45653     0.00075     0.00170     0.00028
45683    -0.00240     0.00105    -0.00048
45714    -0.00333     0.00056    -0.00121
45745    -0.00378     0.00029    -0.00129
45774    -0.00421     0.00020    -0.00115
45805    -0.00389    -0.00018    -0.00053
45835    -0.00283     0.00011     0.00046
45866    -0.00147     0.00063     0.00131
45896     0.00181     0.00126     0.00162
45927     0.00413     0.00151     0.00132
45958     0.00467     0.00143     0.00126
45988     0.00311     0.00139     0.00091
46019     0.00091     0.00107     0.00070
46049    -0.00083     0.00059     0.00015
46080    -0.00223    -0.00024    -0.00024
46111    -0.00249    -0.00084    -0.00095
46139    -0.00292    -0.00065    -0.00118
46170    -0.00209    -0.00075    -0.00043
46200    -0.00040    -0.00044     0.00025
46231     0.00155     0.00016     0.00135
46261     0.00478     0.00027     0.00147
46292     0.00462     0.00043     0.00121
46323     0.00424     0.00079     0.00108
46353     0.00207     0.00109     0.00083
46384     0.00023     0.00095     0.00042
46414    -0.00163     0.00037    -0.00022
46445    -0.00197    -0.00022    -0.00083
46476    -0.00327    -0.00058    -0.00126
46504    -0.00346    -0.00096    -0.00129
46535    -0.00282    -0.00084    -0.00070
46565    -0.00290    -0.00045     0.00050
46596    -0.00054    -0.00017     0.00171
46626     0.00196     0.00055     0.00201
46657     0.00423     0.00087     0.00176
46688     0.00325     0.00083     0.00159
46718     0.00087     0.00076     0.00145
46749    -0.00033     0.00056     0.00082
46779    -0.00186     0.00023     0.00026
46810    -0.00259    -0.00014    -0.00020
46841    -0.00321    -0.00028    -0.00063
46869    -0.00427    -0.00028    -0.00107
46900    -0.00363    -0.00037    -0.00047
46930    -0.00161    -0.00012     0.00051
46961     0.00030    -0.00002     0.00105
46991     0.00237     0.00047     0.00170
47022     0.00330     0.00071     0.00159
47053     0.00353     0.00086     0.00112
47083     0.00380     0.00082     0.00079
47114     0.00299     0.00080     0.00045
47144     0.00150     0.00032     0.00011
47175     0.00008    -0.00013    -0.00054
47206    -0.00078    -0.00052    -0.00096
47235    -0.00063    -0.00086    -0.00116
47266     0.00014    -0.00075    -0.00052
47296     0.00142    -0.00049     0.00003
47327     0.00447    -0.00036     0.00110
47357     0.00634    -0.00008     0.00128
47388     0.00747     0.00018     0.00059
47419     0.00711     0.00047     0.00005
47449     0.00596     0.00063     0.00009
47480     0.00431     0.00034     0.00004
47510     0.00284    -0.00017    -0.00034
47541     0.00115    -0.00063    -0.00088
47572     0.00028    -0.00090    -0.00133
47600    -0.00044    -0.00080    -0.00150
47631     0.00017    -0.00069    -0.00106
47661     0.00045    -0.00056    -0.00013
47692     0.00174     0.00001     0.00110
47722     0.00476     0.00021     0.00145
47753     0.00660     0.00018     0.00124
47784     0.00565     0.00047     0.00101
47814     0.00515     0.00046     0.00055
47845     0.00352     0.00034     0.00038
47875     0.00235    -0.00061    -0.00014
47906     0.00123    -0.00123    -0.00069
47937     0.00019    -0.00146    -0.00132
47965    -0.00034    -0.00115    -0.00150
47996     0.00031    -0.00089    -0.00093
48026     0.00038    -0.00062    -0.00003
48057     0.00153     0.00006     0.00087
48087     0.00450     0.00041     0.00112
48118     0.00589     0.00064     0.00098
48149     0.00632     0.00065     0.00086
48179     0.00523     0.00086     0.00034
48210     0.00384     0.00067    -0.00017
48240     0.00246     0.00020    -0.00073
48271     0.00133    -0.00012    -0.00137
48302     0.00124    -0.00030    -0.00183
48330     0.00056    -0.00075    -0.00212
48361     0.00005    -0.00091    -0.00156
48391    -0.00119    -0.00079    -0.00055
48422    -0.00079    -0.00039     0.00028
48452     0.00112    -0.00001     0.00124
48483     0.00387     0.00025     0.00091
48514     0.00370     0.00061     0.00090
48544     0.00286     0.00074     0.00074
48575     0.00077     0.00082     0.00031
48605    -0.00120     0.00067    -0.00036
48636    -0.00247     0.00025    -0.00096
48667    -0.00324    -0.00008    -0.00120
48696    -0.00386    -0.00001    -0.00118
48727    -0.00344    -0.00019    -0.00067
48757    -0.00171     0.00008     0.00034
48788     0.00008     0.00033     0.00123
48818     0.00136     0.00067     0.00148
48849     0.00301     0.00095     0.00103
48880     0.00278     0.00101     0.00091
48910     0.00252     0.00105     0.00057
48941     0.00076     0.00073    -0.00001
48971    -0.00030     0.00027    -0.00028
49002    -0.00159    -0.00008    -0.00092
49033    -0.00223    -0.00035    -0.00164
49061    -0.00266    -0.00048    -0.00187
49092    -0.00307    -0.00052    -0.00143
49122    -0.00226    -0.00025    -0.00087
49153    -0.00091     0.00013     0.00002
49183    -0.00119     0.00071     0.00054
49214    -0.00060     0.00093     0.00036
49245    -0.00039     0.00101     0.00010
49275    -0.00069     0.00094    -0.00011
49306    -0.00171     0.00073    -0.00033
49336    -0.00304     0.00039    -0.00067
49367    -0.00436    -0.00039    -0.00106
49398    -0.00531    -0.00082    -0.00145
49426    -0.00519    -0.00074    -0.00162
49457    -0.00504    -0.00072    -0.00113
49487    -0.00430    -0.00062    -0.00036
49518    -0.00274    -0.00041     0.00064
49548    -0.00071     0.00014     0.00053
49579     0.00159     0.00025     0.00009
49610     0.00209     0.00032    -0.00029
49640     0.00008     0.00017    -0.00051
49671    -0.00207    -0.00021    -0.00104
49701    -0.00345    -0.00040    -0.00173
49732    -0.00463    -0.00055    -0.00232
49763    -0.00520    -0.00061    -0.00290
49791    -0.00565    -0.00075    -0.00306
49822    -0.00602    -0.00084    -0.00224
49852    -0.00673    -0.00056    -0.00142
49883    -0.00586    -0.00017    -0.00064
49913    -0.00355     0.00026    -0.00035
49944    -0.00129     0.00047    -0.00076
49975    -0.00048     0.00064    -0.00105
50005    -0.00126     0.00065    -0.00124
50036    -0.00272     0.00054    -0.00141
50066    -0.00394    -0.00026    -0.00142
50097    -0.00496    -0.00092    -0.00202
50128    -0.00566    -0.00128    -0.00265
50157    -0.00586    -0.00133    -0.00299
50188    -0.00525    -0.00135    -0.00251
50218    -0.00408    -0.00121    -0.00080
50249    -0.00145    -0.00118     0.00085
50279     0.00127    -0.00118     0.00230
50310     0.00308    -0.00106     0.00318
50341     0.00373    -0.00123     0.00333
50371     0.00353    -0.00129     0.00299
50402     0.00231    -0.00150     0.00235
50432     0.00106    -0.00169     0.00143
50463    -0.00044    -0.00196     0.00044
50494    -0.00204    -0.00204    -0.00068
50522    -0.00304    -0.00221    -0.00149
50553    -0.00357    -0.00238    -0.00161
50583    -0.00430    -0.00207    -0.00143
50614    -0.00367    -0.00154    -0.00060
50644    -0.00205    -0.00076    -0.00028
50675    -0.00074    -0.00001    -0.00038
50706    -0.00100     0.00034    -0.00077
50736    -0.00287     0.00019    -0.00160
50767    -0.00487    -0.00024    -0.00260
50797    -0.00630    -0.00092    -0.00345
50828    -0.00788    -0.00126    -0.00399
50859    -0.00892    -0.00123    -0.00412
50887    -0.01018    -0.00095    -0.00419
50918    -0.01007    -0.00082    -0.00367
50948    -0.00867    -0.00041    -0.00242
50979    -0.00775    -0.00002    -0.00120
51009    -0.00615     0.00059    -0.00109
51040    -0.00374     0.00072    -0.00158
51071    -0.00207     0.00069    -0.00199
51101    -0.00418     0.00092    -0.00239
51132    -0.00665     0.00084    -0.00261
51162    -0.00766     0.00031    -0.00267
51193    -0.00911    -0.00015    -0.00276
51224    -0.00937    -0.00045    -0.00278
51252    -0.00867    -0.00057    -0.00265
51283    -0.00815    -0.00051    -0.00201
51313    -0.00804    -0.00012    -0.00112
51344    -0.00653     0.00052    -0.00023
51374    -0.00452     0.00084     0.00024
51405    -0.00215     0.00082    -0.00019
51436    -0.00189     0.00085    -0.00036
51466    -0.00196     0.00086    -0.00060
51497    -0.00200     0.00060    -0.00069
51527    -0.00272     0.00008    -0.00073
51558    -0.00318    -0.00115    -0.00070
51589    -0.00359    -0.00178    -0.00086
51618    -0.00443    -0.00185    -0.00115
51649    -0.00445    -0.00192    -0.00102
51679    -0.00289    -0.00139    -0.00084
51710    -0.00101    -0.00056    -0.00018
51740     0.00132    -0.00001     0.00036
51771     0.00331     0.00035     0.00023
51802     0.00351     0.00026     0.00019
51832     0.00286     0.00012    -0.00030
51863     0.00056    -0.00000    -0.00057
51893    -0.00032    -0.00053    -0.00079
51924    -0.00147    -0.00073    -0.00090
51955    -0.00238    -0.00042    -0.00116
51983    -0.00287    -0.00047    -0.00123
52014    -0.00277    -0.00055    -0.00093
52044    -0.00096    -0.00015    -0.00010
52075     0.00011     0.00037     0.00060
52105     0.00198     0.00079     0.00108
52136     0.00333     0.00119     0.00098
52167     0.00365     0.00130     0.00077
52197     0.00324     0.00141     0.00038
52228     0.00259     0.00109     0.00001
52258     0.00113     0.00056    -0.00010
52289     0.00050    -0.00011    -0.00027
52320    -0.00008    -0.00026    -0.00038
52348    -0.00055    -0.00020    -0.00044
52379    -0.00076    -0.00036     0.00003
52409    -0.00024     0.00009     0.00078
52440     0.00123     0.00048     0.00189
52470     0.00360     0.00097     0.00207
52501     0.00460     0.00123     0.00185
52532     0.00403     0.00129     0.00148
52562     0.00270     0.00118     0.00083
52593     0.00164     0.00072     0.00036
52623     0.00078     0.00032     0.00026
52654     0.00004    -0.00030     0.00019
52685    -0.00075    -0.00068     0.00014
52713    -0.00126    -0.00078     0.00029
52744    -0.00113    -0.00090     0.00069
52774    -0.00109    -0.00044     0.00133
52805     0.00029     0.00002     0.00201
52835     0.00317     0.00061     0.00190
52866     0.00536     0.00082     0.00143
52897     0.00529     0.00104     0.00080
52927     0.00453     0.00117     0.00056
52958     0.00298     0.00090     0.00031
52988     0.00197     0.00052     0.00012
53019     0.00113    -0.00012     0.00008
53050     0.00059    -0.00060     0.00005
53079    -0.00001    -0.00071    -0.00001
53110     0.00060    -0.00090     0.00009
53140     0.00116    -0.00051     0.00071
53171     0.00156     0.00022     0.00136
53201     0.00316     0.00067     0.00145
53232     0.00472     0.00090     0.00103
53263     0.00415     0.00123     0.00068
53293     0.00298     0.00117     0.00034
53324     0.00120     0.00076     0.00009
53354     0.00037     0.00010    -0.00026
53385    -0.00072    -0.00037    -0.00041
53416    -0.00148    -0.00073    -0.00040
53444    -0.00173    -0.00101    -0.00034
53475    -0.00159    -0.00096     0.00001
53505    -0.00156    -0.00086     0.00030
53536    -0.00101    -0.00035     0.00123
53566     0.00184     0.00038     0.00159
53597     0.00393     0.00090     0.00114
53628     0.00431     0.00117     0.00091
53658     0.00261     0.00127     0.00078
53689     0.00165     0.00118     0.00076
53719     0.00028     0.00041     0.00103
53750    -0.00084    -0.00028     0.00114
53781    -0.00136    -0.00059     0.00097
53809    -0.00165    -0.00099     0.00084
53840    -0.00188    -0.00121     0.00103
53870    -0.00074    -0.00069     0.00139
53901     0.00152    -0.00013     0.00191
53931     0.00435     0.00063     0.00196
53962     0.00578     0.00086     0.00150
53993     0.00545     0.00103     0.00096
54023     0.00385     0.00084     0.00101
54054     0.00272     0.00014     0.00081
54084     0.00181    -0.00032     0.00068
54115     0.00071    -0.00056     0.00055
54146     0.00036    -0.00083     0.00024
54174    -0.00005    -0.00083     0.00037
54205    -0.00065    -0.00081     0.00078
54235    -0.00009    -0.00056     0.00115
54266     0.00106     0.00015     0.00158
54296     0.00412     0.00066     0.00134
54327     0.00599     0.00060     0.00071
54358     0.00594     0.00070     0.00017
54388     0.00435     0.00071     0.00016
54419     0.00368     0.00014     0.00006
54449     0.00230    -0.00049    -0.00004
54480     0.00121    -0.00116    -0.00004
54511     0.00025    -0.00141    -0.00007
54540    -0.00052    -0.00152     0.00003
54571    -0.00034    -0.00137     0.00013
54601     0.00001    -0.00092     0.00075
54632     0.00032    -0.00030     0.00117
54662     0.00333     0.00020     0.00118
54693     0.00519     0.00042     0.00059
54724     0.00452     0.00050     0.00001
54754     0.00348     0.00057    -0.00031
54785     0.00225     0.00062    -0.00065
54815     0.00090     0.00008    -0.00053
54846    -0.00057    -0.00040    -0.00055
54877    -0.00090    -0.00087    -0.00077
54905    -0.00157    -0.00106    -0.00078
54936    -0.00198    -0.00100    -0.00054
54966    -0.00120    -0.00059     0.00004
54997     0.00080    -0.00005     0.00071
55027     0.00311     0.00039     0.00085
55058     0.00430     0.00061     0.00060
55089     0.00499     0.00069     0.00022
55119     0.00329     0.00086    -0.00009
55150     0.00197     0.00019    -0.00034
55180     0.00108    -0.00048    -0.00045
55211    -0.00010    -0.00100    -0.00075
55242    -0.00155    -0.00097    -0.00092
55270    -0.00157    -0.00115    -0.00103
55301    -0.00118    -0.00109    -0.00066
55331    -0.00130    -0.00067    -0.00013
55362    -0.00095    -0.00018     0.00057
55392     0.00149     0.00041     0.00081
55423     0.00372     0.00072     0.00035
55454     0.00350     0.00105    -0.00020
55484     0.00303     0.00123    -0.00055
55515     0.00177     0.00084    -0.00065
55545    -0.00031     0.00023    -0.00087
55576    -0.00214    -0.00046    -0.00083
55607    -0.00329    -0.00074    -0.00078
55635    -0.00410    -0.00096    -0.00064
55666    -0.00450    -0.00086    -0.00014
55696    -0.00526    -0.00043     0.00039
55727    -0.00524     0.00023     0.00099
55757    -0.00177     0.00096     0.00115
55788     0.00100     0.00127     0.00082
55819     0.00218     0.00140     0.00026
55849     0.00167     0.00095    -0.00003
55880     0.00088     0.00050    -0.00014
55910    -0.00019     0.00023    -0.00020
55941    -0.00096    -0.00024    -0.00033
55972    -0.00168    -0.00045    -0.00034
56001    -0.00190    -0.00035    -0.00017
56032    -0.00174    -0.00042     0.00019
56062    -0.00107    -0.00021     0.00070
56093     0.00076     0.00012     0.00148
56123     0.00366     0.00040     0.00135
56154     0.00525     0.00073     0.00065
56185     0.00583     0.00096    -0.00024
56215     0.00469     0.00082    -0.00036
56246     0.00321     0.00047    -0.00069
56276     0.00204    -0.00006    -0.00082
56307     0.00083    -0.00042    -0.00086
56338     0.00003    -0.00064    -0.00095
56366    -0.00048    -0.00063    -0.00080
56397    -0.00062    -0.00075    -0.00054
56427     0.00003    -0.00039     0.00012
56458    -0.00073     0.00027     0.00095
56488     0.00223     0.00083     0.00104
56519     0.00382     0.00117     0.00068
56550     0.00375     0.00124     0.00050
56580     0.00189     0.00135     0.00021
56611     0.00079     0.00099     0.00034
56641    -0.00032     0.00055     0.00037
56672    -0.00116     0.00008     0.00040
56703    -0.00200    -0.00032     0.00046
56731    -0.00253    -0.00079     0.00077
56762    -0.00229    -0.00077     0.00116
56792    -0.00157    -0.00061     0.00151
56823    -0.00051    -0.00002     0.00194
56853     0.00162     0.00053     0.00193
56884     0.00351     0.00068     0.00129
56915     0.00280     0.00086     0.00068
56945     0.00193     0.00080     0.00022
56976     0.00095     0.00046     0.00010
57006    -0.00035     0.00004     0.00016
57037    -0.00138    -0.00010    -0.00017
57068    -0.00223    -0.00035    -0.00023
57096    -0.00246    -0.00050    -0.00022
57127    -0.00191    -0.00057    -0.00005
57157    -0.00176    -0.00027     0.00033
57188    -0.00101     0.00029     0.00075
57218     0.00154     0.00062     0.00107
57249     0.00307     0.00082     0.00075
57280     0.00331     0.00102     0.00038
57310     0.00250     0.00106    -0.00005
57341     0.00099     0.00105    -0.00067
57371    -0.00043     0.00098    -0.00127
57402    -0.00140     0.00044    -0.00144
57433    -0.00206     0.00001    -0.00131
57462    -0.00233    -0.00048    -0.00111
57493    -0.00247    -0.00072    -0.00091
57523    -0.00233    -0.00054    -0.00071
57554    -0.00022    -0.00004    -0.00005
