# Hydrology loading displacements computed from the monthly GLDAS NOAH model
# This is a product of the Hydrology loading service: http://lacerta.gsfc.nasa.gov/hydlo/
# Displacements are with respect to the center of mass of the total earth
#
# Created for VieVS on 17.03.2017 at 11:46:08 local time
# OFFSET + TREND REMOVED!!! - Hana 
# mjd up (meters) eastwest (meters) northsouth (meters)
43888     0.00088     0.00053    -0.00099
43919     0.00058     0.00088    -0.00159
43947     0.00038     0.00062    -0.00156
43978     0.00025     0.00017    -0.00132
44008     0.00072    -0.00029    -0.00038
44039     0.00112    -0.00059     0.00075
44069    -0.00001    -0.00044     0.00208
44100    -0.00035    -0.00017     0.00248
44131    -0.00053    -0.00023     0.00232
44161    -0.00049    -0.00032     0.00200
44192    -0.00000    -0.00012     0.00109
44222     0.00057     0.00026     0.00017
44253     0.00088     0.00037    -0.00057
44284     0.00080     0.00047    -0.00101
44313     0.00033     0.00055    -0.00120
44344     0.00023     0.00023    -0.00083
44374     0.00036    -0.00018     0.00017
44405     0.00018    -0.00046     0.00132
44435    -0.00042    -0.00015     0.00236
44466    -0.00079     0.00015     0.00274
44497    -0.00089     0.00010     0.00246
44527    -0.00069    -0.00019     0.00193
44558    -0.00026    -0.00010     0.00101
44588     0.00010     0.00015     0.00023
44619     0.00062     0.00052    -0.00023
44650     0.00089     0.00071    -0.00061
44678     0.00058     0.00082    -0.00098
44709     0.00034     0.00061    -0.00080
44739     0.00088     0.00025    -0.00029
44770     0.00103    -0.00048     0.00090
44800    -0.00002    -0.00036     0.00203
44831    -0.00049     0.00006     0.00256
44862    -0.00059     0.00015     0.00252
44892    -0.00092    -0.00006     0.00189
44923    -0.00107    -0.00018     0.00118
44953    -0.00045    -0.00010     0.00012
44984     0.00015     0.00020    -0.00108
45015     0.00005     0.00044    -0.00166
45043    -0.00018     0.00047    -0.00166
45074     0.00032     0.00018    -0.00135
45104     0.00086     0.00002    -0.00055
45135     0.00141    -0.00053     0.00063
45165     0.00142    -0.00067     0.00185
45196     0.00054    -0.00020     0.00229
45227    -0.00004    -0.00014     0.00225
45257     0.00028     0.00000     0.00156
45288    -0.00006     0.00020     0.00065
45318    -0.00014     0.00022    -0.00052
45349    -0.00002     0.00025    -0.00142
45380     0.00005     0.00029    -0.00218
45408    -0.00039    -0.00007    -0.00212
45439    -0.00020    -0.00057    -0.00156
45469    -0.00004    -0.00088    -0.00052
45500     0.00021    -0.00108     0.00088
45530    -0.00052    -0.00101     0.00234
45561    -0.00068    -0.00034     0.00298
45592    -0.00173    -0.00033     0.00314
45622    -0.00192    -0.00055     0.00252
45653    -0.00125    -0.00071     0.00154
45683    -0.00042    -0.00052     0.00011
45714    -0.00021    -0.00007    -0.00063
45745    -0.00022    -0.00007    -0.00100
45774    -0.00019    -0.00017    -0.00111
45805     0.00021    -0.00038    -0.00100
45835     0.00053    -0.00077    -0.00012
45866     0.00014    -0.00116     0.00101
45896    -0.00047    -0.00123     0.00226
45927    -0.00069    -0.00096     0.00287
45958    -0.00102    -0.00092     0.00280
45988    -0.00068    -0.00088     0.00202
46019    -0.00003    -0.00088     0.00096
46049     0.00020    -0.00070    -0.00004
46080     0.00071    -0.00047    -0.00112
46111     0.00053     0.00007    -0.00178
46139    -0.00023    -0.00006    -0.00180
46170     0.00036    -0.00003    -0.00134
46200     0.00066    -0.00027    -0.00066
46231     0.00036    -0.00078     0.00069
46261     0.00024    -0.00044     0.00167
46292     0.00006    -0.00015     0.00198
46323    -0.00048    -0.00023     0.00202
46353    -0.00081    -0.00049     0.00164
46384    -0.00044    -0.00053     0.00072
46414    -0.00003    -0.00026    -0.00034
46445     0.00023     0.00028    -0.00114
46476     0.00038     0.00040    -0.00185
46504     0.00030     0.00045    -0.00212
46535     0.00020     0.00026    -0.00157
46565     0.00067    -0.00024    -0.00070
46596     0.00116    -0.00078     0.00051
46626     0.00014    -0.00078     0.00186
46657     0.00012    -0.00029     0.00240
46688     0.00016    -0.00029     0.00221
46718     0.00079    -0.00027     0.00148
46749     0.00069    -0.00012     0.00068
46779     0.00083    -0.00001    -0.00031
46810     0.00082     0.00012    -0.00100
46841     0.00086     0.00021    -0.00152
46869     0.00037     0.00015    -0.00186
46900     0.00052    -0.00008    -0.00161
46930     0.00072    -0.00050    -0.00067
46961     0.00078    -0.00061     0.00031
46991     0.00019    -0.00092     0.00159
47022    -0.00024    -0.00064     0.00209
47053    -0.00073    -0.00034     0.00209
47083    -0.00080    -0.00016     0.00168
47114    -0.00101    -0.00027     0.00111
47144    -0.00034    -0.00020     0.00008
47175     0.00012     0.00004    -0.00094
47206     0.00035     0.00037    -0.00161
47235     0.00016     0.00067    -0.00176
47266     0.00029     0.00043    -0.00117
47296     0.00015     0.00021    -0.00033
47327     0.00016    -0.00012     0.00101
47357    -0.00010     0.00004     0.00191
47388    -0.00069     0.00049     0.00221
47419    -0.00136     0.00057     0.00204
47449    -0.00098     0.00043     0.00158
47480    -0.00019     0.00035     0.00063
47510     0.00029     0.00043    -0.00036
47541     0.00013     0.00061    -0.00122
47572    -0.00022     0.00074    -0.00171
47600    -0.00045     0.00062    -0.00183
47631    -0.00007     0.00057    -0.00135
47661    -0.00002     0.00027    -0.00041
47692     0.00026    -0.00035     0.00086
47722    -0.00020    -0.00025     0.00206
47753    -0.00021     0.00015     0.00252
47784    -0.00083     0.00011     0.00241
47814    -0.00046     0.00024     0.00172
47845    -0.00029     0.00012     0.00086
47875     0.00049     0.00062    -0.00033
47906     0.00066     0.00089    -0.00131
47937     0.00019     0.00100    -0.00199
47965    -0.00021     0.00069    -0.00208
47996    -0.00014     0.00044    -0.00140
48026     0.00031     0.00009    -0.00054
48057    -0.00004    -0.00046     0.00068
48087    -0.00054    -0.00043     0.00177
48118    -0.00039    -0.00023     0.00226
48149    -0.00083    -0.00018     0.00224
48179    -0.00124    -0.00027     0.00164
48210    -0.00110    -0.00029     0.00060
48240    -0.00082    -0.00008    -0.00055
48271    -0.00068     0.00017    -0.00134
48302    -0.00076     0.00049    -0.00152
48330    -0.00095     0.00063    -0.00204
48361    -0.00056     0.00044    -0.00183
48391     0.00012     0.00006    -0.00126
48422    -0.00005    -0.00023     0.00021
48452    -0.00036    -0.00039     0.00145
48483    -0.00082    -0.00006     0.00211
48514    -0.00095    -0.00024     0.00209
48544    -0.00095    -0.00029     0.00156
48575    -0.00076    -0.00038     0.00075
48605    -0.00067    -0.00032    -0.00019
48636    -0.00063    -0.00025    -0.00114
48667    -0.00044    -0.00031    -0.00185
48696    -0.00079    -0.00067    -0.00211
48727    -0.00039    -0.00072    -0.00195
48757     0.00006    -0.00093    -0.00089
48788     0.00040    -0.00123     0.00031
48818    -0.00009    -0.00121     0.00131
48849    -0.00054    -0.00075     0.00189
48880    -0.00038    -0.00060     0.00165
48910    -0.00055    -0.00051     0.00124
48941    -0.00009    -0.00035     0.00011
48971     0.00030    -0.00031    -0.00058
49002     0.00027    -0.00011    -0.00121
49033     0.00023     0.00029    -0.00167
49061    -0.00001     0.00030    -0.00201
49092     0.00025     0.00008    -0.00194
49122     0.00009    -0.00013    -0.00110
49153     0.00006    -0.00047     0.00011
49183    -0.00066    -0.00062     0.00103
49214    -0.00140    -0.00036     0.00157
49245    -0.00144    -0.00016     0.00136
49275    -0.00110    -0.00016     0.00083
49306    -0.00102    -0.00027     0.00007
49336    -0.00083    -0.00021    -0.00076
49367    -0.00008     0.00017    -0.00185
49398    -0.00000     0.00042    -0.00237
49426    -0.00010     0.00038    -0.00244
49457    -0.00022     0.00005    -0.00212
49487     0.00016    -0.00021    -0.00147
49518     0.00019    -0.00051    -0.00057
49548    -0.00041    -0.00035     0.00023
49579    -0.00091     0.00012     0.00076
49610    -0.00112     0.00035     0.00063
49640    -0.00082     0.00028     0.00002
49671    -0.00034     0.00042    -0.00101
49701    -0.00067     0.00047    -0.00194
49732    -0.00078     0.00061    -0.00261
49763    -0.00088     0.00084    -0.00303
49791    -0.00085     0.00094    -0.00318
49822    -0.00066     0.00060    -0.00280
49852    -0.00037     0.00017    -0.00199
49883    -0.00052    -0.00032    -0.00088
49913    -0.00122    -0.00024     0.00029
49944    -0.00172     0.00023     0.00062
49975    -0.00192     0.00043     0.00061
50005    -0.00175     0.00034     0.00007
50036    -0.00134     0.00025    -0.00084
50066    -0.00051     0.00039    -0.00175
50097    -0.00004     0.00082    -0.00271
50128     0.00011     0.00117    -0.00344
50157     0.00024     0.00140    -0.00366
50188     0.00073     0.00135    -0.00328
50218     0.00188     0.00074    -0.00224
50249     0.00326     0.00049    -0.00084
50279     0.00434     0.00010     0.00039
50310     0.00524    -0.00005     0.00121
50341     0.00572     0.00002     0.00131
50371     0.00575     0.00018     0.00093
50402     0.00565     0.00039     0.00017
50432     0.00533     0.00072    -0.00071
50463     0.00488     0.00107    -0.00161
50494     0.00414     0.00132    -0.00246
50522     0.00314     0.00149    -0.00303
50553     0.00248     0.00164    -0.00276
50583     0.00191     0.00140    -0.00217
50614     0.00147     0.00072    -0.00114
50644     0.00062     0.00041    -0.00019
50675    -0.00009     0.00036     0.00052
50706    -0.00089     0.00034     0.00046
50736    -0.00078     0.00063    -0.00052
50767    -0.00108     0.00100    -0.00157
50797    -0.00087     0.00146    -0.00263
50828    -0.00094     0.00162    -0.00336
50859    -0.00092     0.00141    -0.00385
50887    -0.00114     0.00116    -0.00418
50918    -0.00120     0.00077    -0.00375
50948    -0.00120     0.00007    -0.00264
50979    -0.00136    -0.00050    -0.00136
51009    -0.00188    -0.00030    -0.00036
51040    -0.00238     0.00024     0.00034
51071    -0.00236     0.00066     0.00031
51101    -0.00269     0.00054    -0.00033
51132    -0.00208     0.00028    -0.00128
51162    -0.00157     0.00028    -0.00209
51193    -0.00093     0.00043    -0.00290
51224    -0.00060     0.00054    -0.00328
51252    -0.00076     0.00059    -0.00312
51283    -0.00076     0.00028    -0.00249
51313    -0.00047    -0.00017    -0.00177
51344    -0.00093    -0.00071    -0.00053
51374    -0.00089    -0.00071     0.00031
51405    -0.00141    -0.00015     0.00086
51436    -0.00161    -0.00001     0.00090
51466    -0.00109     0.00017     0.00040
51497    -0.00095     0.00022    -0.00001
51527    -0.00024     0.00034    -0.00069
51558     0.00072     0.00083    -0.00143
51589     0.00104     0.00111    -0.00183
51618     0.00104     0.00120    -0.00192
51649     0.00121     0.00122    -0.00194
51679     0.00090     0.00109    -0.00123
51710     0.00008     0.00034    -0.00032
51740    -0.00006    -0.00000     0.00055
51771    -0.00091    -0.00004     0.00121
51802    -0.00102     0.00001     0.00120
51832    -0.00109     0.00012     0.00067
51863    -0.00056     0.00020    -0.00000
51893     0.00016     0.00062    -0.00054
51924     0.00016     0.00052    -0.00111
51955    -0.00017     0.00035    -0.00134
51983     0.00006     0.00034    -0.00165
52014     0.00048     0.00039    -0.00153
52044     0.00043    -0.00004    -0.00064
52075     0.00011    -0.00041     0.00025
52105    -0.00036    -0.00054     0.00140
52136    -0.00071    -0.00033     0.00210
52167    -0.00088    -0.00033     0.00207
52197    -0.00095    -0.00022     0.00171
52228    -0.00074     0.00004     0.00107
52258    -0.00012     0.00004     0.00021
52289     0.00038     0.00031    -0.00052
52320     0.00054     0.00031    -0.00090
52348     0.00047     0.00021    -0.00112
52379     0.00060    -0.00009    -0.00114
52409     0.00025    -0.00070    -0.00041
52440     0.00072    -0.00119     0.00056
52470    -0.00040    -0.00130     0.00180
52501    -0.00063    -0.00096     0.00231
52532    -0.00055    -0.00064     0.00220
52562    -0.00049    -0.00038     0.00141
52593    -0.00018    -0.00017     0.00046
52623    -0.00007    -0.00015    -0.00014
52654     0.00053     0.00011    -0.00073
52685     0.00078     0.00020    -0.00109
52713     0.00092     0.00007    -0.00115
52744     0.00119    -0.00002    -0.00098
52774     0.00117    -0.00058    -0.00040
52805     0.00113    -0.00103     0.00049
52835     0.00029    -0.00089     0.00162
52866    -0.00040    -0.00048     0.00227
52897    -0.00079    -0.00026     0.00215
52927    -0.00064    -0.00031     0.00160
52958    -0.00058    -0.00031     0.00081
52988    -0.00029    -0.00019     0.00018
53019     0.00053     0.00000    -0.00051
53050     0.00104     0.00021    -0.00093
53079     0.00110     0.00023    -0.00110
53110     0.00120     0.00036    -0.00105
53140     0.00078    -0.00018    -0.00050
53171     0.00058    -0.00062     0.00037
53201     0.00014    -0.00073     0.00132
53232    -0.00052    -0.00039     0.00190
53263    -0.00126    -0.00040     0.00185
53293    -0.00096    -0.00030     0.00131
53324    -0.00036    -0.00028     0.00043
53354     0.00029     0.00020    -0.00034
53385     0.00075     0.00036    -0.00098
53416     0.00080     0.00021    -0.00152
53444     0.00098     0.00018    -0.00190
53475     0.00114    -0.00002    -0.00167
53505     0.00109    -0.00019    -0.00112
53536     0.00121    -0.00060    -0.00013
53566     0.00004    -0.00071     0.00131
53597    -0.00079    -0.00057     0.00202
53628    -0.00123    -0.00043     0.00214
53658    -0.00094    -0.00057     0.00166
53689    -0.00083    -0.00070     0.00114
53719     0.00008    -0.00075     0.00023
53750     0.00077    -0.00065    -0.00041
53781     0.00097    -0.00044    -0.00083
53809     0.00117    -0.00016    -0.00112
53840     0.00136    -0.00009    -0.00093
53870     0.00107    -0.00040    -0.00027
53901     0.00056    -0.00078     0.00079
53931    -0.00055    -0.00094     0.00222
53962    -0.00042    -0.00044     0.00260
53993    -0.00081    -0.00029     0.00244
54023     0.00005    -0.00032     0.00170
54054     0.00070    -0.00011     0.00073
54084     0.00065    -0.00007     0.00011
54115     0.00114    -0.00003    -0.00041
54146     0.00131     0.00021    -0.00078
54174     0.00113    -0.00003    -0.00094
54205     0.00153    -0.00027    -0.00083
54235     0.00147    -0.00039    -0.00030
54266     0.00106    -0.00060     0.00071
54296    -0.00016    -0.00046     0.00183
54327    -0.00041     0.00011     0.00220
54358    -0.00089     0.00034     0.00197
54388    -0.00064     0.00027     0.00154
54419     0.00009     0.00060     0.00092
54449     0.00078     0.00071     0.00009
54480     0.00124     0.00080    -0.00056
54511     0.00143     0.00068    -0.00109
54540     0.00172     0.00049    -0.00157
54571     0.00140     0.00031    -0.00146
54601     0.00138    -0.00012    -0.00076
54632     0.00059    -0.00051     0.00031
54662     0.00016    -0.00042     0.00125
54693    -0.00063    -0.00002     0.00175
54724    -0.00107     0.00012     0.00153
54754    -0.00106     0.00013     0.00104
54785    -0.00118     0.00013     0.00049
54815    -0.00032     0.00018    -0.00026
54846     0.00031     0.00030    -0.00088
54877     0.00061     0.00067    -0.00124
54905     0.00052     0.00059    -0.00159
54936     0.00079     0.00036    -0.00166
54966     0.00089    -0.00002    -0.00102
54997     0.00053    -0.00052     0.00013
55027    -0.00068    -0.00053     0.00134
55058    -0.00090    -0.00015     0.00176
55089    -0.00064     0.00016     0.00172
55119    -0.00081     0.00008     0.00127
55150    -0.00030     0.00035     0.00028
55180     0.00025     0.00053    -0.00049
55211     0.00073     0.00086    -0.00114
55242     0.00058     0.00067    -0.00149
55270     0.00057     0.00084    -0.00155
55301     0.00055     0.00059    -0.00129
55331     0.00053     0.00026    -0.00078
55362     0.00021    -0.00016     0.00010
55392    -0.00047    -0.00023     0.00135
55423    -0.00084     0.00025     0.00201
55454    -0.00143     0.00044     0.00187
55484    -0.00185     0.00039     0.00148
55515    -0.00131     0.00040     0.00067
55545    -0.00091     0.00049    -0.00023
55576    -0.00028     0.00053    -0.00096
55607     0.00026     0.00058    -0.00143
55635     0.00064     0.00048    -0.00172
55666     0.00121     0.00018    -0.00164
55696     0.00087    -0.00021    -0.00092
55727     0.00002    -0.00056     0.00046
55757    -0.00057    -0.00066     0.00161
55788    -0.00101    -0.00034     0.00226
55819    -0.00139     0.00004     0.00226
55849    -0.00106     0.00026     0.00168
55880    -0.00077     0.00033     0.00108
55910    -0.00028     0.00026     0.00040
55941     0.00032     0.00039    -0.00028
55972     0.00046     0.00031    -0.00061
56001     0.00033     0.00007    -0.00052
56032     0.00060    -0.00012    -0.00050
56062     0.00064    -0.00034    -0.00016
56093     0.00035    -0.00065     0.00093
56123    -0.00060    -0.00048     0.00208
56154    -0.00123    -0.00001     0.00256
56185    -0.00202     0.00041     0.00250
56215    -0.00157     0.00045     0.00184
56246    -0.00161     0.00063     0.00105
56276    -0.00126     0.00071     0.00028
56307    -0.00075     0.00070    -0.00037
56338    -0.00049     0.00067    -0.00086
56366    -0.00005     0.00053    -0.00108
56397     0.00036     0.00054    -0.00102
56427     0.00068     0.00016    -0.00039
56458     0.00019    -0.00052     0.00056
56488    -0.00077    -0.00063     0.00178
56519    -0.00089    -0.00030     0.00234
56550    -0.00130    -0.00032     0.00240
56580    -0.00093    -0.00031     0.00192
56611    -0.00048    -0.00042     0.00126
56641     0.00001    -0.00040     0.00064
56672     0.00072    -0.00014     0.00014
56703     0.00108    -0.00008    -0.00014
56731     0.00135    -0.00020    -0.00036
56762     0.00153    -0.00040    -0.00017
56792     0.00143    -0.00057     0.00018
56823     0.00097    -0.00096     0.00094
56853     0.00025    -0.00097     0.00180
56884    -0.00044    -0.00038     0.00235
56915    -0.00081    -0.00017     0.00208
56945    -0.00059    -0.00002     0.00147
56976    -0.00026    -0.00009     0.00065
57006     0.00004    -0.00025    -0.00003
57037     0.00026    -0.00013    -0.00051
57068     0.00049    -0.00021    -0.00112
57096     0.00053    -0.00033    -0.00140
57127     0.00053    -0.00035    -0.00122
57157     0.00075    -0.00077    -0.00071
57188     0.00036    -0.00117     0.00027
57218     0.00014    -0.00114     0.00119
57249    -0.00025    -0.00068     0.00165
57280    -0.00097    -0.00045     0.00170
57310    -0.00093    -0.00039     0.00120
57341    -0.00111    -0.00030     0.00043
57371    -0.00138    -0.00016    -0.00024
57402    -0.00064     0.00007    -0.00095
57433    -0.00030     0.00003    -0.00144
57462     0.00030     0.00004    -0.00189
57493     0.00041     0.00005    -0.00183
57523     0.00023    -0.00009    -0.00121
57554    -0.00016    -0.00038    -0.00016
