# Hydrology loading displacements computed from the monthly GLDAS NOAH model
# This is a product of the Hydrology loading service: http://lacerta.gsfc.nasa.gov/hydlo/
# Displacements are with respect to the center of mass of the total earth
#
# Created for VieVS on 17.03.2017 at 11:46:08 local time
# OFFSET + TREND REMOVED!!! - Hana 
# mjd up (meters) eastwest (meters) northsouth (meters)
43888     0.00052    -0.00046    -0.00088
43919     0.00092    -0.00046    -0.00171
43947     0.00081    -0.00053    -0.00169
43978     0.00041    -0.00075    -0.00128
44008     0.00001    -0.00086     0.00004
44039    -0.00032    -0.00074     0.00150
44069    -0.00038     0.00020     0.00238
44100    -0.00032     0.00078     0.00250
44131    -0.00037     0.00076     0.00231
44161    -0.00067     0.00065     0.00200
44192    -0.00054     0.00020     0.00117
44222    -0.00012    -0.00029     0.00032
44253     0.00025    -0.00070    -0.00035
44284     0.00040    -0.00065    -0.00088
44313     0.00050    -0.00049    -0.00124
44344     0.00027    -0.00068    -0.00075
44374    -0.00012    -0.00056     0.00048
44405    -0.00031    -0.00012     0.00171
44435    -0.00023     0.00068     0.00240
44466    -0.00016     0.00122     0.00255
44497    -0.00037     0.00123     0.00227
44527    -0.00069     0.00084     0.00190
44558    -0.00061     0.00042     0.00108
44588    -0.00031     0.00008     0.00031
44619     0.00015    -0.00005    -0.00014
44650     0.00071    -0.00021    -0.00058
44678     0.00090    -0.00038    -0.00104
44709     0.00077    -0.00046    -0.00081
44739     0.00042    -0.00068     0.00006
44770    -0.00012    -0.00055     0.00160
44800    -0.00017     0.00031     0.00228
44831    -0.00009     0.00104     0.00242
44862    -0.00026     0.00117     0.00230
44892    -0.00059     0.00113     0.00164
44923    -0.00061     0.00095     0.00092
44953    -0.00043     0.00043     0.00003
44984     0.00000    -0.00015    -0.00111
45015     0.00038    -0.00016    -0.00184
45043     0.00054    -0.00015    -0.00196
45074     0.00026    -0.00057    -0.00133
45104     0.00007    -0.00071    -0.00021
45135    -0.00034    -0.00093     0.00147
45165    -0.00062    -0.00075     0.00277
45196    -0.00046     0.00018     0.00270
45227    -0.00062     0.00059     0.00242
45257    -0.00058     0.00040     0.00176
45288    -0.00047     0.00044     0.00063
45318    -0.00035     0.00010    -0.00059
45349    -0.00019    -0.00016    -0.00148
45380    -0.00003    -0.00047    -0.00221
45408    -0.00022    -0.00043    -0.00223
45439    -0.00048    -0.00068    -0.00147
45469    -0.00074    -0.00042    -0.00030
45500    -0.00095    -0.00022     0.00137
45530    -0.00111     0.00063     0.00253
45561    -0.00090     0.00154     0.00279
45592    -0.00101     0.00204     0.00258
45622    -0.00132     0.00198     0.00198
45653    -0.00139     0.00144     0.00126
45683    -0.00106     0.00071     0.00002
45714    -0.00040     0.00059    -0.00088
45745    -0.00014     0.00034    -0.00126
45774    -0.00010     0.00008    -0.00132
45805     0.00004    -0.00056    -0.00087
45835    -0.00037    -0.00060     0.00037
45866    -0.00075    -0.00030     0.00159
45896    -0.00097     0.00046     0.00258
45927    -0.00098     0.00112     0.00291
45958    -0.00103     0.00127     0.00274
45988    -0.00112     0.00100     0.00207
46019    -0.00112     0.00033     0.00122
46049    -0.00084    -0.00011     0.00023
46080    -0.00033    -0.00089    -0.00070
46111     0.00039    -0.00101    -0.00159
46139     0.00026    -0.00081    -0.00183
46170     0.00022    -0.00096    -0.00114
46200    -0.00006    -0.00091    -0.00025
46231    -0.00046    -0.00058     0.00127
46261    -0.00034    -0.00005     0.00208
46292    -0.00021     0.00043     0.00214
46323    -0.00050     0.00083     0.00201
46353    -0.00087     0.00078     0.00158
46384    -0.00083     0.00039     0.00077
46414    -0.00043    -0.00011    -0.00024
46445     0.00016    -0.00027    -0.00118
46476     0.00036    -0.00053    -0.00189
46504     0.00048    -0.00081    -0.00217
46535     0.00031    -0.00087    -0.00152
46565    -0.00016    -0.00098    -0.00028
46596    -0.00051    -0.00115     0.00141
46626    -0.00059    -0.00013     0.00236
46657    -0.00056     0.00070     0.00259
46688    -0.00069     0.00059     0.00242
46718    -0.00065     0.00022     0.00191
46749    -0.00041     0.00003     0.00104
46779    -0.00022    -0.00038     0.00004
46810     0.00006    -0.00062    -0.00072
46841     0.00030    -0.00066    -0.00132
46869     0.00029    -0.00069    -0.00179
46900     0.00016    -0.00099    -0.00133
46930    -0.00028    -0.00097    -0.00015
46961    -0.00038    -0.00074     0.00096
46991    -0.00072    -0.00024     0.00216
47022    -0.00072     0.00038     0.00239
47053    -0.00072     0.00078     0.00206
47083    -0.00072     0.00081     0.00156
47114    -0.00074     0.00067     0.00094
47144    -0.00042     0.00006     0.00010
47175    -0.00002    -0.00035    -0.00090
47206     0.00044    -0.00060    -0.00162
47235     0.00082    -0.00065    -0.00192
47266     0.00065    -0.00066    -0.00122
47296     0.00040    -0.00036    -0.00032
47327     0.00004    -0.00014     0.00123
47357     0.00004     0.00047     0.00194
47388     0.00021     0.00120     0.00182
47419     0.00016     0.00154     0.00141
47449    -0.00015     0.00132     0.00112
47480    -0.00022     0.00070     0.00043
47510     0.00011     0.00015    -0.00046
47541     0.00063    -0.00016    -0.00143
47572     0.00092    -0.00032    -0.00211
47600     0.00087    -0.00022    -0.00233
47631     0.00084    -0.00011    -0.00173
47661     0.00055    -0.00016    -0.00058
47692     0.00005    -0.00005     0.00103
47722     0.00003     0.00046     0.00209
47753     0.00009     0.00086     0.00238
47784    -0.00011     0.00102     0.00213
47814    -0.00021     0.00099     0.00147
47845    -0.00027     0.00062     0.00067
47875     0.00037    -0.00004    -0.00045
47906     0.00089    -0.00045    -0.00143
47937     0.00119    -0.00061    -0.00228
47965     0.00096    -0.00051    -0.00243
47996     0.00087    -0.00047    -0.00166
48026     0.00058    -0.00057    -0.00049
48057     0.00014    -0.00016     0.00087
48087     0.00000     0.00044     0.00175
48118    -0.00016     0.00087     0.00216
48149    -0.00031     0.00097     0.00198
48179    -0.00050     0.00094     0.00128
48210    -0.00055     0.00063     0.00031
48240    -0.00024     0.00019    -0.00085
48271     0.00023     0.00002    -0.00174
48302     0.00073     0.00020    -0.00215
48330     0.00086    -0.00009    -0.00274
48361     0.00073    -0.00050    -0.00224
48391     0.00035    -0.00085    -0.00120
48422     0.00013    -0.00046     0.00039
48452    -0.00011     0.00002     0.00157
48483    -0.00016     0.00075     0.00190
48514    -0.00060     0.00090     0.00188
48544    -0.00085     0.00076     0.00136
48575    -0.00097     0.00054     0.00059
48605    -0.00085     0.00032    -0.00038
48636    -0.00053    -0.00010    -0.00133
48667    -0.00028    -0.00043    -0.00196
48696    -0.00036    -0.00068    -0.00218
48727    -0.00035    -0.00099    -0.00182
48757    -0.00064    -0.00089    -0.00052
48788    -0.00091    -0.00080     0.00098
48818    -0.00099    -0.00026     0.00183
48849    -0.00081     0.00042     0.00200
48880    -0.00071     0.00049     0.00172
48910    -0.00077     0.00061     0.00120
48941    -0.00068     0.00018     0.00014
48971    -0.00046    -0.00032    -0.00043
49002    -0.00012    -0.00043    -0.00115
49033     0.00039    -0.00030    -0.00184
49061     0.00047    -0.00040    -0.00223
49092     0.00027    -0.00067    -0.00191
49122     0.00006    -0.00053    -0.00102
49153    -0.00024    -0.00033     0.00037
49183    -0.00044     0.00018     0.00110
49214    -0.00043     0.00088     0.00124
49245    -0.00047     0.00109     0.00093
49275    -0.00060     0.00094     0.00049
49306    -0.00057     0.00049    -0.00021
49336    -0.00031     0.00007    -0.00100
49367     0.00031    -0.00053    -0.00196
49398     0.00084    -0.00075    -0.00255
49426     0.00093    -0.00062    -0.00269
49457     0.00066    -0.00081    -0.00221
49487     0.00039    -0.00093    -0.00127
49518     0.00024    -0.00080    -0.00016
49548     0.00025    -0.00006     0.00029
49579     0.00043     0.00053     0.00042
49610     0.00030     0.00077     0.00013
49640     0.00020     0.00034    -0.00035
49671     0.00035    -0.00011    -0.00130
49701     0.00056    -0.00025    -0.00235
49732     0.00082    -0.00023    -0.00316
49763     0.00115    -0.00003    -0.00379
49791     0.00134    -0.00007    -0.00402
49822     0.00109    -0.00051    -0.00335
49852     0.00077    -0.00073    -0.00223
49883     0.00037    -0.00055    -0.00090
49913     0.00027     0.00019    -0.00005
49944     0.00049     0.00100    -0.00010
49975     0.00029     0.00136    -0.00029
50005     0.00019     0.00110    -0.00072
50036     0.00017     0.00063    -0.00149
50066     0.00058    -0.00008    -0.00217
50097     0.00113    -0.00043    -0.00315
50128     0.00144    -0.00051    -0.00400
50157     0.00161    -0.00037    -0.00436
50188     0.00151    -0.00046    -0.00381
50218     0.00098    -0.00088    -0.00213
50249     0.00064    -0.00109    -0.00013
50279     0.00012    -0.00132     0.00165
50310    -0.00022    -0.00137     0.00284
50341    -0.00024    -0.00150     0.00310
50371    -0.00012    -0.00147     0.00264
50402     0.00006    -0.00152     0.00176
50432     0.00031    -0.00147     0.00063
50463     0.00086    -0.00141    -0.00058
50494     0.00143    -0.00121    -0.00180
50522     0.00189    -0.00117    -0.00271
50553     0.00222    -0.00112    -0.00257
50583     0.00224    -0.00102    -0.00205
50614     0.00168    -0.00090    -0.00090
50644     0.00108    -0.00020    -0.00012
50675     0.00059     0.00056     0.00025
50706     0.00043     0.00091    -0.00016
50736     0.00073     0.00084    -0.00124
50767     0.00126     0.00066    -0.00253
50797     0.00202     0.00040    -0.00367
50828     0.00227     0.00027    -0.00451
50859     0.00210     0.00013    -0.00495
50887     0.00181     0.00001    -0.00528
50918     0.00141    -0.00014    -0.00470
50948     0.00080    -0.00018    -0.00330
50979     0.00030    -0.00004    -0.00176
51009     0.00036     0.00088    -0.00112
51040     0.00066     0.00156    -0.00084
51071     0.00070     0.00186    -0.00103
51101     0.00054     0.00166    -0.00173
51132     0.00043     0.00110    -0.00240
51162     0.00063     0.00054    -0.00303
51193     0.00094     0.00005    -0.00370
51224     0.00110    -0.00022    -0.00400
51252     0.00120    -0.00029    -0.00389
51283     0.00097    -0.00048    -0.00306
51313     0.00048    -0.00051    -0.00198
51344    -0.00007    -0.00019    -0.00063
51374    -0.00015     0.00012     0.00025
51405     0.00003     0.00081     0.00041
51436    -0.00006     0.00096     0.00034
51466    -0.00007     0.00093    -0.00008
51497    -0.00001     0.00073    -0.00048
51527     0.00023     0.00020    -0.00096
51558     0.00119    -0.00070    -0.00151
51589     0.00181    -0.00103    -0.00190
51618     0.00205    -0.00096    -0.00205
51649     0.00207    -0.00107    -0.00197
51679     0.00174    -0.00054    -0.00135
51710     0.00098    -0.00012    -0.00036
51740     0.00052     0.00017     0.00059
51771     0.00029     0.00069     0.00096
51802     0.00018     0.00069     0.00087
51832     0.00023     0.00068     0.00029
51863     0.00050     0.00024    -0.00028
51893     0.00111    -0.00011    -0.00078
51924     0.00113    -0.00046    -0.00131
51955     0.00088    -0.00031    -0.00165
51983     0.00087    -0.00045    -0.00188
52014     0.00077    -0.00053    -0.00158
52044     0.00018    -0.00038    -0.00051
52075    -0.00017    -0.00009     0.00047
52105    -0.00059     0.00049     0.00146
52136    -0.00080     0.00124     0.00191
52167    -0.00104     0.00130     0.00185
52197    -0.00103     0.00135     0.00136
52228    -0.00073     0.00121     0.00069
52258    -0.00047     0.00051     0.00007
52289    -0.00002    -0.00001    -0.00055
52320     0.00015    -0.00021    -0.00092
52348     0.00012    -0.00025    -0.00113
52379     0.00001    -0.00072    -0.00091
52409    -0.00049    -0.00070    -0.00002
52440    -0.00104    -0.00056     0.00134
52470    -0.00134     0.00015     0.00225
52501    -0.00134     0.00078     0.00254
52532    -0.00134     0.00102     0.00231
52562    -0.00122     0.00087     0.00145
52593    -0.00081     0.00040     0.00056
52623    -0.00053    -0.00003     0.00004
52654    -0.00006    -0.00047    -0.00042
52685     0.00022    -0.00074    -0.00074
52713     0.00033    -0.00095    -0.00072
52744     0.00029    -0.00117    -0.00040
52774    -0.00028    -0.00119     0.00039
52805    -0.00079    -0.00110     0.00145
52835    -0.00090    -0.00019     0.00219
52866    -0.00084     0.00058     0.00238
52897    -0.00085     0.00104     0.00200
52927    -0.00097     0.00099     0.00148
52958    -0.00094     0.00055     0.00070
52988    -0.00064     0.00015     0.00013
53019    -0.00011    -0.00039    -0.00035
53050     0.00039    -0.00070    -0.00066
53079     0.00050    -0.00088    -0.00082
53110     0.00066    -0.00102    -0.00071
53140     0.00026    -0.00103    -0.00006
53171    -0.00028    -0.00061     0.00091
53201    -0.00051    -0.00009     0.00174
53232    -0.00055     0.00065     0.00192
53263    -0.00080     0.00104     0.00157
53293    -0.00090     0.00088     0.00103
53324    -0.00073     0.00029     0.00036
53354    -0.00007    -0.00016    -0.00035
53385     0.00030    -0.00053    -0.00088
53416     0.00041    -0.00101    -0.00128
53444     0.00048    -0.00135    -0.00152
53475     0.00026    -0.00139    -0.00114
53505     0.00005    -0.00126    -0.00051
53536    -0.00040    -0.00100     0.00070
53566    -0.00069    -0.00008     0.00169
53597    -0.00093     0.00083     0.00202
53628    -0.00109     0.00128     0.00191
53658    -0.00126     0.00112     0.00156
53689    -0.00128     0.00083     0.00112
53719    -0.00091    -0.00022     0.00061
53750    -0.00040    -0.00091     0.00020
53781    -0.00001    -0.00117    -0.00024
53809     0.00038    -0.00133    -0.00053
53840     0.00051    -0.00139    -0.00028
53870     0.00002    -0.00111     0.00040
53901    -0.00054    -0.00055     0.00143
53931    -0.00097     0.00032     0.00248
53962    -0.00096     0.00091     0.00266
53993    -0.00107     0.00116     0.00230
54023    -0.00118     0.00071     0.00186
54054    -0.00076     0.00001     0.00103
54084    -0.00039    -0.00045     0.00044
54115    -0.00004    -0.00080     0.00004
54146     0.00027    -0.00086    -0.00039
54174     0.00027    -0.00103    -0.00050
54205     0.00012    -0.00134    -0.00013
54235    -0.00010    -0.00119     0.00045
54266    -0.00050    -0.00058     0.00141
54296    -0.00065     0.00043     0.00202
54327    -0.00043     0.00108     0.00206
54358    -0.00040     0.00142     0.00159
54388    -0.00058     0.00125     0.00124
54419    -0.00020     0.00079     0.00074
54449     0.00013     0.00013     0.00012
54480     0.00060    -0.00053    -0.00038
54511     0.00084    -0.00086    -0.00077
54540     0.00083    -0.00128    -0.00106
54571     0.00062    -0.00128    -0.00095
54601     0.00008    -0.00119    -0.00007
54632    -0.00030    -0.00071     0.00090
54662    -0.00044     0.00006     0.00160
54693    -0.00031     0.00082     0.00164
54724    -0.00035     0.00109     0.00120
54754    -0.00048     0.00105     0.00070
54785    -0.00039     0.00101     0.00009
54815    -0.00010     0.00024    -0.00043
54846     0.00028    -0.00021    -0.00091
54877     0.00076    -0.00043    -0.00132
54905     0.00080    -0.00068    -0.00161
54936     0.00057    -0.00090    -0.00144
54966     0.00012    -0.00079    -0.00063
54997    -0.00031    -0.00049     0.00061
55027    -0.00040     0.00020     0.00141
55058    -0.00036     0.00082     0.00159
55089    -0.00040     0.00115     0.00144
55119    -0.00056     0.00102     0.00095
55150    -0.00012     0.00037     0.00009
55180     0.00035    -0.00021    -0.00053
55211     0.00087    -0.00044    -0.00114
55242     0.00078    -0.00054    -0.00150
55270     0.00101    -0.00059    -0.00165
55301     0.00085    -0.00068    -0.00127
55331     0.00049    -0.00060    -0.00063
55362     0.00008    -0.00028     0.00035
55392    -0.00014     0.00041     0.00135
55423    -0.00006     0.00131     0.00161
55454    -0.00010     0.00195     0.00114
55484    -0.00032     0.00206     0.00060
55515    -0.00028     0.00153    -0.00004
55545     0.00011     0.00095    -0.00086
55576     0.00054     0.00029    -0.00139
55607     0.00081    -0.00006    -0.00173
55635     0.00096    -0.00040    -0.00186
55666     0.00064    -0.00070    -0.00146
55696     0.00021    -0.00070    -0.00062
55727    -0.00031    -0.00008     0.00065
55757    -0.00064     0.00071     0.00159
55788    -0.00071     0.00147     0.00190
55819    -0.00073     0.00188     0.00162
55849    -0.00046     0.00159     0.00114
55880    -0.00018     0.00109     0.00062
55910    -0.00001     0.00057     0.00013
55941     0.00028     0.00012    -0.00038
55972     0.00036    -0.00020    -0.00061
56001     0.00033    -0.00022    -0.00051
56032     0.00009    -0.00046    -0.00029
56062    -0.00014    -0.00046     0.00020
56093    -0.00047    -0.00013     0.00135
56123    -0.00048     0.00066     0.00209
56154    -0.00038     0.00151     0.00211
56185    -0.00029     0.00215     0.00159
56215    -0.00037     0.00176     0.00106
56246    -0.00005     0.00144     0.00022
56276     0.00026     0.00092    -0.00040
56307     0.00047     0.00035    -0.00086
56338     0.00069    -0.00004    -0.00127
56366     0.00065    -0.00030    -0.00132
56397     0.00071    -0.00055    -0.00107
56427     0.00033    -0.00056    -0.00016
56458    -0.00022    -0.00036     0.00085
56488    -0.00045     0.00045     0.00171
56519    -0.00057     0.00115     0.00203
56550    -0.00076     0.00136     0.00201
56580    -0.00091     0.00119     0.00162
56611    -0.00076     0.00051     0.00121
56641    -0.00045    -0.00004     0.00077
56672    -0.00003    -0.00049     0.00042
56703     0.00022    -0.00086     0.00022
56731     0.00031    -0.00137     0.00023
56762     0.00018    -0.00149     0.00060
56792     0.00004    -0.00147     0.00103
56823    -0.00040    -0.00118     0.00180
56853    -0.00064    -0.00043     0.00242
56884    -0.00051     0.00047     0.00248
56915    -0.00051     0.00091     0.00199
56945    -0.00058     0.00075     0.00133
56976    -0.00047     0.00028     0.00066
57006    -0.00032    -0.00033     0.00018
57037    -0.00006    -0.00043    -0.00035
57068    -0.00002    -0.00083    -0.00085
57096     0.00000    -0.00111    -0.00105
57127     0.00000    -0.00118    -0.00085
57157    -0.00033    -0.00127    -0.00006
57188    -0.00067    -0.00104     0.00098
57218    -0.00086    -0.00058     0.00182
57249    -0.00082     0.00031     0.00192
57280    -0.00097     0.00083     0.00162
57310    -0.00118     0.00093     0.00105
57341    -0.00099     0.00083     0.00017
57371    -0.00074     0.00076    -0.00066
57402    -0.00027     0.00031    -0.00121
57433     0.00000    -0.00019    -0.00154
57462     0.00021    -0.00076    -0.00176
57493     0.00032    -0.00099    -0.00159
57523     0.00017    -0.00083    -0.00098
57554    -0.00009    -0.00040     0.00009
