# Hydrology loading displacements computed from the monthly GLDAS NOAH model
# This is a product of the Hydrology loading service: http://lacerta.gsfc.nasa.gov/hydlo/
# Displacements are with respect to the center of mass of the total earth
#
# Created for VieVS on 17.03.2017 at 11:46:08 local time
# OFFSET + TREND REMOVED!!! - Hana 
# mjd up (meters) eastwest (meters) northsouth (meters)
43888    -0.00262    -0.00041    -0.00038
43919    -0.00355    -0.00064    -0.00102
43947    -0.00331    -0.00066    -0.00091
43978    -0.00325    -0.00065    -0.00047
44008    -0.00209    -0.00052     0.00062
44039    -0.00089    -0.00026     0.00165
44069     0.00083     0.00030     0.00185
44100     0.00146     0.00076     0.00156
44131     0.00178     0.00077     0.00132
44161     0.00181     0.00071     0.00113
44192     0.00123     0.00026     0.00068
44222     0.00115    -0.00038     0.00011
44253    -0.00068    -0.00088    -0.00005
44284    -0.00390    -0.00081    -0.00018
44313    -0.00417    -0.00073    -0.00048
44344    -0.00273    -0.00075    -0.00010
44374    -0.00182    -0.00046     0.00083
44405    -0.00042    -0.00007     0.00164
44435     0.00125     0.00037     0.00170
44466     0.00211     0.00069     0.00139
44497     0.00178     0.00087     0.00110
44527     0.00126     0.00082     0.00094
44558     0.00102     0.00045     0.00042
44588     0.00064     0.00001    -0.00003
44619     0.00071    -0.00034    -0.00037
44650     0.00033    -0.00067    -0.00058
44678    -0.00060    -0.00091    -0.00089
44709    -0.00022    -0.00097    -0.00061
44739     0.00029    -0.00091     0.00020
44770     0.00069    -0.00032     0.00149
44800     0.00175     0.00038     0.00156
44831     0.00254     0.00084     0.00126
44862     0.00253     0.00100     0.00102
44892     0.00186     0.00113     0.00058
44923     0.00144     0.00097     0.00018
44953     0.00046     0.00046    -0.00022
44984    -0.00079    -0.00022    -0.00082
45015    -0.00155    -0.00038    -0.00134
45043    -0.00178    -0.00047    -0.00137
45074    -0.00202    -0.00076    -0.00059
45104    -0.00092    -0.00074     0.00026
45135    -0.00030    -0.00057     0.00173
45165     0.00053    -0.00034     0.00262
45196     0.00146     0.00022     0.00206
45227     0.00154     0.00055     0.00168
45257     0.00118     0.00036     0.00124
45288     0.00018     0.00031     0.00039
45318    -0.00254     0.00025    -0.00032
45349    -0.00316     0.00000    -0.00087
45380    -0.00541    -0.00025    -0.00121
45408    -0.00657    -0.00000    -0.00110
45439    -0.00548     0.00003    -0.00041
45469    -0.00420     0.00031     0.00046
45500    -0.00243     0.00052     0.00160
45530    -0.00090     0.00114     0.00211
45561    -0.00012     0.00163     0.00179
45592    -0.00003     0.00204     0.00135
45622    -0.00103     0.00235     0.00095
45653    -0.00188     0.00201     0.00069
45683    -0.00397     0.00138     0.00022
45714    -0.00395     0.00101    -0.00045
45745    -0.00339     0.00071    -0.00072
45774    -0.00284     0.00048    -0.00068
45805    -0.00217    -0.00013    -0.00010
45835    -0.00129    -0.00003     0.00091
45866    -0.00046     0.00037     0.00175
45896     0.00037     0.00113     0.00208
45927     0.00079     0.00169     0.00193
45958     0.00111     0.00175     0.00167
45988     0.00064     0.00160     0.00125
46019    -0.00048     0.00113     0.00094
46049    -0.00249     0.00076     0.00049
46080    -0.00418     0.00005     0.00010
46111    -0.00411    -0.00046    -0.00068
46139    -0.00370    -0.00035    -0.00094
46170    -0.00256    -0.00060    -0.00038
46200    -0.00152    -0.00045     0.00026
46231    -0.00042    -0.00002     0.00136
46261     0.00094     0.00020     0.00158
46292     0.00147     0.00051     0.00132
46323     0.00152     0.00089     0.00110
46353     0.00048     0.00124     0.00087
46384    -0.00073     0.00106     0.00047
46414    -0.00251     0.00049    -0.00004
46445    -0.00188    -0.00011    -0.00084
46476    -0.00231    -0.00048    -0.00122
46504    -0.00238    -0.00093    -0.00128
46535    -0.00157    -0.00098    -0.00074
46565    -0.00084    -0.00080     0.00035
46596    -0.00012    -0.00062     0.00172
46626     0.00115     0.00018     0.00205
46657     0.00233     0.00059     0.00181
46688     0.00213     0.00058     0.00166
46718     0.00128     0.00043     0.00144
46749     0.00099     0.00024     0.00077
46779     0.00028    -0.00010     0.00012
46810    -0.00020    -0.00042    -0.00036
46841    -0.00026    -0.00056    -0.00080
46869    -0.00075    -0.00061    -0.00112
46900    -0.00019    -0.00085    -0.00066
46930     0.00059    -0.00064     0.00027
46961     0.00127    -0.00042     0.00101
46991     0.00202     0.00011     0.00176
47022     0.00252     0.00050     0.00162
47053     0.00280     0.00069     0.00112
47083     0.00286     0.00061     0.00063
47114     0.00182     0.00057     0.00034
47144     0.00109     0.00003    -0.00002
47175     0.00029    -0.00040    -0.00059
47206     0.00025    -0.00079    -0.00112
47235     0.00084    -0.00112    -0.00143
47266     0.00116    -0.00103    -0.00081
47296     0.00176    -0.00077    -0.00016
47327     0.00270    -0.00054     0.00098
47357     0.00349    -0.00009     0.00118
47388     0.00395     0.00035     0.00065
47419     0.00383     0.00070     0.00011
47449     0.00341     0.00070    -0.00000
47480     0.00266     0.00028    -0.00024
47510     0.00197    -0.00027    -0.00069
47541     0.00126    -0.00069    -0.00126
47572     0.00107    -0.00092    -0.00176
47600     0.00113    -0.00081    -0.00193
47631     0.00181    -0.00073    -0.00150
47661     0.00237    -0.00065    -0.00055
47692     0.00259    -0.00016     0.00082
47722     0.00359     0.00014     0.00138
47753     0.00415     0.00028     0.00133
47784     0.00382     0.00050     0.00106
47814     0.00355     0.00047     0.00050
47845     0.00304     0.00024     0.00001
47875     0.00297    -0.00067    -0.00074
47906     0.00245    -0.00123    -0.00137
47937     0.00191    -0.00144    -0.00196
47965     0.00168    -0.00118    -0.00205
47996     0.00210    -0.00098    -0.00141
48026     0.00226    -0.00084    -0.00035
48057     0.00260    -0.00028     0.00071
48087     0.00333     0.00023     0.00104
48118     0.00360     0.00062     0.00109
48149     0.00361     0.00068     0.00083
48179     0.00292     0.00087     0.00026
48210     0.00236     0.00066    -0.00041
48240     0.00185     0.00018    -0.00120
48271     0.00143    -0.00006    -0.00182
48302     0.00189    -0.00016    -0.00224
48330     0.00063    -0.00063    -0.00245
48361     0.00057    -0.00094    -0.00183
48391     0.00079    -0.00101    -0.00080
48422     0.00162    -0.00061     0.00041
48452     0.00241    -0.00014     0.00111
48483     0.00318     0.00032     0.00096
48514     0.00279     0.00069     0.00087
48544     0.00240     0.00069     0.00046
48575     0.00154     0.00070     0.00003
48605     0.00038     0.00064    -0.00061
48636    -0.00090     0.00031    -0.00119
48667    -0.00187    -0.00001    -0.00148
48696    -0.00267    -0.00009    -0.00143
48727    -0.00219    -0.00039    -0.00103
48757    -0.00107    -0.00021    -0.00006
48788    -0.00037     0.00009     0.00110
48818     0.00049     0.00047     0.00155
48849     0.00118     0.00088     0.00128
48880     0.00126     0.00092     0.00098
48910     0.00132     0.00096     0.00048
48941     0.00057     0.00059    -0.00018
48971    -0.00039     0.00022    -0.00036
49002    -0.00254     0.00010    -0.00062
49033    -0.00368    -0.00001    -0.00107
49061    -0.00367    -0.00018    -0.00137
49092    -0.00308    -0.00039    -0.00104
49122    -0.00202    -0.00021    -0.00042
49153    -0.00121     0.00010     0.00063
49183    -0.00063     0.00069     0.00090
49214     0.00038     0.00103     0.00063
49245     0.00049     0.00121     0.00020
49275     0.00043     0.00111    -0.00011
49306    -0.00005     0.00083    -0.00049
49336    -0.00054     0.00041    -0.00091
49367    -0.00062    -0.00040    -0.00150
49398    -0.00103    -0.00079    -0.00185
49426    -0.00100    -0.00071    -0.00194
49457    -0.00075    -0.00079    -0.00145
49487    -0.00045    -0.00075    -0.00061
49518     0.00025    -0.00058     0.00023
49548     0.00114    -0.00004     0.00024
49579     0.00203     0.00018    -0.00008
49610     0.00207     0.00034    -0.00053
49640     0.00146     0.00010    -0.00074
49671     0.00069    -0.00028    -0.00130
49701    -0.00007    -0.00040    -0.00206
49732    -0.00131    -0.00047    -0.00252
49763    -0.00168    -0.00048    -0.00301
49791    -0.00195    -0.00062    -0.00307
49822    -0.00172    -0.00087    -0.00232
49852    -0.00150    -0.00080    -0.00123
49883    -0.00104    -0.00038    -0.00021
49913     0.00018     0.00016     0.00006
49944     0.00114     0.00056    -0.00051
49975     0.00132     0.00084    -0.00095
50005     0.00103     0.00074    -0.00122
50036     0.00049     0.00046    -0.00164
50066     0.00006    -0.00033    -0.00185
50097    -0.00021    -0.00090    -0.00253
50128    -0.00060    -0.00120    -0.00313
50157    -0.00054    -0.00123    -0.00345
50188    -0.00025    -0.00129    -0.00294
50218     0.00006    -0.00131    -0.00131
50249     0.00073    -0.00133     0.00042
50279     0.00120    -0.00134     0.00200
50310     0.00178    -0.00126     0.00295
50341     0.00193    -0.00141     0.00318
50371     0.00197    -0.00146     0.00274
50402     0.00129    -0.00165     0.00212
50432     0.00074    -0.00174     0.00119
50463    -0.00002    -0.00188     0.00025
50494    -0.00068    -0.00179    -0.00078
50522    -0.00083    -0.00185    -0.00160
50553    -0.00060    -0.00192    -0.00157
50583    -0.00043    -0.00169    -0.00118
50614    -0.00013    -0.00124    -0.00026
50644     0.00053    -0.00047     0.00005
50675     0.00104     0.00027    -0.00002
50706     0.00060     0.00072    -0.00047
50736    -0.00028     0.00071    -0.00130
50767    -0.00114     0.00041    -0.00229
50797    -0.00207    -0.00007    -0.00309
50828    -0.00305    -0.00029    -0.00355
50859    -0.00466    -0.00037    -0.00358
50887    -0.00507    -0.00030    -0.00376
50918    -0.00483    -0.00029    -0.00321
50948    -0.00398    -0.00006    -0.00202
50979    -0.00315     0.00026    -0.00078
51009    -0.00177     0.00092    -0.00077
51040    -0.00040     0.00118    -0.00107
51071    -0.00001     0.00133    -0.00154
51101    -0.00056     0.00135    -0.00206
51132    -0.00149     0.00114    -0.00229
51162    -0.00210     0.00060    -0.00250
51193    -0.00234     0.00007    -0.00284
51224    -0.00292    -0.00030    -0.00291
51252    -0.00238    -0.00049    -0.00285
51283    -0.00231    -0.00053    -0.00206
51313    -0.00196    -0.00029    -0.00112
51344    -0.00135     0.00028    -0.00014
51374    -0.00097     0.00068     0.00031
51405     0.00017     0.00087    -0.00000
51436     0.00030     0.00097    -0.00021
51466     0.00036     0.00091    -0.00058
51497     0.00038     0.00064    -0.00081
51527     0.00013     0.00010    -0.00098
51558     0.00034    -0.00112    -0.00112
51589     0.00029    -0.00172    -0.00121
51618    -0.00020    -0.00173    -0.00119
51649     0.00010    -0.00182    -0.00113
51679     0.00075    -0.00127    -0.00085
51710     0.00076    -0.00042    -0.00024
51740     0.00111     0.00009     0.00035
51771     0.00179     0.00049     0.00032
51802     0.00185     0.00046     0.00021
51832     0.00135     0.00051    -0.00029
51863     0.00029     0.00031    -0.00048
51893     0.00048    -0.00026    -0.00077
51924    -0.00020    -0.00052    -0.00096
51955    -0.00082    -0.00029    -0.00114
51983    -0.00144    -0.00040    -0.00115
52014    -0.00088    -0.00059    -0.00091
52044    -0.00023    -0.00028    -0.00011
52075     0.00042     0.00013     0.00055
52105     0.00120     0.00065     0.00110
52136     0.00188     0.00117     0.00111
52167     0.00173     0.00132     0.00096
52197     0.00168     0.00135     0.00052
52228     0.00152     0.00104     0.00003
52258     0.00068     0.00044    -0.00011
52289     0.00052    -0.00026    -0.00042
52320     0.00046    -0.00043    -0.00066
52348     0.00041    -0.00043    -0.00081
52379     0.00036    -0.00069    -0.00048
52409     0.00046    -0.00039     0.00031
52440     0.00080     0.00003     0.00139
52470     0.00146     0.00065     0.00180
52501     0.00210     0.00099     0.00172
52532     0.00195     0.00115     0.00140
52562     0.00147     0.00104     0.00070
52593     0.00092     0.00054     0.00013
52623     0.00045     0.00010    -0.00008
52654     0.00022    -0.00053    -0.00024
52685    -0.00019    -0.00085    -0.00030
52713    -0.00082    -0.00096    -0.00008
52744    -0.00058    -0.00117     0.00026
52774    -0.00055    -0.00086     0.00098
52805    -0.00010    -0.00047     0.00174
52835     0.00091     0.00023     0.00189
52866     0.00179     0.00065     0.00162
52897     0.00175     0.00097     0.00105
52927     0.00144     0.00106     0.00061
52958     0.00075     0.00072     0.00016
52988     0.00042     0.00031    -0.00011
53019     0.00022    -0.00035    -0.00026
53050     0.00015    -0.00081    -0.00035
53079    -0.00036    -0.00094    -0.00036
53110     0.00012    -0.00115    -0.00031
53140     0.00040    -0.00089     0.00024
53171     0.00056    -0.00023     0.00094
53201     0.00115     0.00028     0.00137
53232     0.00183     0.00071     0.00113
53263     0.00168     0.00109     0.00071
53293     0.00087     0.00105     0.00037
53324    -0.00067     0.00065     0.00021
53354    -0.00099     0.00003    -0.00020
53385    -0.00263    -0.00044    -0.00019
53416    -0.00350    -0.00079    -0.00023
53444    -0.00395    -0.00112    -0.00027
53475    -0.00324    -0.00111     0.00001
53505    -0.00249    -0.00099     0.00044
53536    -0.00173    -0.00054     0.00133
53566    -0.00050     0.00026     0.00169
53597     0.00014     0.00101     0.00149
53628     0.00049     0.00134     0.00117
53658    -0.00001     0.00138     0.00100
53689    -0.00032     0.00120     0.00079
53719    -0.00075     0.00026     0.00080
53750    -0.00119    -0.00051     0.00085
53781    -0.00115    -0.00084     0.00056
53809    -0.00123    -0.00122     0.00040
53840    -0.00107    -0.00139     0.00066
53870    -0.00065    -0.00095     0.00105
53901     0.00000    -0.00026     0.00163
53931     0.00087     0.00061     0.00207
53962     0.00147     0.00095     0.00183
53993     0.00133     0.00121     0.00131
54023     0.00078     0.00096     0.00115
54054     0.00046     0.00025     0.00070
54084     0.00016    -0.00025     0.00043
54115    -0.00026    -0.00049     0.00030
54146    -0.00020    -0.00072    -0.00004
54174    -0.00026    -0.00082    -0.00002
54205    -0.00035    -0.00092     0.00043
54235     0.00000    -0.00075     0.00083
54266     0.00061    -0.00013     0.00137
54296     0.00147     0.00060     0.00137
54327     0.00223     0.00079     0.00099
54358     0.00225     0.00098     0.00041
54388     0.00173     0.00095     0.00027
54419     0.00166     0.00035     0.00002
54449     0.00077    -0.00023    -0.00015
54480    -0.00008    -0.00096    -0.00014
54511    -0.00095    -0.00127    -0.00014
54540    -0.00107    -0.00150    -0.00022
54571    -0.00072    -0.00144    -0.00019
54601    -0.00037    -0.00109     0.00049
54632     0.00014    -0.00048     0.00110
54662     0.00103     0.00013     0.00122
54693     0.00179     0.00053     0.00080
54724     0.00152     0.00082     0.00024
54754     0.00122     0.00081    -0.00016
54785     0.00088     0.00075    -0.00054
54815    -0.00009     0.00013    -0.00059
54846    -0.00060    -0.00032    -0.00070
54877    -0.00081    -0.00079    -0.00090
54905    -0.00103    -0.00106    -0.00099
54936    -0.00091    -0.00110    -0.00078
54966    -0.00065    -0.00075    -0.00014
54997    -0.00008    -0.00027     0.00077
55027     0.00081     0.00030     0.00105
55058     0.00153     0.00062     0.00085
55089     0.00170     0.00081     0.00050
55119     0.00102     0.00088     0.00019
55150     0.00060     0.00017    -0.00027
55180    -0.00004    -0.00048    -0.00050
55211    -0.00080    -0.00090    -0.00077
55242    -0.00255    -0.00078    -0.00078
55270    -0.00232    -0.00099    -0.00089
55301    -0.00184    -0.00101    -0.00057
55331    -0.00143    -0.00076    -0.00007
55362    -0.00083    -0.00028     0.00061
55392     0.00010     0.00041     0.00104
55423     0.00122     0.00090     0.00074
55454     0.00150     0.00134     0.00004
55484     0.00109     0.00151    -0.00040
55515     0.00052     0.00105    -0.00066
55545    -0.00050     0.00046    -0.00091
55576    -0.00172    -0.00021    -0.00078
55607    -0.00177    -0.00053    -0.00092
55635    -0.00224    -0.00081    -0.00080
55666    -0.00230    -0.00086    -0.00032
55696    -0.00190    -0.00060     0.00033
55727    -0.00118     0.00009     0.00112
55757    -0.00022     0.00086     0.00141
55788     0.00073     0.00131     0.00119
55819     0.00111     0.00155     0.00065
55849     0.00103     0.00117     0.00031
55880     0.00071     0.00068     0.00008
55910     0.00015     0.00034    -0.00009
55941    -0.00007    -0.00015    -0.00034
55972    -0.00056    -0.00034    -0.00035
56001    -0.00065    -0.00027    -0.00018
56032    -0.00086    -0.00042     0.00014
56062    -0.00046    -0.00031     0.00048
56093     0.00028     0.00005     0.00128
56123     0.00134     0.00054     0.00144
56154     0.00211     0.00101     0.00098
56185     0.00239     0.00138     0.00020
56215     0.00193     0.00114    -0.00011
56246     0.00167     0.00072    -0.00067
56276     0.00106     0.00017    -0.00088
56307     0.00030    -0.00022    -0.00099
56338    -0.00001    -0.00051    -0.00116
56366    -0.00013    -0.00063    -0.00110
56397     0.00011    -0.00085    -0.00081
56427     0.00036    -0.00064    -0.00005
56458     0.00037    -0.00008     0.00077
56488     0.00104     0.00067     0.00113
56519     0.00146     0.00119     0.00107
56550     0.00117     0.00143     0.00094
56580     0.00066     0.00139     0.00071
56611     0.00014     0.00091     0.00067
56641    -0.00037     0.00046     0.00058
56672    -0.00036    -0.00008     0.00045
56703    -0.00045    -0.00048     0.00047
56731    -0.00078    -0.00096     0.00076
56762    -0.00058    -0.00100     0.00112
56792    -0.00029    -0.00094     0.00143
56823    -0.00012    -0.00045     0.00193
56853     0.00050     0.00018     0.00208
56884     0.00132     0.00060     0.00168
56915     0.00115     0.00094     0.00105
56945     0.00059     0.00086     0.00054
56976     0.00012     0.00049     0.00018
57006    -0.00082     0.00001     0.00018
57037    -0.00118    -0.00007    -0.00015
57068    -0.00155    -0.00035    -0.00039
57096    -0.00177    -0.00053    -0.00047
57127    -0.00143    -0.00061    -0.00034
57157    -0.00157    -0.00040     0.00039
57188    -0.00132     0.00003     0.00116
57218    -0.00060     0.00038     0.00161
57249     0.00031     0.00079     0.00128
57280     0.00050     0.00108     0.00078
57310     0.00007     0.00121     0.00029
57341    -0.00060     0.00120    -0.00036
57371    -0.00115     0.00113    -0.00094
57402    -0.00185     0.00057    -0.00112
57433    -0.00190     0.00005    -0.00116
57462    -0.00187    -0.00051    -0.00116
57493    -0.00161    -0.00076    -0.00096
57523    -0.00125    -0.00053    -0.00055
57554    -0.00058    -0.00005     0.00010
