# Hydrology loading displacements computed from the monthly GLDAS NOAH model
# This is a product of the Hydrology loading service: http://lacerta.gsfc.nasa.gov/hydlo/
# Displacements are with respect to the center of mass of the total earth
#
# Created for VieVS on 17.03.2017 at 11:46:08 local time
# OFFSET + TREND REMOVED!!! - Hana 
# mjd up (meters) eastwest (meters) northsouth (meters)
43888    -0.00414    -0.00070    -0.00066
43919    -0.00508    -0.00098    -0.00125
43947    -0.00562    -0.00086    -0.00118
43978    -0.00593    -0.00080    -0.00058
44008    -0.00355    -0.00047     0.00067
44039    -0.00026    -0.00021     0.00168
44069     0.00406     0.00016     0.00165
44100     0.00484     0.00047     0.00143
44131     0.00490     0.00062     0.00141
44161     0.00547     0.00094     0.00134
44192     0.00258     0.00037     0.00098
44222     0.00107    -0.00008     0.00048
44253    -0.00038    -0.00044     0.00022
44284    -0.00131    -0.00067    -0.00014
44313    -0.00169    -0.00060    -0.00054
44344    -0.00207    -0.00035    -0.00013
44374     0.00079     0.00010     0.00076
44405     0.00215     0.00053     0.00160
44435     0.00646     0.00083     0.00161
44466     0.00773     0.00090     0.00149
44497     0.00574     0.00089     0.00145
44527     0.00462     0.00102     0.00139
44558     0.00318     0.00073     0.00083
44588     0.00145     0.00037     0.00022
44619     0.00163    -0.00003     0.00001
44650     0.00089    -0.00021    -0.00030
44678     0.00018    -0.00046    -0.00054
44709    -0.00021    -0.00037    -0.00013
44739    -0.00006    -0.00020     0.00044
44770     0.00089     0.00040     0.00121
44800     0.00343     0.00059     0.00106
44831     0.00479     0.00060     0.00067
44862     0.00434     0.00087     0.00065
44892     0.00247     0.00101     0.00046
44923     0.00079     0.00086    -0.00017
44953    -0.00105     0.00049    -0.00050
44984    -0.00306     0.00006    -0.00104
45015    -0.00457    -0.00007    -0.00177
45043    -0.00443    -0.00016    -0.00175
45074    -0.00428    -0.00020    -0.00071
45104    -0.00227    -0.00053     0.00032
45135    -0.00248    -0.00052     0.00156
45165    -0.00070    -0.00017     0.00237
45196     0.00235     0.00004     0.00159
45227     0.00280     0.00020     0.00120
45257     0.00183    -0.00008     0.00105
45288    -0.00070    -0.00011     0.00027
45318    -0.00490    -0.00014    -0.00081
45349    -0.00553    -0.00048    -0.00101
45380    -0.00677    -0.00075    -0.00128
45408    -0.00662    -0.00053    -0.00115
45439    -0.00670    -0.00010    -0.00055
45469    -0.00466     0.00041     0.00015
45500    -0.00110     0.00062     0.00128
45530     0.00310     0.00090     0.00184
45561     0.00856     0.00095     0.00153
45592     0.00921     0.00120     0.00120
45622     0.00672     0.00136     0.00084
45653     0.00249     0.00122     0.00031
45683    -0.00339     0.00092    -0.00045
45714    -0.00423     0.00052    -0.00103
45745    -0.00477     0.00038    -0.00109
45774    -0.00584     0.00031    -0.00104
45805    -0.00589    -0.00020    -0.00026
45835    -0.00445     0.00007     0.00085
45866    -0.00232     0.00026     0.00182
45896     0.00215     0.00094     0.00199
45927     0.00602     0.00135     0.00165
45958     0.00790     0.00147     0.00143
45988     0.00474     0.00124     0.00095
46019    -0.00016     0.00100     0.00055
46049    -0.00299     0.00064    -0.00000
46080    -0.00559    -0.00009    -0.00023
46111    -0.00590    -0.00067    -0.00081
46139    -0.00672    -0.00050    -0.00104
46170    -0.00469    -0.00065    -0.00015
46200    -0.00213    -0.00063     0.00041
46231     0.00047    -0.00005     0.00126
46261     0.00488     0.00021     0.00150
46292     0.00583     0.00014     0.00104
46323     0.00593     0.00041     0.00099
46353     0.00214     0.00037     0.00075
46384    -0.00252     0.00071    -0.00004
46414    -0.00526     0.00027    -0.00049
46445    -0.00457    -0.00028    -0.00083
46476    -0.00592    -0.00045    -0.00119
46504    -0.00598    -0.00073    -0.00102
46535    -0.00408    -0.00093    -0.00026
46565    -0.00260    -0.00071     0.00088
46596    -0.00117    -0.00031     0.00186
46626     0.00138     0.00029     0.00208
46657     0.00471     0.00048     0.00190
46688     0.00462     0.00033     0.00192
46718    -0.00058     0.00004     0.00158
46749    -0.00142    -0.00018     0.00082
46779    -0.00344    -0.00027     0.00006
46810    -0.00397    -0.00048    -0.00038
46841    -0.00419    -0.00053    -0.00073
46869    -0.00506    -0.00079    -0.00107
46900    -0.00422    -0.00087    -0.00041
46930    -0.00054    -0.00039     0.00058
46961     0.00221    -0.00031     0.00114
46991     0.00472     0.00018     0.00170
47022     0.00641     0.00040     0.00171
47053     0.00580     0.00048     0.00130
47083     0.00628     0.00051     0.00098
47114     0.00469     0.00054     0.00061
47144     0.00071     0.00032     0.00015
47175    -0.00234     0.00002    -0.00059
47206    -0.00387    -0.00026    -0.00104
47235    -0.00333    -0.00060    -0.00122
47266    -0.00221    -0.00046    -0.00055
47296     0.00144    -0.00024     0.00021
47327     0.00668    -0.00003     0.00131
47357     0.01029     0.00002     0.00131
47388     0.01144     0.00008     0.00065
47419     0.01059     0.00021     0.00009
47449     0.00890     0.00037     0.00004
47480     0.00611     0.00044    -0.00006
47510     0.00355     0.00012    -0.00049
47541     0.00092    -0.00019    -0.00111
47572    -0.00038    -0.00047    -0.00161
47600    -0.00098    -0.00022    -0.00181
47631     0.00001    -0.00000    -0.00139
47661     0.00164     0.00019    -0.00035
47692     0.00244     0.00074     0.00066
47722     0.00611     0.00081     0.00093
47753     0.00839     0.00067     0.00085
47784     0.00550     0.00055     0.00044
47814     0.00554     0.00066    -0.00001
47845     0.00430     0.00070    -0.00018
47875     0.00342    -0.00007    -0.00052
47906     0.00168    -0.00056    -0.00111
47937    -0.00072    -0.00070    -0.00191
47965    -0.00281    -0.00060    -0.00208
47996    -0.00198    -0.00045    -0.00140
48026    -0.00255    -0.00030    -0.00047
48057    -0.00173     0.00026     0.00051
48087     0.00163     0.00050     0.00095
48118     0.00271     0.00061     0.00103
48149     0.00452     0.00083     0.00105
48179     0.00360     0.00115     0.00041
48210     0.00201     0.00112    -0.00028
48240    -0.00096     0.00094    -0.00104
48271    -0.00332     0.00067    -0.00178
48302    -0.00288     0.00041    -0.00216
48330    -0.00391    -0.00002    -0.00222
48361    -0.00377    -0.00037    -0.00143
48391    -0.00362    -0.00053    -0.00057
48422    -0.00054    -0.00044     0.00061
48452     0.00458    -0.00002     0.00126
48483     0.00794     0.00016     0.00105
48514     0.00768     0.00053     0.00087
48544     0.00615     0.00075     0.00076
48575     0.00194     0.00078     0.00023
48605    -0.00229     0.00071    -0.00042
48636    -0.00428     0.00019    -0.00096
48667    -0.00536    -0.00007    -0.00114
48696    -0.00622     0.00001    -0.00102
48727    -0.00549    -0.00009    -0.00047
48757    -0.00249     0.00022     0.00046
48788     0.00075     0.00042     0.00129
48818     0.00171     0.00057     0.00146
48849     0.00202     0.00063     0.00092
48880     0.00159     0.00053     0.00089
48910     0.00122     0.00064     0.00053
48941    -0.00225     0.00043    -0.00019
48971    -0.00432     0.00015    -0.00050
49002    -0.00618    -0.00009    -0.00099
49033    -0.00619    -0.00047    -0.00152
49061    -0.00705    -0.00055    -0.00179
49092    -0.00714    -0.00060    -0.00119
49122    -0.00493    -0.00051    -0.00054
49153    -0.00356    -0.00016     0.00046
49183    -0.00361    -0.00015     0.00062
49214    -0.00082     0.00006     0.00034
49245    -0.00095     0.00013    -0.00008
49275    -0.00094     0.00033    -0.00036
49306    -0.00179     0.00033    -0.00069
49336    -0.00325     0.00013    -0.00103
49367    -0.00435    -0.00052    -0.00127
49398    -0.00557    -0.00084    -0.00162
49426    -0.00603    -0.00065    -0.00182
49457    -0.00555    -0.00054    -0.00122
49487    -0.00436    -0.00053    -0.00037
49518    -0.00255    -0.00037     0.00046
49548    -0.00170     0.00004     0.00051
49579     0.00103     0.00012     0.00019
49610     0.00257     0.00022    -0.00010
49640     0.00179    -0.00008    -0.00011
49671    -0.00045    -0.00039    -0.00088
49701    -0.00360    -0.00053    -0.00169
49732    -0.00511    -0.00065    -0.00237
49763    -0.00562    -0.00072    -0.00289
49791    -0.00586    -0.00091    -0.00296
49822    -0.00621    -0.00116    -0.00191
49852    -0.00670    -0.00111    -0.00114
49883    -0.00466    -0.00080    -0.00042
49913    -0.00104    -0.00029    -0.00015
49944     0.00102    -0.00010    -0.00072
49975     0.00296     0.00009    -0.00099
50005     0.00181     0.00004    -0.00093
50036    -0.00069     0.00018    -0.00116
50066    -0.00192    -0.00036    -0.00118
50097    -0.00310    -0.00096    -0.00185
50128    -0.00391    -0.00127    -0.00249
50157    -0.00405    -0.00125    -0.00285
50188    -0.00321    -0.00119    -0.00232
50218    -0.00168    -0.00074    -0.00063
50249     0.00127    -0.00045     0.00102
50279     0.00532    -0.00015     0.00248
50310     0.00812     0.00004     0.00335
50341     0.00923    -0.00017     0.00346
50371     0.00908    -0.00028     0.00307
50402     0.00751    -0.00046     0.00241
50432     0.00575    -0.00065     0.00144
50463     0.00363    -0.00085     0.00048
50494     0.00057    -0.00096    -0.00074
50522    -0.00186    -0.00126    -0.00164
50553    -0.00243    -0.00184    -0.00163
50583    -0.00346    -0.00195    -0.00128
50614    -0.00307    -0.00146    -0.00038
50644    -0.00063    -0.00080     0.00003
50675     0.00166    -0.00020    -0.00007
50706     0.00123     0.00011    -0.00054
50736    -0.00150    -0.00040    -0.00139
50767    -0.00400    -0.00105    -0.00247
50797    -0.00567    -0.00176    -0.00337
50828    -0.00742    -0.00199    -0.00386
50859    -0.00856    -0.00192    -0.00393
50887    -0.00948    -0.00183    -0.00392
50918    -0.00880    -0.00162    -0.00332
50948    -0.00683    -0.00102    -0.00226
50979    -0.00554    -0.00053    -0.00111
51009    -0.00328    -0.00012    -0.00116
51040    -0.00019    -0.00019    -0.00152
51071     0.00203    -0.00015    -0.00196
51101    -0.00086    -0.00017    -0.00255
51132    -0.00374    -0.00045    -0.00276
51162    -0.00455    -0.00065    -0.00286
51193    -0.00614    -0.00083    -0.00307
51224    -0.00670    -0.00098    -0.00308
51252    -0.00598    -0.00109    -0.00286
51283    -0.00566    -0.00109    -0.00195
51313    -0.00543    -0.00104    -0.00112
51344    -0.00313    -0.00043    -0.00023
51374    -0.00066    -0.00028     0.00029
51405     0.00311    -0.00031     0.00016
51436     0.00476    -0.00031     0.00016
51466     0.00400    -0.00005    -0.00030
51497     0.00394    -0.00012    -0.00045
51527     0.00226    -0.00044    -0.00067
51558     0.00137    -0.00141    -0.00054
51589     0.00081    -0.00189    -0.00061
51618     0.00006    -0.00202    -0.00084
51649    -0.00021    -0.00197    -0.00071
51679     0.00080    -0.00123    -0.00046
51710     0.00081    -0.00035     0.00016
51740     0.00127     0.00031     0.00042
51771     0.00492     0.00085     0.00024
51802     0.00683     0.00076     0.00019
51832     0.00675     0.00045    -0.00039
51863     0.00441    -0.00029    -0.00056
51893     0.00288    -0.00074    -0.00075
51924     0.00139    -0.00082    -0.00092
51955    -0.00062    -0.00051    -0.00139
51983    -0.00198    -0.00055    -0.00163
52014    -0.00183    -0.00069    -0.00109
52044    -0.00061    -0.00039     0.00000
52075    -0.00023     0.00015     0.00056
52105     0.00401     0.00071     0.00090
52136     0.00686     0.00100     0.00082
52167     0.00649     0.00111     0.00068
52197     0.00485     0.00126     0.00027
52228     0.00372     0.00103    -0.00005
52258     0.00103     0.00065    -0.00025
52289     0.00031     0.00009    -0.00043
52320    -0.00073     0.00004    -0.00065
52348    -0.00147     0.00017    -0.00071
52379    -0.00207     0.00015    -0.00027
52409    -0.00219     0.00063     0.00041
52440    -0.00062     0.00122     0.00163
52470     0.00359     0.00145     0.00189
52501     0.00569     0.00129     0.00179
52532     0.00629     0.00112     0.00147
52562     0.00382     0.00087     0.00085
52593     0.00194     0.00045     0.00026
52623     0.00096     0.00025     0.00013
52654     0.00016    -0.00018     0.00005
52685    -0.00052    -0.00044    -0.00002
52713    -0.00111    -0.00047     0.00006
52744    -0.00112    -0.00052     0.00053
52774    -0.00252    -0.00010     0.00115
52805    -0.00078     0.00041     0.00173
52835     0.00173     0.00099     0.00180
52866     0.00574     0.00138     0.00141
52897     0.00654     0.00132     0.00058
52927     0.00569     0.00141     0.00028
52958     0.00264     0.00129    -0.00002
52988     0.00047     0.00112    -0.00031
53019    -0.00063     0.00061    -0.00037
53050    -0.00126     0.00009    -0.00042
53079    -0.00256    -0.00015    -0.00041
53110    -0.00223    -0.00046    -0.00013
53140    -0.00231    -0.00003     0.00045
53171    -0.00286     0.00052     0.00121
53201    -0.00047     0.00073     0.00133
53232     0.00239     0.00092     0.00100
53263     0.00319     0.00121     0.00065
53293     0.00282     0.00106     0.00035
53324    -0.00053     0.00073    -0.00011
53354    -0.00266     0.00018    -0.00056
53385    -0.00432    -0.00016    -0.00078
53416    -0.00524    -0.00050    -0.00073
53444    -0.00526    -0.00071    -0.00054
53475    -0.00461    -0.00065    -0.00010
53505    -0.00306    -0.00067     0.00059
53536    -0.00072    -0.00043     0.00156
53566     0.00383     0.00027     0.00178
53597     0.00674     0.00071     0.00122
53628     0.00756     0.00089     0.00081
53658     0.00614     0.00097     0.00080
53689     0.00485     0.00106     0.00071
53719     0.00245     0.00056     0.00104
53750     0.00096     0.00015     0.00116
53781    -0.00023    -0.00000     0.00093
53809    -0.00110    -0.00038     0.00083
53840    -0.00163    -0.00063     0.00117
53870    -0.00110    -0.00020     0.00150
53901     0.00205     0.00056     0.00191
53931     0.00551     0.00129     0.00203
53962     0.00754     0.00111     0.00167
53993     0.00740     0.00100     0.00102
54023     0.00623     0.00099     0.00104
54054     0.00448     0.00053     0.00073
54084     0.00220     0.00024     0.00046
54115    -0.00015    -0.00002     0.00023
54146    -0.00048    -0.00036    -0.00007
54174    -0.00139    -0.00029     0.00005
54205    -0.00272    -0.00039     0.00063
54235    -0.00224    -0.00061     0.00098
54266     0.00066    -0.00022     0.00148
54296     0.00476     0.00045     0.00114
54327     0.00725     0.00026     0.00106
54358     0.00695     0.00024     0.00073
54388     0.00490     0.00017     0.00077
54419     0.00421    -0.00025     0.00067
54449     0.00195    -0.00064     0.00049
54480     0.00028    -0.00101     0.00045
54511    -0.00124    -0.00102     0.00031
54540    -0.00282    -0.00093     0.00015
54571    -0.00392    -0.00080     0.00021
54601    -0.00339    -0.00039     0.00090
54632    -0.00316    -0.00003     0.00131
54662     0.00021     0.00039     0.00120
54693     0.00387     0.00036     0.00056
54724     0.00405     0.00040    -0.00029
54754     0.00323     0.00029    -0.00052
54785     0.00192     0.00015    -0.00077
54815     0.00004    -0.00011    -0.00068
54846    -0.00164    -0.00030    -0.00076
54877    -0.00191    -0.00075    -0.00092
54905    -0.00325    -0.00077    -0.00096
54936    -0.00381    -0.00068    -0.00071
54966    -0.00360    -0.00022    -0.00026
54997    -0.00165     0.00028     0.00062
55027     0.00112     0.00062     0.00083
55058     0.00341     0.00084     0.00067
55089     0.00451     0.00076     0.00028
55119     0.00187     0.00092    -0.00014
55150    -0.00089     0.00030    -0.00051
55180    -0.00202    -0.00024    -0.00057
55211    -0.00333    -0.00079    -0.00079
55242    -0.00465    -0.00079    -0.00105
55270    -0.00476    -0.00106    -0.00110
55301    -0.00378    -0.00099    -0.00063
55331    -0.00342    -0.00070    -0.00020
55362    -0.00280    -0.00031     0.00041
55392    -0.00109     0.00006     0.00074
55423     0.00139     0.00024     0.00055
55454     0.00262     0.00036    -0.00020
55484     0.00268     0.00056    -0.00045
55515     0.00179     0.00034    -0.00049
55545    -0.00037     0.00007    -0.00068
55576    -0.00215    -0.00043    -0.00058
55607    -0.00330    -0.00062    -0.00067
55635    -0.00459    -0.00058    -0.00064
55666    -0.00531    -0.00036    -0.00010
55696    -0.00500    -0.00013     0.00047
55727    -0.00334     0.00025     0.00106
55757     0.00012     0.00077     0.00121
55788     0.00371     0.00095     0.00101
55819     0.00537     0.00104     0.00046
55849     0.00556     0.00077     0.00022
55880     0.00388     0.00054    -0.00004
55910     0.00130     0.00051    -0.00039
55941     0.00022     0.00018    -0.00055
55972    -0.00083     0.00002    -0.00064
56001    -0.00142     0.00010    -0.00049
56032    -0.00157     0.00001    -0.00017
56062    -0.00111     0.00019     0.00043
56093     0.00221     0.00043     0.00141
56123     0.00688     0.00055     0.00150
56154     0.00945     0.00065     0.00087
56185     0.01003     0.00072    -0.00022
56215     0.00853     0.00063    -0.00041
56246     0.00640     0.00027    -0.00067
56276     0.00470    -0.00009    -0.00078
56307     0.00231    -0.00023    -0.00097
56338     0.00005    -0.00025    -0.00119
56366    -0.00168    -0.00024    -0.00116
56397    -0.00325    -0.00047    -0.00079
56427    -0.00362    -0.00030     0.00004
56458    -0.00341     0.00021     0.00079
56488     0.00047     0.00096     0.00098
56519     0.00380     0.00114     0.00061
56550     0.00637     0.00113     0.00056
56580     0.00499     0.00095     0.00048
56611     0.00266     0.00074     0.00053
56641     0.00072     0.00053     0.00047
56672    -0.00067     0.00024     0.00044
56703    -0.00196     0.00000     0.00055
56731    -0.00248    -0.00029     0.00095
56762    -0.00282    -0.00019     0.00130
56792    -0.00298    -0.00024     0.00188
56823    -0.00261     0.00001     0.00227
56853    -0.00092     0.00039     0.00229
56884     0.00313     0.00041     0.00165
56915     0.00184     0.00022     0.00103
56945     0.00018     0.00008     0.00050
56976    -0.00080     0.00000     0.00029
57006    -0.00257    -0.00011     0.00026
57037    -0.00387    -0.00013    -0.00014
57068    -0.00525    -0.00025    -0.00029
57096    -0.00552    -0.00026    -0.00044
57127    -0.00484    -0.00027    -0.00021
57157    -0.00410    -0.00033     0.00049
57188    -0.00408     0.00001     0.00096
57218    -0.00224     0.00048     0.00105
57249     0.00172     0.00044     0.00070
57280     0.00369     0.00040     0.00052
57310     0.00394     0.00050     0.00013
57341     0.00096     0.00047    -0.00065
57371    -0.00339     0.00032    -0.00143
57402    -0.00571    -0.00006    -0.00160
57433    -0.00591    -0.00031    -0.00133
57462    -0.00608    -0.00059    -0.00104
57493    -0.00552    -0.00077    -0.00062
57523    -0.00453    -0.00077    -0.00043
57554    -0.00223    -0.00041     0.00022
