# Hydrology loading displacements computed from the monthly GLDAS NOAH model
# This is a product of the Hydrology loading service: http://lacerta.gsfc.nasa.gov/hydlo/
# Displacements are with respect to the center of mass of the total earth
#
# Created for VieVS on 17.03.2017 at 11:46:08 local time
# OFFSET + TREND REMOVED!!! - Hana 
# mjd up (meters) eastwest (meters) northsouth (meters)
43888     0.00093     0.00039    -0.00096
43919     0.00031     0.00070    -0.00158
43947     0.00012     0.00048    -0.00160
43978    -0.00002     0.00003    -0.00141
44008     0.00034    -0.00040    -0.00043
44039     0.00180    -0.00056     0.00063
44069     0.00037    -0.00028     0.00187
44100     0.00019     0.00007     0.00230
44131    -0.00007    -0.00001     0.00218
44161    -0.00088    -0.00015     0.00194
44192    -0.00017    -0.00007     0.00104
44222     0.00034     0.00021     0.00015
44253     0.00059     0.00021    -0.00058
44284     0.00050     0.00031    -0.00095
44313     0.00007     0.00045    -0.00118
44344    -0.00038     0.00011    -0.00087
44374     0.00022    -0.00020     0.00010
44405     0.00032    -0.00038     0.00118
44435    -0.00023     0.00005     0.00218
44466    -0.00038     0.00045     0.00254
44497    -0.00060     0.00038     0.00230
44527    -0.00068     0.00001     0.00182
44558    -0.00029    -0.00002     0.00099
44588    -0.00005     0.00013     0.00025
44619     0.00044     0.00038    -0.00010
44650     0.00074     0.00050    -0.00048
44678     0.00027     0.00065    -0.00095
44709     0.00002     0.00053    -0.00089
44739     0.00068     0.00018    -0.00035
44770     0.00148    -0.00043     0.00083
44800     0.00000    -0.00026     0.00193
44831     0.00003     0.00032     0.00246
44862    -0.00052     0.00037     0.00243
44892    -0.00118     0.00014     0.00187
44923    -0.00105     0.00000     0.00121
44953    -0.00022    -0.00006     0.00019
44984     0.00023     0.00011    -0.00098
45015     0.00013     0.00032    -0.00153
45043    -0.00034     0.00036    -0.00160
45074     0.00007     0.00005    -0.00132
45104     0.00096    -0.00006    -0.00056
45135     0.00183    -0.00060     0.00052
45165     0.00223    -0.00068     0.00154
45196     0.00051    -0.00012     0.00207
45227    -0.00043     0.00002     0.00216
45257     0.00024     0.00015     0.00150
45288    -0.00012     0.00028     0.00066
45318    -0.00024     0.00020    -0.00048
45349    -0.00017     0.00015    -0.00129
45380    -0.00034     0.00013    -0.00199
45408    -0.00107    -0.00018    -0.00198
45439    -0.00080    -0.00065    -0.00153
45469    -0.00019    -0.00090    -0.00048
45500     0.00069    -0.00099     0.00080
45530    -0.00063    -0.00086     0.00227
45561    -0.00070    -0.00007     0.00296
45592    -0.00129     0.00002     0.00306
45622    -0.00208    -0.00023     0.00254
45653    -0.00114    -0.00049     0.00167
45683    -0.00047    -0.00051     0.00031
45714    -0.00035    -0.00015    -0.00040
45745    -0.00074    -0.00025    -0.00070
45774    -0.00144    -0.00041    -0.00076
45805    -0.00038    -0.00050    -0.00086
45835     0.00078    -0.00081    -0.00009
45866     0.00087    -0.00108     0.00089
45896    -0.00025    -0.00108     0.00220
45927     0.00043    -0.00068     0.00277
45958     0.00024    -0.00063     0.00271
45988     0.00034    -0.00061     0.00202
46019     0.00046    -0.00078     0.00104
46049     0.00016    -0.00075     0.00009
46080     0.00046    -0.00070    -0.00096
46111    -0.00002    -0.00018    -0.00164
46139    -0.00124    -0.00025    -0.00170
46170    -0.00044    -0.00020    -0.00132
46200     0.00069    -0.00041    -0.00066
46231     0.00058    -0.00074     0.00055
46261     0.00014    -0.00036     0.00155
46292     0.00152     0.00007     0.00174
46323     0.00088    -0.00002     0.00182
46353    -0.00057    -0.00032     0.00159
46384    -0.00046    -0.00046     0.00077
46414    -0.00015    -0.00033    -0.00026
46445     0.00016     0.00015    -0.00104
46476     0.00025     0.00020    -0.00170
46504    -0.00004     0.00023    -0.00202
46535    -0.00018     0.00010    -0.00158
46565     0.00044    -0.00037    -0.00073
46596     0.00150    -0.00083     0.00037
46626     0.00023    -0.00072     0.00170
46657     0.00065    -0.00001     0.00232
46688     0.00077    -0.00002     0.00206
46718     0.00147    -0.00009     0.00142
46749     0.00118    -0.00001     0.00067
46779     0.00096    -0.00004    -0.00028
46810     0.00050    -0.00001    -0.00093
46841     0.00051     0.00006    -0.00141
46869    -0.00006     0.00002    -0.00180
46900     0.00059    -0.00018    -0.00165
46930     0.00100    -0.00057    -0.00076
46961     0.00151    -0.00062     0.00010
46991     0.00134    -0.00078     0.00129
47022     0.00096    -0.00046     0.00188
47053     0.00024    -0.00005     0.00192
47083    -0.00026     0.00009     0.00156
47114    -0.00059    -0.00012     0.00104
47144    -0.00003    -0.00018     0.00010
47175     0.00030    -0.00004    -0.00084
47206     0.00041     0.00019    -0.00148
47235     0.00009     0.00050    -0.00172
47266     0.00003     0.00030    -0.00118
47296     0.00009     0.00015    -0.00038
47327     0.00032    -0.00012     0.00088
47357    -0.00013     0.00014     0.00179
47388    -0.00045     0.00077     0.00203
47419    -0.00131     0.00086     0.00195
47449    -0.00107     0.00063     0.00156
47480    -0.00001     0.00040     0.00069
47510     0.00039     0.00034    -0.00025
47541     0.00023     0.00047    -0.00114
47572    -0.00051     0.00057    -0.00170
47600    -0.00095     0.00052    -0.00180
47631    -0.00046     0.00053    -0.00128
47661    -0.00035     0.00026    -0.00043
47692     0.00018    -0.00030     0.00079
47722    -0.00010    -0.00011     0.00192
47753     0.00037     0.00038     0.00232
47784    -0.00078     0.00028     0.00225
47814    -0.00042     0.00043     0.00171
47845    -0.00044     0.00021     0.00089
47875     0.00045     0.00054    -0.00028
47906     0.00065     0.00072    -0.00126
47937    -0.00023     0.00082    -0.00197
47965    -0.00054     0.00058    -0.00208
47996    -0.00037     0.00038    -0.00145
48026     0.00040     0.00003    -0.00064
48057     0.00086    -0.00040     0.00048
48087     0.00047    -0.00031     0.00152
48118     0.00113    -0.00002     0.00204
48149     0.00018    -0.00001     0.00200
48179    -0.00121    -0.00012     0.00154
48210    -0.00129    -0.00018     0.00063
48240    -0.00103    -0.00009    -0.00046
48271    -0.00085     0.00008    -0.00118
48302    -0.00110     0.00038    -0.00135
48330    -0.00148     0.00052    -0.00197
48361    -0.00101     0.00032    -0.00186
48391     0.00036    -0.00005    -0.00136
48422     0.00055    -0.00025    -0.00002
48452    -0.00020    -0.00037     0.00127
48483    -0.00004     0.00011     0.00195
48514    -0.00100     0.00002     0.00198
48544    -0.00166    -0.00015     0.00157
48575    -0.00099    -0.00029     0.00080
48605    -0.00077    -0.00036    -0.00012
48636    -0.00066    -0.00037    -0.00107
48667    -0.00048    -0.00044    -0.00171
48696    -0.00102    -0.00077    -0.00201
48727    -0.00098    -0.00085    -0.00191
48757    -0.00039    -0.00102    -0.00086
48788     0.00051    -0.00121     0.00028
48818     0.00003    -0.00109     0.00122
48849     0.00019    -0.00059     0.00172
48880     0.00093    -0.00044     0.00151
48910    -0.00061    -0.00037     0.00119
48941    -0.00051    -0.00035     0.00016
48971    -0.00009    -0.00042    -0.00051
49002    -0.00010    -0.00025    -0.00112
49033    -0.00025     0.00012    -0.00154
49061    -0.00033     0.00018    -0.00195
49092     0.00053    -0.00002    -0.00193
49122     0.00040    -0.00021    -0.00115
49153     0.00087    -0.00042    -0.00005
49183    -0.00079    -0.00050     0.00086
49214    -0.00098    -0.00014     0.00135
49245    -0.00139     0.00007     0.00126
49275    -0.00109     0.00003     0.00082
49306    -0.00090    -0.00017     0.00007
49336    -0.00086    -0.00021    -0.00072
49367    -0.00013     0.00004    -0.00177
49398    -0.00021     0.00023    -0.00230
49426    -0.00054     0.00025    -0.00232
49457    -0.00014    -0.00004    -0.00211
49487     0.00033    -0.00029    -0.00150
49518     0.00084    -0.00046    -0.00067
49548     0.00042    -0.00019     0.00015
49579     0.00055     0.00037     0.00059
49610    -0.00078     0.00056     0.00059
49640    -0.00115     0.00029     0.00006
49671    -0.00042     0.00032    -0.00097
49701    -0.00062     0.00033    -0.00187
49732    -0.00101     0.00040    -0.00246
49763    -0.00116     0.00062    -0.00283
49791    -0.00116     0.00078    -0.00302
49822    -0.00110     0.00046    -0.00273
49852    -0.00093     0.00001    -0.00200
49883    -0.00054    -0.00031    -0.00092
49913    -0.00146    -0.00022     0.00022
49944    -0.00083     0.00047     0.00056
49975    -0.00130     0.00073     0.00060
50005    -0.00128     0.00057     0.00006
50036    -0.00129     0.00032    -0.00075
50066    -0.00038     0.00029    -0.00163
50097    -0.00001     0.00059    -0.00255
50128     0.00006     0.00088    -0.00326
50157    -0.00023     0.00108    -0.00345
50188     0.00014     0.00101    -0.00305
50218     0.00142     0.00039    -0.00202
50249     0.00329     0.00013    -0.00068
50279     0.00429    -0.00031     0.00055
50310     0.00552    -0.00042     0.00137
50341     0.00582    -0.00041     0.00151
50371     0.00570    -0.00026     0.00118
50402     0.00528    -0.00009     0.00045
50432     0.00452     0.00020    -0.00037
50463     0.00389     0.00055    -0.00124
50494     0.00300     0.00086    -0.00207
50522     0.00211     0.00115    -0.00279
50553     0.00174     0.00141    -0.00271
50583     0.00149     0.00124    -0.00220
50614     0.00139     0.00065    -0.00124
50644     0.00060     0.00043    -0.00028
50675     0.00048     0.00051     0.00044
50706    -0.00067     0.00048     0.00042
50736    -0.00055     0.00070    -0.00049
50767    -0.00125     0.00099    -0.00156
50797    -0.00082     0.00141    -0.00263
50828    -0.00115     0.00150    -0.00330
50859    -0.00130     0.00127    -0.00370
50887    -0.00155     0.00106    -0.00407
50918    -0.00190     0.00066    -0.00368
50948    -0.00151     0.00001    -0.00258
50979    -0.00146    -0.00047    -0.00138
51009    -0.00161    -0.00009    -0.00037
51040    -0.00258     0.00050     0.00035
51071    -0.00287     0.00086     0.00037
51101    -0.00304     0.00068    -0.00031
51132    -0.00186     0.00035    -0.00115
51162    -0.00144     0.00025    -0.00193
51193    -0.00078     0.00026    -0.00270
51224    -0.00028     0.00030    -0.00310
51252    -0.00055     0.00037    -0.00304
51283    -0.00094     0.00013    -0.00249
51313    -0.00035    -0.00025    -0.00177
51344    -0.00032    -0.00072    -0.00063
51374    -0.00110    -0.00060     0.00031
51405    -0.00110     0.00008     0.00074
51436    -0.00131     0.00017     0.00080
51466    -0.00056     0.00031     0.00040
51497    -0.00100     0.00026     0.00004
51527     0.00010     0.00028    -0.00064
51558     0.00084     0.00061    -0.00145
51589     0.00077     0.00078    -0.00181
51618     0.00035     0.00085    -0.00181
51649     0.00004     0.00096    -0.00192
51679    -0.00006     0.00096    -0.00114
51710    -0.00042     0.00043    -0.00030
51740    -0.00050     0.00017     0.00061
51771    -0.00089     0.00021     0.00122
51802    -0.00104     0.00025     0.00116
51832    -0.00114     0.00032     0.00069
51863    -0.00090     0.00024     0.00004
51893     0.00031     0.00056    -0.00052
51924    -0.00039     0.00033    -0.00101
51955    -0.00147     0.00020    -0.00111
51983    -0.00152     0.00018    -0.00138
52014    -0.00006     0.00032    -0.00141
52044     0.00060    -0.00008    -0.00063
52075     0.00039    -0.00033     0.00025
52105     0.00066    -0.00036     0.00134
52136     0.00022    -0.00009     0.00205
52167    -0.00091    -0.00006     0.00208
52197    -0.00118     0.00000     0.00174
52228    -0.00085     0.00022     0.00113
52258    -0.00018     0.00010     0.00030
52289    -0.00020     0.00021    -0.00033
52320    -0.00021     0.00022    -0.00071
52348     0.00030     0.00013    -0.00103
52379     0.00058    -0.00018    -0.00112
52409     0.00093    -0.00071    -0.00048
52440     0.00183    -0.00107     0.00058
52470    -0.00018    -0.00105     0.00177
52501     0.00006    -0.00058     0.00229
52532    -0.00017    -0.00024     0.00220
52562    -0.00090    -0.00017     0.00151
52593    -0.00021    -0.00011     0.00060
52623    -0.00022    -0.00015    -0.00001
52654    -0.00033    -0.00006    -0.00054
52685    -0.00065    -0.00007    -0.00085
52713    -0.00084    -0.00024    -0.00087
52744     0.00002    -0.00025    -0.00081
52774     0.00125    -0.00067    -0.00050
52805     0.00136    -0.00103     0.00031
52835     0.00023    -0.00078     0.00147
52866    -0.00065    -0.00029     0.00213
52897    -0.00061    -0.00003     0.00205
52927    -0.00064    -0.00010     0.00163
52958    -0.00097    -0.00022     0.00084
52988    -0.00069    -0.00022     0.00023
53019     0.00029    -0.00015    -0.00037
53050     0.00037    -0.00005    -0.00068
53079     0.00039    -0.00005    -0.00090
53110     0.00066     0.00014    -0.00102
53140     0.00045    -0.00033    -0.00057
53171     0.00036    -0.00063     0.00033
53201     0.00054    -0.00061     0.00124
53232     0.00013    -0.00019     0.00174
53263    -0.00106    -0.00017     0.00171
53293    -0.00172    -0.00014     0.00131
53324    -0.00065    -0.00022     0.00043
53354     0.00014     0.00013    -0.00036
53385     0.00032     0.00019    -0.00086
53416    -0.00006    -0.00005    -0.00127
53444    -0.00045    -0.00011    -0.00156
53475     0.00010    -0.00025    -0.00141
53505     0.00134    -0.00034    -0.00112
53536     0.00185    -0.00060    -0.00012
53566    -0.00000    -0.00061     0.00123
53597    -0.00074    -0.00027     0.00197
53628    -0.00104    -0.00013     0.00206
53658    -0.00082    -0.00031     0.00166
53689    -0.00055    -0.00049     0.00119
53719     0.00013    -0.00080     0.00038
53750     0.00037    -0.00085    -0.00018
53781     0.00022    -0.00063    -0.00062
53809     0.00045    -0.00033    -0.00110
53840     0.00103    -0.00028    -0.00100
53870     0.00109    -0.00053    -0.00038
53901     0.00075    -0.00072     0.00069
53931    -0.00040    -0.00076     0.00210
53962     0.00003    -0.00017     0.00246
53993    -0.00059    -0.00005     0.00232
54023    -0.00036    -0.00015     0.00179
54054     0.00046    -0.00008     0.00082
54084     0.00052    -0.00011     0.00015
54115     0.00069    -0.00015    -0.00030
54146     0.00112     0.00005    -0.00072
54174     0.00106    -0.00020    -0.00094
54205     0.00149    -0.00041    -0.00083
54235     0.00183    -0.00046    -0.00036
54266     0.00135    -0.00055     0.00069
54296    -0.00018    -0.00029     0.00172
54327     0.00051     0.00040     0.00203
54358    -0.00052     0.00067     0.00188
54388    -0.00051     0.00049     0.00152
54419     0.00013     0.00071     0.00093
54449     0.00070     0.00068     0.00013
54480     0.00095     0.00065    -0.00059
54511     0.00113     0.00051    -0.00109
54540     0.00108     0.00023    -0.00154
54571     0.00087     0.00014    -0.00151
54601     0.00124    -0.00023    -0.00082
54632     0.00067    -0.00046     0.00016
54662     0.00039    -0.00027     0.00113
54693     0.00006     0.00031     0.00160
54724    -0.00082     0.00040     0.00142
54754    -0.00061     0.00035     0.00095
54785    -0.00062     0.00034     0.00050
54815    -0.00033     0.00021    -0.00023
54846     0.00016     0.00020    -0.00076
54877     0.00017     0.00053    -0.00118
54905    -0.00000     0.00045    -0.00161
54936     0.00080     0.00025    -0.00166
54966     0.00080    -0.00009    -0.00102
54997     0.00099    -0.00041     0.00007
55027    -0.00042    -0.00043     0.00120
55058    -0.00074     0.00003     0.00165
55089     0.00015     0.00039     0.00167
55119    -0.00059     0.00027     0.00125
55150    -0.00056     0.00040     0.00027
55180     0.00001     0.00047    -0.00050
55211     0.00026     0.00066    -0.00099
55242    -0.00008     0.00051    -0.00133
55270    -0.00022     0.00067    -0.00160
55301     0.00007     0.00044    -0.00138
55331     0.00049     0.00016    -0.00088
55362     0.00041    -0.00013    -0.00002
55392    -0.00045    -0.00011     0.00122
55423     0.00006     0.00050     0.00189
55454    -0.00060     0.00081     0.00181
55484    -0.00188     0.00069     0.00149
55515    -0.00142     0.00059     0.00074
55545    -0.00123     0.00056    -0.00013
55576    -0.00069     0.00043    -0.00074
55607    -0.00054     0.00040    -0.00111
55635    -0.00020     0.00030    -0.00153
55666     0.00086    -0.00001    -0.00152
55696     0.00028    -0.00040    -0.00089
55727    -0.00001    -0.00053     0.00036
55757    -0.00016    -0.00049     0.00149
55788    -0.00057     0.00002     0.00219
55819    -0.00164     0.00031     0.00222
55849    -0.00096     0.00050     0.00165
55880    -0.00062     0.00048     0.00101
55910    -0.00023     0.00031     0.00040
55941     0.00021     0.00032    -0.00014
55972    -0.00049     0.00017    -0.00038
56001    -0.00065     0.00000    -0.00041
56032     0.00017    -0.00020    -0.00050
56062     0.00070    -0.00030    -0.00017
56093     0.00088    -0.00052     0.00082
56123    -0.00038    -0.00033     0.00189
56154    -0.00012     0.00028     0.00233
56185    -0.00095     0.00074     0.00229
56215    -0.00135     0.00066     0.00176
56246    -0.00144     0.00076     0.00099
56276    -0.00116     0.00071     0.00025
56307    -0.00106     0.00061    -0.00038
56338    -0.00093     0.00053    -0.00087
56366    -0.00036     0.00036    -0.00110
56397     0.00012     0.00040    -0.00107
56427     0.00118     0.00006    -0.00046
56458     0.00128    -0.00049     0.00033
56488    -0.00003    -0.00053     0.00157
56519    -0.00003    -0.00013     0.00226
56550    -0.00014    -0.00011     0.00229
56580    -0.00022    -0.00016     0.00186
56611    -0.00014    -0.00040     0.00123
56641     0.00043    -0.00047     0.00064
56672     0.00104    -0.00031     0.00015
56703     0.00125    -0.00028    -0.00015
56731     0.00131    -0.00042    -0.00039
56762     0.00187    -0.00061    -0.00024
56792     0.00207    -0.00076     0.00002
56823     0.00142    -0.00091     0.00079
56853     0.00059    -0.00084     0.00169
56884     0.00015    -0.00026     0.00216
56915    -0.00006     0.00006     0.00194
56945    -0.00064     0.00015     0.00137
56976     0.00002    -0.00002     0.00061
57006    -0.00037    -0.00036     0.00002
57037    -0.00051    -0.00032    -0.00039
57068    -0.00010    -0.00038    -0.00099
57096     0.00022    -0.00050    -0.00137
57127     0.00046    -0.00056    -0.00129
57157     0.00150    -0.00090    -0.00081
57188     0.00144    -0.00121     0.00008
57218     0.00034    -0.00111     0.00100
57249     0.00050    -0.00053     0.00151
57280    -0.00115    -0.00029     0.00163
57310    -0.00049    -0.00021     0.00119
57341    -0.00086    -0.00017     0.00045
57371    -0.00127    -0.00008    -0.00024
57402    -0.00032     0.00008    -0.00091
57433    -0.00054    -0.00007    -0.00140
57462     0.00009    -0.00011    -0.00187
57493     0.00048    -0.00012    -0.00191
57523     0.00068    -0.00023    -0.00137
57554     0.00097    -0.00041    -0.00037
