# Hydrology loading displacements computed from the monthly GLDAS NOAH model
# This is a product of the Hydrology loading service: http://lacerta.gsfc.nasa.gov/hydlo/
# Displacements are with respect to the center of mass of the total earth
#
# Created for VieVS on 17.03.2017 at 11:46:08 local time
# OFFSET + TREND REMOVED!!! - Hana 
# mjd up (meters) eastwest (meters) northsouth (meters)
43888     0.00087    -0.00044    -0.00110
43919     0.00013    -0.00043    -0.00169
43947    -0.00022    -0.00060    -0.00147
43978    -0.00035    -0.00095    -0.00101
44008     0.00076    -0.00119    -0.00016
44039     0.00293    -0.00094     0.00055
44069     0.00430     0.00006     0.00089
44100     0.00487     0.00055     0.00091
44131     0.00475     0.00044     0.00091
44161     0.00383     0.00033     0.00095
44192     0.00242    -0.00001     0.00044
44222     0.00128    -0.00037    -0.00023
44253     0.00056    -0.00073    -0.00070
44284    -0.00036    -0.00075    -0.00090
44313    -0.00091    -0.00065    -0.00108
44344    -0.00073    -0.00099    -0.00064
44374     0.00063    -0.00104     0.00012
44405     0.00271    -0.00039     0.00070
44435     0.00413     0.00053     0.00085
44466     0.00486     0.00105     0.00083
44497     0.00456     0.00106     0.00078
44527     0.00366     0.00067     0.00083
44558     0.00249     0.00023     0.00044
44588     0.00180    -0.00013    -0.00008
44619     0.00134    -0.00017    -0.00051
44650     0.00075    -0.00029    -0.00078
44678     0.00025    -0.00046    -0.00111
44709     0.00021    -0.00063    -0.00089
44739     0.00128    -0.00095    -0.00037
44770     0.00332    -0.00082     0.00066
44800     0.00459     0.00004     0.00096
44831     0.00491     0.00077     0.00092
44862     0.00473     0.00087     0.00090
44892     0.00350     0.00079     0.00085
44923     0.00220     0.00061     0.00066
44953     0.00099     0.00015     0.00018
44984    -0.00022    -0.00038    -0.00062
45015    -0.00085    -0.00045    -0.00107
45043    -0.00128    -0.00051    -0.00109
45074    -0.00133    -0.00102    -0.00063
45104    -0.00021    -0.00120    -0.00010
45135     0.00222    -0.00130     0.00071
45165     0.00427    -0.00112     0.00124
45196     0.00465    -0.00011     0.00102
45227     0.00391     0.00040     0.00096
45257     0.00280     0.00034     0.00064
45288     0.00112     0.00043     0.00015
45318    -0.00034     0.00007    -0.00045
45349    -0.00142    -0.00018    -0.00084
45380    -0.00228    -0.00052    -0.00125
45408    -0.00275    -0.00059    -0.00096
45439    -0.00228    -0.00106    -0.00030
45469    -0.00109    -0.00093     0.00047
45500     0.00135    -0.00065     0.00122
45530     0.00322     0.00022     0.00174
45561     0.00386     0.00121     0.00164
45592     0.00355     0.00175     0.00166
45622     0.00208     0.00175     0.00166
45653     0.00097     0.00122     0.00145
45683    -0.00022     0.00053     0.00063
45714    -0.00088     0.00050    -0.00006
45745    -0.00151     0.00029    -0.00024
45774    -0.00189    -0.00003    -0.00018
45805    -0.00132    -0.00072    -0.00009
45835    -0.00016    -0.00081     0.00068
45866     0.00169    -0.00054     0.00130
45896     0.00320     0.00012     0.00188
45927     0.00357     0.00071     0.00206
45958     0.00349     0.00086     0.00199
45988     0.00269     0.00055     0.00169
46019     0.00145    -0.00014     0.00126
46049     0.00022    -0.00049     0.00065
46080    -0.00084    -0.00116    -0.00012
46111    -0.00149    -0.00120    -0.00094
46139    -0.00252    -0.00100    -0.00084
46170    -0.00223    -0.00116    -0.00051
46200    -0.00123    -0.00134     0.00008
46231     0.00145    -0.00095     0.00083
46261     0.00340    -0.00034     0.00095
46292     0.00408     0.00008     0.00081
46323     0.00326     0.00058     0.00093
46353     0.00189     0.00064     0.00104
46384     0.00064     0.00023     0.00076
46414    -0.00039    -0.00022    -0.00000
46445    -0.00130    -0.00029    -0.00076
46476    -0.00205    -0.00059    -0.00115
46504    -0.00244    -0.00092    -0.00136
46535    -0.00230    -0.00106    -0.00091
46565    -0.00127    -0.00129    -0.00003
46596     0.00142    -0.00135     0.00076
46626     0.00317    -0.00036     0.00126
46657     0.00332     0.00055     0.00125
46688     0.00274     0.00055     0.00118
46718     0.00205     0.00028     0.00096
46749     0.00097     0.00008     0.00050
46779    -0.00046    -0.00024    -0.00004
46810    -0.00155    -0.00036    -0.00049
46841    -0.00246    -0.00039    -0.00073
46869    -0.00317    -0.00048    -0.00087
46900    -0.00282    -0.00099    -0.00057
46930    -0.00172    -0.00123     0.00023
46961     0.00068    -0.00091     0.00056
46991     0.00246    -0.00041     0.00119
47022     0.00299     0.00021     0.00121
47053     0.00278     0.00065     0.00103
47083     0.00186     0.00073     0.00082
47114     0.00070     0.00063     0.00069
47144    -0.00031     0.00012     0.00020
47175    -0.00147    -0.00032    -0.00039
47206    -0.00212    -0.00054    -0.00098
47235    -0.00258    -0.00046    -0.00133
47266    -0.00221    -0.00059    -0.00080
47296    -0.00103    -0.00045    -0.00025
47327     0.00117    -0.00015     0.00048
47357     0.00292     0.00042     0.00070
47388     0.00337     0.00114     0.00047
47419     0.00289     0.00153     0.00033
47449     0.00206     0.00133     0.00042
47480     0.00095     0.00075     0.00014
47510    -0.00019     0.00034    -0.00039
47541    -0.00160     0.00020    -0.00097
47572    -0.00278     0.00002    -0.00128
47600    -0.00380     0.00002    -0.00111
47631    -0.00354    -0.00008    -0.00064
47661    -0.00237    -0.00034     0.00004
47692     0.00050    -0.00022     0.00075
47722     0.00256     0.00035     0.00104
47753     0.00288     0.00083     0.00099
47784     0.00247     0.00107     0.00092
47814     0.00135     0.00105     0.00072
47845    -0.00010     0.00069     0.00051
47875    -0.00103     0.00018    -0.00045
47906    -0.00205    -0.00004    -0.00122
47937    -0.00305    -0.00005    -0.00176
47965    -0.00401     0.00006    -0.00153
47996    -0.00331    -0.00011    -0.00087
48026    -0.00151    -0.00037    -0.00028
48057     0.00066    -0.00004     0.00053
48087     0.00226     0.00039     0.00092
48118     0.00302     0.00071     0.00109
48149     0.00220     0.00096     0.00106
48179     0.00090     0.00098     0.00096
48210    -0.00076     0.00068     0.00065
48240    -0.00241     0.00036    -0.00007
48271    -0.00354     0.00035    -0.00057
48302    -0.00413     0.00060    -0.00080
48330    -0.00507     0.00038    -0.00127
48361    -0.00499    -0.00007    -0.00100
48391    -0.00307    -0.00073    -0.00051
48422    -0.00008    -0.00029     0.00004
48452     0.00186     0.00005     0.00066
48483     0.00263     0.00079     0.00074
48514     0.00234     0.00088     0.00094
48544     0.00114     0.00079     0.00088
48575    -0.00011     0.00054     0.00070
48605    -0.00142     0.00043     0.00021
48636    -0.00247     0.00014    -0.00038
48667    -0.00337    -0.00016    -0.00068
48696    -0.00412    -0.00042    -0.00056
48727    -0.00389    -0.00083    -0.00036
48757    -0.00251    -0.00086     0.00041
48788     0.00002    -0.00083     0.00105
48818     0.00156    -0.00039     0.00139
48849     0.00214     0.00031     0.00127
48880     0.00170     0.00052     0.00109
48910     0.00079     0.00066     0.00098
48941    -0.00078     0.00032     0.00044
48971    -0.00197    -0.00001     0.00005
49002    -0.00325     0.00008    -0.00044
49033    -0.00406     0.00031    -0.00088
49061    -0.00469     0.00023    -0.00105
49092    -0.00429    -0.00025    -0.00077
49122    -0.00255    -0.00041    -0.00036
49153    -0.00004    -0.00022     0.00026
49183     0.00152     0.00020     0.00066
49214     0.00203     0.00087     0.00066
49245     0.00136     0.00121     0.00049
49275     0.00002     0.00119     0.00046
49306    -0.00149     0.00080     0.00028
49336    -0.00292     0.00056    -0.00010
49367    -0.00385     0.00013    -0.00090
49398    -0.00432    -0.00000    -0.00144
49426    -0.00474     0.00012    -0.00138
49457    -0.00445    -0.00022    -0.00100
49487    -0.00286    -0.00060    -0.00055
49518    -0.00087    -0.00041    -0.00010
49548     0.00009     0.00031     0.00008
49579     0.00065     0.00088    -0.00005
49610     0.00022     0.00115    -0.00019
49640    -0.00043     0.00069    -0.00034
49671    -0.00202     0.00036    -0.00087
49701    -0.00362     0.00044    -0.00138
49732    -0.00494     0.00050    -0.00169
49763    -0.00580     0.00073    -0.00196
49791    -0.00627     0.00069    -0.00207
49822    -0.00567     0.00002    -0.00162
49852    -0.00383    -0.00038    -0.00111
49883    -0.00186    -0.00017    -0.00041
49913    -0.00045     0.00048     0.00004
49944     0.00018     0.00128    -0.00021
49975    -0.00011     0.00164    -0.00028
50005    -0.00068     0.00135    -0.00038
50036    -0.00189     0.00086    -0.00060
50066    -0.00247     0.00019    -0.00114
50097    -0.00306    -0.00007    -0.00196
50128    -0.00380    -0.00010    -0.00253
50157    -0.00427     0.00001    -0.00268
50188    -0.00403    -0.00018    -0.00233
50218    -0.00268    -0.00069    -0.00126
50249    -0.00063    -0.00084    -0.00025
50279     0.00096    -0.00122     0.00080
50310     0.00201    -0.00138     0.00151
50341     0.00239    -0.00153     0.00156
50371     0.00201    -0.00149     0.00130
50402     0.00111    -0.00147     0.00076
50432     0.00015    -0.00133     0.00004
50463    -0.00082    -0.00115    -0.00076
50494    -0.00197    -0.00079    -0.00147
50522    -0.00279    -0.00064    -0.00210
50553    -0.00229    -0.00068    -0.00225
50583    -0.00136    -0.00071    -0.00207
50614    -0.00010    -0.00052    -0.00126
50644     0.00069     0.00007    -0.00055
50675     0.00050     0.00075    -0.00006
50706    -0.00044     0.00116    -0.00008
50736    -0.00142     0.00119    -0.00069
50767    -0.00291     0.00118    -0.00154
50797    -0.00402     0.00112    -0.00244
50828    -0.00508     0.00107    -0.00292
50859    -0.00594     0.00088    -0.00293
50887    -0.00681     0.00065    -0.00281
50918    -0.00689     0.00020    -0.00214
50948    -0.00598    -0.00013    -0.00110
50979    -0.00347     0.00014    -0.00040
51009    -0.00181     0.00110    -0.00016
51040    -0.00103     0.00185    -0.00030
51071    -0.00121     0.00219    -0.00052
51101    -0.00220     0.00189    -0.00071
51132    -0.00338     0.00123    -0.00083
51162    -0.00421     0.00065    -0.00118
51193    -0.00473     0.00020    -0.00166
51224    -0.00515    -0.00001    -0.00189
51252    -0.00520    -0.00010    -0.00188
51283    -0.00459    -0.00038    -0.00134
51313    -0.00359    -0.00048    -0.00064
51344    -0.00196    -0.00012     0.00023
51374    -0.00058     0.00018     0.00058
51405    -0.00017     0.00096     0.00035
51436    -0.00027     0.00116     0.00027
51466    -0.00072     0.00116     0.00008
51497    -0.00117     0.00095    -0.00011
51527    -0.00158     0.00048    -0.00050
51558    -0.00167    -0.00020    -0.00138
51589    -0.00226    -0.00034    -0.00181
51618    -0.00244    -0.00026    -0.00189
51649    -0.00221    -0.00043    -0.00188
51679    -0.00136    -0.00004    -0.00135
51710    -0.00048     0.00026    -0.00044
51740     0.00065     0.00039     0.00023
51771     0.00064     0.00090     0.00050
51802    -0.00002     0.00095     0.00052
51832    -0.00067     0.00097     0.00028
51863    -0.00153     0.00059    -0.00004
51893    -0.00192     0.00036    -0.00059
51924    -0.00274     0.00006    -0.00081
51955    -0.00364     0.00019    -0.00071
51983    -0.00408     0.00004    -0.00077
52014    -0.00398    -0.00006    -0.00064
52044    -0.00301    -0.00003     0.00015
52075    -0.00136     0.00016     0.00072
52105    -0.00016     0.00061     0.00132
52136     0.00032     0.00135     0.00158
52167     0.00002     0.00139     0.00161
52197    -0.00055     0.00144     0.00143
52228    -0.00106     0.00133     0.00095
52258    -0.00151     0.00069     0.00047
52289    -0.00186     0.00027    -0.00014
52320    -0.00227     0.00009    -0.00031
52348    -0.00262    -0.00001    -0.00032
52379    -0.00253    -0.00052    -0.00017
52409    -0.00189    -0.00054     0.00056
52440    -0.00023    -0.00057     0.00149
52470     0.00114    -0.00003     0.00206
52501     0.00198     0.00055     0.00206
52532     0.00157     0.00091     0.00188
52562     0.00053     0.00088     0.00136
52593    -0.00014     0.00053     0.00068
52623    -0.00067     0.00021     0.00030
52654    -0.00084    -0.00013    -0.00021
52685    -0.00113    -0.00032    -0.00048
52713    -0.00122    -0.00050    -0.00044
52744    -0.00090    -0.00078    -0.00030
52774    -0.00035    -0.00095     0.00041
52805     0.00076    -0.00105     0.00118
52835     0.00209    -0.00026     0.00157
52866     0.00256     0.00051     0.00155
52897     0.00213     0.00099     0.00138
52927     0.00125     0.00096     0.00128
52958     0.00011     0.00056     0.00087
52988    -0.00044     0.00023     0.00044
53019    -0.00059    -0.00025    -0.00005
53050    -0.00048    -0.00052    -0.00046
53079    -0.00060    -0.00070    -0.00059
53110    -0.00022    -0.00085    -0.00071
53140     0.00022    -0.00093    -0.00010
53171     0.00114    -0.00063     0.00070
53201     0.00263    -0.00033     0.00116
53232     0.00314     0.00030     0.00118
53263     0.00265     0.00063     0.00117
53293     0.00162     0.00050     0.00095
53324     0.00080    -0.00001     0.00050
53354     0.00038    -0.00026    -0.00028
53385    -0.00014    -0.00055    -0.00069
53416    -0.00052    -0.00097    -0.00094
53444    -0.00070    -0.00129    -0.00113
53475    -0.00051    -0.00141    -0.00082
53505     0.00032    -0.00136    -0.00048
53536     0.00154    -0.00121     0.00036
53566     0.00283    -0.00045     0.00106
53597     0.00332     0.00033     0.00132
53628     0.00274     0.00085     0.00133
53658     0.00188     0.00072     0.00131
53689     0.00114     0.00042     0.00119
53719     0.00077    -0.00052     0.00071
53750     0.00072    -0.00111     0.00024
53781     0.00051    -0.00131    -0.00016
53809     0.00027    -0.00143    -0.00050
53840     0.00059    -0.00150    -0.00048
53870     0.00117    -0.00132     0.00007
53901     0.00217    -0.00088     0.00091
53931     0.00318    -0.00013     0.00168
53962     0.00363     0.00046     0.00157
53993     0.00313     0.00066     0.00142
54023     0.00228     0.00027     0.00127
54054     0.00151    -0.00036     0.00063
54084     0.00102    -0.00077     0.00018
54115     0.00062    -0.00104    -0.00005
54146     0.00023    -0.00107    -0.00038
54174     0.00001    -0.00130    -0.00035
54205     0.00029    -0.00166    -0.00010
54235     0.00095    -0.00152     0.00023
54266     0.00209    -0.00098     0.00090
54296     0.00320    -0.00003     0.00117
54327     0.00377     0.00065     0.00089
54358     0.00335     0.00103     0.00060
54388     0.00241     0.00093     0.00054
54419     0.00191     0.00057     0.00005
54449     0.00125     0.00000    -0.00043
54480     0.00095    -0.00055    -0.00092
54511     0.00050    -0.00080    -0.00110
54540     0.00011    -0.00121    -0.00117
54571     0.00003    -0.00124    -0.00102
54601     0.00071    -0.00127    -0.00034
54632     0.00183    -0.00088     0.00037
54662     0.00288    -0.00024     0.00074
54693     0.00332     0.00051     0.00063
54724     0.00307     0.00070     0.00042
54754     0.00236     0.00067     0.00023
54785     0.00154     0.00064     0.00001
54815     0.00094    -0.00010    -0.00037
54846     0.00044    -0.00048    -0.00072
54877     0.00016    -0.00058    -0.00119
54905    -0.00052    -0.00076    -0.00129
54936    -0.00052    -0.00101    -0.00111
54966     0.00030    -0.00100    -0.00049
54997     0.00173    -0.00082     0.00037
55027     0.00309    -0.00026     0.00076
55058     0.00361     0.00035     0.00071
55089     0.00334     0.00067     0.00061
55119     0.00255     0.00056     0.00050
55150     0.00174     0.00005    -0.00020
55180     0.00123    -0.00039    -0.00074
55211     0.00090    -0.00052    -0.00128
55242     0.00035    -0.00064    -0.00133
55270     0.00023    -0.00066    -0.00151
55301     0.00042    -0.00081    -0.00120
55331     0.00106    -0.00078    -0.00071
55362     0.00215    -0.00055    -0.00001
55392     0.00343     0.00004     0.00057
55423     0.00393     0.00092     0.00056
55454     0.00327     0.00155     0.00040
55484     0.00235     0.00160     0.00035
55515     0.00140     0.00113     0.00003
55545     0.00036     0.00063    -0.00050
55576    -0.00025     0.00009    -0.00090
55607    -0.00078    -0.00018    -0.00109
55635    -0.00115    -0.00052    -0.00111
55666    -0.00108    -0.00085    -0.00072
55696    -0.00012    -0.00093    -0.00020
55727     0.00147    -0.00040     0.00056
55757     0.00260     0.00030     0.00118
55788     0.00295     0.00103     0.00130
55819     0.00262     0.00138     0.00111
55849     0.00220     0.00112     0.00069
55880     0.00155     0.00069     0.00032
55910     0.00086     0.00026     0.00008
55941     0.00045    -0.00009    -0.00033
55972     0.00008    -0.00038    -0.00041
56001    -0.00006    -0.00042    -0.00020
56032     0.00006    -0.00072    -0.00003
56062     0.00069    -0.00075     0.00027
56093     0.00206    -0.00051     0.00092
56123     0.00330     0.00021     0.00116
56154     0.00350     0.00106     0.00106
56185     0.00257     0.00179     0.00077
56215     0.00157     0.00147     0.00054
56246     0.00089     0.00122    -0.00005
56276     0.00034     0.00078    -0.00053
56307    -0.00021     0.00029    -0.00085
56338    -0.00058    -0.00001    -0.00112
56366    -0.00084    -0.00030    -0.00105
56397    -0.00050    -0.00055    -0.00101
56427     0.00048    -0.00062    -0.00039
56458     0.00143    -0.00061     0.00049
56488     0.00236     0.00007     0.00108
56519     0.00271     0.00070     0.00122
56550     0.00212     0.00103     0.00124
56580     0.00105     0.00100     0.00113
56611     0.00014     0.00049     0.00090
56641    -0.00043     0.00003     0.00057
56672    -0.00078    -0.00029     0.00014
56703    -0.00107    -0.00060    -0.00006
56731    -0.00109    -0.00108    -0.00016
56762    -0.00076    -0.00126     0.00010
56792     0.00013    -0.00134     0.00031
56823     0.00090    -0.00114     0.00093
56853     0.00177    -0.00049     0.00136
56884     0.00238     0.00040     0.00121
56915     0.00193     0.00089     0.00097
56945     0.00111     0.00075     0.00065
56976     0.00019     0.00030     0.00031
57006    -0.00047    -0.00026     0.00005
57037    -0.00107    -0.00030    -0.00021
57068    -0.00164    -0.00067    -0.00046
57096    -0.00201    -0.00095    -0.00054
57127    -0.00179    -0.00105    -0.00047
57157    -0.00090    -0.00126     0.00005
57188     0.00060    -0.00116     0.00072
57218     0.00195    -0.00080     0.00113
57249     0.00218     0.00011     0.00109
57280     0.00122     0.00077     0.00097
57310    -0.00004     0.00096     0.00077
57341    -0.00107     0.00097     0.00036
57371    -0.00192     0.00103    -0.00010
57402    -0.00227     0.00070    -0.00061
57433    -0.00267     0.00029    -0.00084
57462    -0.00280    -0.00023    -0.00108
57493    -0.00243    -0.00045    -0.00114
57523    -0.00137    -0.00041    -0.00083
57554     0.00019    -0.00015    -0.00020
