# Hydrology loading displacements computed from the monthly GLDAS NOAH model
# This is a product of the Hydrology loading service: http://lacerta.gsfc.nasa.gov/hydlo/
# Displacements are with respect to the center of mass of the total earth
#
# Created for VieVS on 17.03.2017 at 11:46:08 local time
# OFFSET + TREND REMOVED!!! - Hana 
# mjd up (meters) eastwest (meters) northsouth (meters)
43888    -0.00245     0.00040     0.00007
43919    -0.00349     0.00046     0.00004
43947    -0.00298     0.00053    -0.00020
43978    -0.00208     0.00076    -0.00030
44008    -0.00038     0.00085     0.00010
44039     0.00124     0.00062     0.00062
44069     0.00215    -0.00046     0.00100
44100     0.00240    -0.00116     0.00096
44131     0.00222    -0.00121     0.00071
44161     0.00164    -0.00111     0.00055
44192    -0.00003    -0.00059     0.00053
44222    -0.00113     0.00003     0.00056
44253    -0.00205     0.00064     0.00058
44284    -0.00233     0.00073     0.00036
44313    -0.00257     0.00057     0.00015
44344    -0.00168     0.00079     0.00022
44374    -0.00031     0.00063     0.00061
44405     0.00105     0.00009     0.00105
44435     0.00177    -0.00089     0.00137
44466     0.00192    -0.00157     0.00129
44497     0.00174    -0.00161     0.00095
44527     0.00132    -0.00116     0.00066
44558     0.00000    -0.00066     0.00048
44588    -0.00124    -0.00018     0.00047
44619    -0.00236     0.00003     0.00059
44650    -0.00260     0.00032     0.00061
44678    -0.00269     0.00052     0.00053
44709    -0.00172     0.00058     0.00041
44739    -0.00061     0.00074     0.00061
44770     0.00139     0.00057     0.00091
44800     0.00211    -0.00045     0.00106
44831     0.00223    -0.00134     0.00100
44862     0.00200    -0.00151     0.00089
44892     0.00144    -0.00140     0.00042
44923     0.00078    -0.00100     0.00008
44953    -0.00053    -0.00028    -0.00005
44984    -0.00187     0.00034    -0.00030
45015    -0.00264     0.00035    -0.00057
45043    -0.00268     0.00041    -0.00059
45074    -0.00179     0.00078    -0.00042
45104    -0.00062     0.00081     0.00008
45135     0.00121     0.00095     0.00072
45165     0.00240     0.00068     0.00134
45196     0.00238    -0.00040     0.00125
45227     0.00225    -0.00091     0.00090
45257     0.00134    -0.00071     0.00069
45288    -0.00009    -0.00083     0.00019
45318    -0.00152    -0.00039    -0.00032
45349    -0.00236     0.00012    -0.00070
45380    -0.00282     0.00063    -0.00094
45408    -0.00231     0.00076    -0.00120
45439    -0.00098     0.00103    -0.00108
45469     0.00056     0.00071    -0.00078
45500     0.00189     0.00043     0.00006
45530     0.00299    -0.00052     0.00056
45561     0.00314    -0.00158     0.00070
45592     0.00305    -0.00215     0.00044
45622     0.00276    -0.00203    -0.00010
45653     0.00209    -0.00141    -0.00048
45683     0.00053    -0.00055    -0.00080
45714    -0.00069    -0.00037    -0.00081
45745    -0.00126    -0.00005    -0.00078
45774    -0.00112     0.00026    -0.00083
45805    -0.00048     0.00088    -0.00042
45835     0.00078     0.00087     0.00001
45866     0.00216     0.00041     0.00039
45896     0.00356    -0.00042     0.00064
45927     0.00388    -0.00114     0.00069
45958     0.00357    -0.00134     0.00062
45988     0.00243    -0.00117     0.00032
46019     0.00146    -0.00049    -0.00013
46049     0.00033     0.00002    -0.00037
46080    -0.00124     0.00085    -0.00037
46111    -0.00223     0.00110    -0.00028
46139    -0.00219     0.00102    -0.00049
46170    -0.00138     0.00111    -0.00013
46200    -0.00029     0.00098     0.00014
46231     0.00127     0.00061     0.00070
46261     0.00194    -0.00006     0.00116
46292     0.00223    -0.00070     0.00099
46323     0.00227    -0.00111     0.00060
46353     0.00238    -0.00095     0.00004
46384     0.00144    -0.00041    -0.00027
46414     0.00001     0.00020    -0.00037
46445    -0.00154     0.00041    -0.00028
46476    -0.00251     0.00076    -0.00040
46504    -0.00284     0.00097    -0.00043
46535    -0.00184     0.00093    -0.00022
46565    -0.00002     0.00103     0.00006
46596     0.00168     0.00114     0.00077
46626     0.00283     0.00005     0.00103
46657     0.00299    -0.00092     0.00104
46688     0.00265    -0.00092     0.00085
46718     0.00218    -0.00056     0.00056
46749     0.00107    -0.00036     0.00034
46779    -0.00001     0.00006    -0.00002
46810    -0.00116     0.00048    -0.00008
46841    -0.00189     0.00065    -0.00024
46869    -0.00231     0.00082    -0.00051
46900    -0.00167     0.00116    -0.00029
46930    -0.00008     0.00117     0.00003
46961     0.00087     0.00081     0.00058
46991     0.00224     0.00018     0.00095
47022     0.00246    -0.00059     0.00092
47053     0.00213    -0.00108     0.00067
47083     0.00151    -0.00118     0.00048
47114     0.00087    -0.00093     0.00019
47144    -0.00023    -0.00019     0.00009
47175    -0.00127     0.00034    -0.00023
47206    -0.00186     0.00066    -0.00030
47235    -0.00230     0.00073    -0.00010
47266    -0.00125     0.00081     0.00010
47296    -0.00005     0.00044     0.00032
47327     0.00115     0.00012     0.00101
47357     0.00191    -0.00065     0.00122
47388     0.00184    -0.00154     0.00095
47419     0.00143    -0.00191     0.00059
47449     0.00122    -0.00165     0.00035
47480     0.00048    -0.00091     0.00009
47510    -0.00089    -0.00021    -0.00002
47541    -0.00159     0.00023    -0.00029
47572    -0.00181     0.00041    -0.00051
47600    -0.00179     0.00040    -0.00074
47631    -0.00100     0.00028    -0.00054
47661     0.00015     0.00030    -0.00009
47692     0.00187     0.00017     0.00044
47722     0.00262    -0.00050     0.00098
47753     0.00260    -0.00107     0.00113
47784     0.00236    -0.00128     0.00084
47814     0.00168    -0.00118     0.00050
47845     0.00102    -0.00071     0.00009
47875    -0.00051    -0.00001     0.00012
47906    -0.00167     0.00038    -0.00003
47937    -0.00247     0.00057    -0.00036
47965    -0.00188     0.00061    -0.00073
47996    -0.00093     0.00059    -0.00043
48026     0.00016     0.00062    -0.00003
48057     0.00175     0.00016     0.00036
48087     0.00272    -0.00057     0.00068
48118     0.00312    -0.00109     0.00071
48149     0.00285    -0.00121     0.00057
48179     0.00235    -0.00115     0.00007
48210     0.00111    -0.00081    -0.00038
48240    -0.00051    -0.00027    -0.00068
48271    -0.00139     0.00000    -0.00090
48302    -0.00184    -0.00007    -0.00084
48330    -0.00248     0.00022    -0.00098
48361    -0.00191     0.00064    -0.00073
48391    -0.00115     0.00099    -0.00033
48422     0.00030     0.00051     0.00042
48452     0.00171    -0.00008     0.00079
48483     0.00193    -0.00094     0.00086
48514     0.00213    -0.00111     0.00052
48544     0.00152    -0.00099     0.00022
48575     0.00063    -0.00068    -0.00016
48605    -0.00039    -0.00033    -0.00060
48636    -0.00122     0.00025    -0.00093
48667    -0.00168     0.00071    -0.00119
48696    -0.00148     0.00106    -0.00149
48727    -0.00120     0.00135    -0.00122
48757     0.00016     0.00118    -0.00071
48788     0.00136     0.00094    -0.00001
48818     0.00224     0.00025     0.00032
48849     0.00268    -0.00057     0.00025
48880     0.00252    -0.00071     0.00003
48910     0.00175    -0.00081    -0.00016
48941     0.00037    -0.00029    -0.00048
48971    -0.00042     0.00037    -0.00051
49002    -0.00119     0.00059    -0.00071
49033    -0.00160     0.00060    -0.00082
49061    -0.00193     0.00074    -0.00092
49092    -0.00155     0.00104    -0.00079
49122    -0.00050     0.00080    -0.00053
49153     0.00098     0.00051    -0.00001
49183     0.00195    -0.00010     0.00009
49214     0.00212    -0.00095     0.00004
49245     0.00163    -0.00122    -0.00018
49275     0.00094    -0.00113    -0.00030
49306     0.00001    -0.00067    -0.00057
49336    -0.00117    -0.00015    -0.00070
49367    -0.00238     0.00057    -0.00068
49398    -0.00281     0.00091    -0.00070
49426    -0.00245     0.00092    -0.00089
49457    -0.00172     0.00111    -0.00079
49487    -0.00066     0.00120    -0.00048
49518     0.00066     0.00097    -0.00003
49548     0.00174     0.00008    -0.00011
49579     0.00175    -0.00070    -0.00018
49610     0.00114    -0.00106    -0.00040
49640     0.00041    -0.00067    -0.00066
49671    -0.00086    -0.00007    -0.00095
49701    -0.00176     0.00031    -0.00140
49732    -0.00286     0.00042    -0.00160
49763    -0.00335     0.00035    -0.00177
49791    -0.00337     0.00044    -0.00180
49822    -0.00254     0.00091    -0.00152
49852    -0.00124     0.00108    -0.00113
49883     0.00014     0.00081    -0.00067
49913     0.00121    -0.00006    -0.00045
49944     0.00115    -0.00108    -0.00062
49975     0.00046    -0.00151    -0.00070
50005    -0.00015    -0.00127    -0.00099
50036    -0.00079    -0.00065    -0.00140
50066    -0.00182     0.00015    -0.00128
50097    -0.00333     0.00057    -0.00126
50128    -0.00435     0.00073    -0.00139
50157    -0.00465     0.00064    -0.00142
50188    -0.00388     0.00076    -0.00109
50218    -0.00228     0.00109    -0.00032
50249    -0.00058     0.00125     0.00084
50279     0.00094     0.00140     0.00178
50310     0.00173     0.00144     0.00248
50341     0.00156     0.00154     0.00280
50371     0.00087     0.00154     0.00270
50402     0.00017     0.00168     0.00226
50432    -0.00121     0.00165     0.00181
50463    -0.00224     0.00164     0.00122
50494    -0.00322     0.00154     0.00053
50522    -0.00378     0.00153    -0.00000
50553    -0.00381     0.00141     0.00019
50583    -0.00310     0.00122     0.00030
50614    -0.00142     0.00104     0.00051
50644    -0.00019     0.00028     0.00046
50675     0.00039    -0.00052     0.00026
50706     0.00005    -0.00091    -0.00023
50736    -0.00141    -0.00085    -0.00069
50767    -0.00326    -0.00068    -0.00110
50797    -0.00486    -0.00038    -0.00137
50828    -0.00527    -0.00006    -0.00177
50859    -0.00497     0.00027    -0.00218
50887    -0.00468     0.00049    -0.00259
50918    -0.00374     0.00063    -0.00248
50948    -0.00201     0.00058    -0.00220
50979    -0.00040     0.00037    -0.00164
51009     0.00047    -0.00069    -0.00147
51040     0.00053    -0.00159    -0.00132
51071    -0.00014    -0.00199    -0.00135
51101    -0.00104    -0.00177    -0.00175
51132    -0.00154    -0.00102    -0.00215
51162    -0.00229    -0.00029    -0.00223
51193    -0.00292     0.00023    -0.00236
51224    -0.00340     0.00051    -0.00226
51252    -0.00323     0.00063    -0.00204
51283    -0.00220     0.00082    -0.00168
51313    -0.00087     0.00081    -0.00143
51344     0.00079     0.00042    -0.00110
51374     0.00170    -0.00000    -0.00081
51405     0.00142    -0.00088    -0.00073
51436     0.00111    -0.00112    -0.00082
51466     0.00063    -0.00111    -0.00096
51497    -0.00002    -0.00087    -0.00093
51527    -0.00101    -0.00034    -0.00075
51558    -0.00195     0.00057    -0.00021
51589    -0.00231     0.00104     0.00007
51618    -0.00215     0.00113     0.00011
51649    -0.00177     0.00122     0.00010
51679    -0.00067     0.00066    -0.00003
51710     0.00109     0.00015    -0.00025
51740     0.00231    -0.00021    -0.00004
51771     0.00260    -0.00082     0.00001
51802     0.00248    -0.00082    -0.00008
51832     0.00172    -0.00081    -0.00034
51863     0.00114    -0.00031    -0.00045
51893     0.00058     0.00008    -0.00022
51924    -0.00001     0.00052    -0.00043
51955    -0.00042     0.00046    -0.00074
51983    -0.00056     0.00066    -0.00083
52014    -0.00039     0.00075    -0.00060
52044     0.00071     0.00058    -0.00037
52075     0.00204     0.00026    -0.00018
52105     0.00305    -0.00042     0.00010
52136     0.00329    -0.00129     0.00015
52167     0.00290    -0.00138     0.00005
52197     0.00238    -0.00143    -0.00018
52228     0.00164    -0.00122    -0.00028
52258     0.00071    -0.00036    -0.00033
52289    -0.00013     0.00025    -0.00022
52320    -0.00033     0.00049    -0.00029
52348    -0.00035     0.00058    -0.00049
52379     0.00005     0.00108    -0.00050
52409     0.00127     0.00097    -0.00040
52440     0.00288     0.00076    -0.00002
52470     0.00378    -0.00008     0.00025
52501     0.00353    -0.00085     0.00046
52532     0.00300    -0.00114     0.00037
52562     0.00175    -0.00094     0.00001
52593     0.00060    -0.00045    -0.00010
52623    -0.00028    -0.00001    -0.00004
52654    -0.00112     0.00047     0.00020
52685    -0.00161     0.00081     0.00025
52713    -0.00128     0.00111     0.00022
52744    -0.00082     0.00129     0.00036
52774     0.00075     0.00132     0.00024
52805     0.00224     0.00119     0.00036
52835     0.00320     0.00020     0.00055
52866     0.00323    -0.00069     0.00056
52897     0.00269    -0.00122     0.00028
52927     0.00198    -0.00117    -0.00000
52958     0.00077    -0.00066    -0.00024
52988    -0.00030    -0.00028    -0.00021
53019    -0.00120     0.00038     0.00004
53050    -0.00153     0.00084     0.00028
53079    -0.00165     0.00106     0.00033
53110    -0.00164     0.00107     0.00059
53140    -0.00055     0.00106     0.00051
53171     0.00091     0.00065     0.00049
53201     0.00207     0.00005     0.00068
53232     0.00217    -0.00080     0.00066
53263     0.00202    -0.00123     0.00018
53293     0.00145    -0.00103    -0.00011
53324     0.00028    -0.00042    -0.00021
53354    -0.00092     0.00004     0.00004
53385    -0.00158     0.00052     0.00008
53416    -0.00208     0.00112     0.00002
53444    -0.00236     0.00155     0.00000
53475    -0.00168     0.00156     0.00009
53505    -0.00085     0.00143     0.00021
53536     0.00055     0.00113     0.00045
53566     0.00185     0.00013     0.00065
53597     0.00211    -0.00088     0.00060
53628     0.00182    -0.00141     0.00039
53658     0.00147    -0.00125     0.00006
53689     0.00111    -0.00089    -0.00015
53719     0.00016     0.00023     0.00007
53750    -0.00042     0.00098     0.00024
53781    -0.00105     0.00122     0.00025
53809    -0.00139     0.00142     0.00048
53840    -0.00079     0.00153     0.00067
53870     0.00014     0.00123     0.00063
53901     0.00146     0.00063     0.00078
53931     0.00286    -0.00031     0.00092
53962     0.00269    -0.00104     0.00100
53993     0.00209    -0.00136     0.00069
54023     0.00144    -0.00090     0.00050
54054     0.00057    -0.00014     0.00038
54084    -0.00000     0.00033     0.00038
54115    -0.00032     0.00078     0.00041
54146    -0.00091     0.00091     0.00049
54174    -0.00101     0.00113     0.00041
54205    -0.00047     0.00144     0.00045
54235     0.00042     0.00123     0.00049
54266     0.00163     0.00056     0.00066
54296     0.00238    -0.00055     0.00077
54327     0.00206    -0.00134     0.00081
54358     0.00147    -0.00174     0.00047
54388     0.00110    -0.00154     0.00028
54419     0.00004    -0.00100     0.00054
54449    -0.00091    -0.00024     0.00064
54480    -0.00151     0.00042     0.00073
54511    -0.00154     0.00087     0.00058
54540    -0.00153     0.00136     0.00040
54571    -0.00140     0.00135     0.00037
54601    -0.00018     0.00127     0.00041
54632     0.00114     0.00070     0.00054
54662     0.00195    -0.00020     0.00067
54693     0.00188    -0.00109     0.00058
54724     0.00140    -0.00140     0.00018
54754     0.00057    -0.00132    -0.00010
54785    -0.00008    -0.00129    -0.00027
54815    -0.00112    -0.00047    -0.00009
54846    -0.00187     0.00004    -0.00001
54877    -0.00259     0.00030     0.00020
54905    -0.00266     0.00066     0.00010
54936    -0.00216     0.00089    -0.00002
54966    -0.00086     0.00078    -0.00001
54997     0.00081     0.00047     0.00030
55027     0.00170    -0.00030     0.00056
55058     0.00187    -0.00108     0.00053
55089     0.00136    -0.00153     0.00040
55119     0.00059    -0.00138     0.00019
55150    -0.00064    -0.00062     0.00019
55180    -0.00144     0.00003     0.00032
55211    -0.00258     0.00030     0.00050
55242    -0.00300     0.00053     0.00027
55270    -0.00321     0.00060     0.00037
55301    -0.00228     0.00073     0.00036
55331    -0.00127     0.00064     0.00033
55362     0.00001     0.00031     0.00047
55392     0.00132    -0.00045     0.00065
55423     0.00147    -0.00154     0.00066
55454     0.00095    -0.00226     0.00024
55484     0.00021    -0.00230    -0.00011
55515    -0.00079    -0.00171    -0.00021
55545    -0.00166    -0.00104    -0.00029
55576    -0.00204    -0.00026    -0.00025
55607    -0.00251     0.00017    -0.00028
55635    -0.00243     0.00058    -0.00032
55666    -0.00151     0.00095    -0.00035
55696    -0.00050     0.00091    -0.00023
55727     0.00080     0.00023     0.00012
55757     0.00200    -0.00065     0.00036
55788     0.00219    -0.00155     0.00046
55819     0.00189    -0.00207     0.00020
55849     0.00111    -0.00178     0.00015
55880     0.00045    -0.00131     0.00013
55910    -0.00003    -0.00071     0.00009
55941    -0.00091    -0.00018     0.00019
55972    -0.00146     0.00024     0.00022
56001    -0.00119     0.00040     0.00016
56032    -0.00076     0.00063     0.00016
56062    -0.00002     0.00060     0.00019
56093     0.00118     0.00024     0.00057
56123     0.00206    -0.00074     0.00080
56154     0.00200    -0.00174     0.00069
56185     0.00142    -0.00247     0.00035
56215     0.00078    -0.00208     0.00011
56246    -0.00044    -0.00176     0.00002
56276    -0.00138    -0.00111     0.00007
56307    -0.00195    -0.00041     0.00010
56338    -0.00253     0.00007     0.00011
56366    -0.00275     0.00036     0.00011
56397    -0.00243     0.00062     0.00031
56427    -0.00088     0.00059     0.00041
56458     0.00073     0.00039     0.00042
56488     0.00211    -0.00050     0.00050
56519     0.00258    -0.00131     0.00040
56550     0.00239    -0.00159     0.00024
56580     0.00201    -0.00137    -0.00000
56611     0.00166    -0.00065    -0.00007
56641     0.00119    -0.00005    -0.00004
56672     0.00070     0.00037     0.00021
56703     0.00009     0.00072     0.00047
56731     0.00014     0.00126     0.00060
56762     0.00071     0.00144     0.00069
56792     0.00104     0.00147     0.00080
56823     0.00209     0.00119     0.00079
56853     0.00284     0.00037     0.00090
56884     0.00249    -0.00067     0.00098
56915     0.00186    -0.00113     0.00063
56945     0.00104    -0.00093     0.00026
56976     0.00037    -0.00041     0.00003
57006    -0.00021     0.00030    -0.00010
57037    -0.00077     0.00052    -0.00019
57068    -0.00155     0.00095    -0.00027
57096    -0.00185     0.00122    -0.00033
57127    -0.00130     0.00134    -0.00025
57157     0.00005     0.00147    -0.00014
57188     0.00143     0.00119     0.00005
57218     0.00247     0.00064     0.00033
57249     0.00225    -0.00043     0.00033
57280     0.00154    -0.00108     0.00011
57310     0.00066    -0.00114    -0.00023
57341    -0.00013    -0.00092    -0.00067
57371    -0.00078    -0.00072    -0.00095
57402    -0.00141    -0.00015    -0.00082
57433    -0.00183     0.00044    -0.00072
57462    -0.00218     0.00102    -0.00064
57493    -0.00181     0.00122    -0.00056
57523    -0.00114     0.00107    -0.00043
57554    -0.00007     0.00059    -0.00012
