# Hydrology loading displacements computed from the monthly GLDAS NOAH model
# This is a product of the Hydrology loading service: http://lacerta.gsfc.nasa.gov/hydlo/
# Displacements are with respect to the center of mass of the total earth
#
# Created for VieVS on 17.03.2017 at 11:46:08 local time
# OFFSET + TREND REMOVED!!! - Hana 
# mjd up (meters) eastwest (meters) northsouth (meters)
43888    -0.00524    -0.00103    -0.00025
43919    -0.00618    -0.00152    -0.00071
43947    -0.00631    -0.00127    -0.00068
43978    -0.00484    -0.00092    -0.00033
44008    -0.00292    -0.00032     0.00063
44039    -0.00162     0.00021     0.00148
44069     0.00217     0.00043     0.00140
44100     0.00321     0.00035     0.00112
44131     0.00141     0.00053     0.00082
44161    -0.00057     0.00093     0.00078
44192    -0.00189     0.00044     0.00046
44222    -0.00235    -0.00026     0.00023
44253    -0.00328    -0.00068     0.00002
44284    -0.00325    -0.00084    -0.00035
44313    -0.00378    -0.00098    -0.00057
44344    -0.00428    -0.00063    -0.00004
44374    -0.00180     0.00009     0.00075
44405     0.00079     0.00055     0.00151
44435     0.00332     0.00070     0.00154
44466     0.00446     0.00060     0.00153
44497     0.00479     0.00052     0.00135
44527     0.00410     0.00069     0.00120
44558     0.00231     0.00046     0.00075
44588     0.00052    -0.00003     0.00043
44619     0.00070    -0.00041     0.00028
44650    -0.00093    -0.00083     0.00005
44678    -0.00168    -0.00108    -0.00022
44709    -0.00137    -0.00095     0.00009
44739    -0.00064    -0.00063     0.00091
44770    -0.00075    -0.00000     0.00188
44800     0.00234     0.00042     0.00173
44831     0.00447     0.00044     0.00119
44862     0.00432     0.00048     0.00097
44892     0.00396     0.00067     0.00066
44923     0.00195     0.00059     0.00027
44953     0.00002     0.00022    -0.00007
44984    -0.00344    -0.00046    -0.00075
45015    -0.00579    -0.00087    -0.00113
45043    -0.00557    -0.00075    -0.00115
45074    -0.00392    -0.00045    -0.00044
45104    -0.00134    -0.00024     0.00030
45135    -0.00061     0.00015     0.00163
45165     0.00175     0.00037     0.00242
45196     0.00334     0.00044     0.00159
45227     0.00421     0.00056     0.00121
45257     0.00342     0.00036     0.00083
45288     0.00159     0.00013    -0.00002
45318    -0.00242    -0.00060    -0.00067
45349    -0.00356    -0.00067    -0.00109
45380    -0.00526    -0.00085    -0.00141
45408    -0.00551    -0.00040    -0.00142
45439    -0.00631     0.00007    -0.00070
45469    -0.00420     0.00054     0.00022
45500    -0.00143     0.00102     0.00142
45530     0.00286     0.00147     0.00157
45561     0.00738     0.00153     0.00112
45592     0.00936     0.00177     0.00058
45622     0.00775     0.00187     0.00028
45653     0.00370     0.00153     0.00015
45683    -0.00233     0.00077    -0.00035
45714    -0.00415     0.00030    -0.00091
45745    -0.00510     0.00018    -0.00100
45774    -0.00624     0.00017    -0.00081
45805    -0.00586    -0.00003    -0.00002
45835    -0.00382     0.00027     0.00090
45866     0.00003     0.00095     0.00148
45896     0.00231     0.00162     0.00157
45927     0.00245     0.00193     0.00098
45958     0.00392     0.00205     0.00091
45988     0.00310     0.00180     0.00072
46019     0.00011     0.00116     0.00070
46049    -0.00277     0.00057     0.00034
46080    -0.00486    -0.00024     0.00020
46111    -0.00604    -0.00096    -0.00051
46139    -0.00521    -0.00081    -0.00057
46170    -0.00331    -0.00068     0.00023
46200    -0.00129    -0.00027     0.00071
46231     0.00026     0.00040     0.00166
46261     0.00317     0.00052     0.00181
46292     0.00383     0.00049     0.00107
46323     0.00498     0.00076     0.00069
46353     0.00431     0.00103     0.00048
46384    -0.00170     0.00065     0.00021
46414    -0.00455    -0.00009    -0.00009
46445    -0.00376    -0.00057    -0.00053
46476    -0.00541    -0.00086    -0.00074
46504    -0.00514    -0.00101    -0.00074
46535    -0.00237    -0.00066    -0.00021
46565     0.00037    -0.00003     0.00081
46596     0.00204     0.00030     0.00208
46626     0.00553     0.00079     0.00229
46657     0.00751     0.00116     0.00179
46688     0.00734     0.00109     0.00156
46718     0.00578     0.00060     0.00160
46749     0.00331     0.00011     0.00098
46779    -0.00046    -0.00039     0.00047
46810    -0.00287    -0.00064    -0.00007
46841    -0.00402    -0.00073    -0.00053
46869    -0.00437    -0.00082    -0.00100
46900    -0.00441    -0.00054    -0.00048
46930    -0.00162     0.00030     0.00033
46961     0.00128     0.00049     0.00097
46991     0.00388     0.00095     0.00149
47022     0.00720     0.00107     0.00123
47053     0.00741     0.00117     0.00082
47083     0.00755     0.00127     0.00056
47114     0.00671     0.00128     0.00028
47144     0.00403     0.00071     0.00010
47175     0.00088    -0.00004    -0.00047
47206    -0.00089    -0.00054    -0.00073
47235    -0.00096    -0.00097    -0.00079
47266    -0.00008    -0.00071    -0.00030
47296     0.00191     0.00004     0.00019
47327     0.00581     0.00088     0.00104
47357     0.00937     0.00114     0.00093
47388     0.01011     0.00100     0.00032
47419     0.00907     0.00090    -0.00029
47449     0.00754     0.00093    -0.00034
47480     0.00499     0.00068    -0.00028
47510     0.00285     0.00012    -0.00054
47541     0.00020    -0.00066    -0.00088
47572    -0.00109    -0.00107    -0.00113
47600    -0.00263    -0.00093    -0.00141
47631    -0.00256    -0.00068    -0.00110
47661    -0.00203    -0.00021    -0.00021
47692    -0.00117     0.00039     0.00098
47722     0.00083     0.00050     0.00111
47753     0.00294     0.00055     0.00093
47784     0.00237     0.00039     0.00057
47814     0.00069     0.00042    -0.00004
47845    -0.00041     0.00049    -0.00023
47875    -0.00159    -0.00030    -0.00058
47906    -0.00316    -0.00096    -0.00092
47937    -0.00481    -0.00140    -0.00128
47965    -0.00408    -0.00110    -0.00154
47996    -0.00309    -0.00072    -0.00094
48026    -0.00208    -0.00045     0.00012
48057    -0.00061     0.00029     0.00091
48087     0.00303     0.00061     0.00130
48118     0.00464     0.00086     0.00129
48149     0.00503     0.00091     0.00119
48179     0.00255     0.00084     0.00069
48210     0.00019     0.00075    -0.00009
48240    -0.00194     0.00017    -0.00062
48271    -0.00470    -0.00038    -0.00127
48302    -0.00426    -0.00060    -0.00176
48330    -0.00493    -0.00091    -0.00201
48361    -0.00436    -0.00086    -0.00140
48391    -0.00242    -0.00069    -0.00056
48422     0.00150    -0.00036     0.00029
48452     0.00451     0.00026     0.00058
48483     0.00646     0.00058     0.00013
48514     0.00720     0.00087     0.00009
48544     0.00688     0.00105     0.00004
48575     0.00551     0.00085    -0.00025
48605     0.00179     0.00023    -0.00063
48636    -0.00083    -0.00025    -0.00114
48667    -0.00193    -0.00044    -0.00130
48696    -0.00341    -0.00023    -0.00125
48727    -0.00348    -0.00013    -0.00068
48757    -0.00153     0.00044     0.00022
48788     0.00020     0.00080     0.00101
48818     0.00259     0.00098     0.00134
48849     0.00354     0.00089     0.00103
48880     0.00345     0.00080     0.00086
48910     0.00339     0.00089     0.00035
48941     0.00097     0.00040    -0.00017
48971    -0.00117     0.00006    -0.00034
49002    -0.00277    -0.00036    -0.00079
49033    -0.00318    -0.00069    -0.00127
49061    -0.00532    -0.00084    -0.00146
49092    -0.00537    -0.00065    -0.00108
49122    -0.00270    -0.00024    -0.00043
49153     0.00007     0.00022     0.00055
49183     0.00281     0.00042     0.00071
49214     0.00602     0.00063     0.00025
49245     0.00656     0.00062    -0.00011
49275     0.00555     0.00070    -0.00016
49306     0.00354     0.00050    -0.00046
49336    -0.00004     0.00012    -0.00065
49367    -0.00306    -0.00060    -0.00102
49398    -0.00564    -0.00119    -0.00130
49426    -0.00687    -0.00096    -0.00145
49457    -0.00579    -0.00077    -0.00097
49487    -0.00392    -0.00050    -0.00024
49518    -0.00123    -0.00014     0.00044
49548    -0.00029     0.00004     0.00022
49579     0.00007     0.00003    -0.00021
49610     0.00064     0.00004    -0.00063
49640     0.00061    -0.00000    -0.00078
49671    -0.00084    -0.00047    -0.00112
49701    -0.00307    -0.00083    -0.00171
49732    -0.00442    -0.00115    -0.00223
49763    -0.00495    -0.00133    -0.00281
49791    -0.00505    -0.00146    -0.00288
49822    -0.00378    -0.00130    -0.00198
49852    -0.00346    -0.00114    -0.00097
49883    -0.00202    -0.00062    -0.00040
49913     0.00057    -0.00012    -0.00047
49944     0.00262    -0.00025    -0.00109
49975     0.00430    -0.00014    -0.00163
50005     0.00260    -0.00008    -0.00179
50036     0.00005    -0.00016    -0.00196
50066    -0.00127    -0.00066    -0.00187
50097    -0.00270    -0.00138    -0.00233
50128    -0.00369    -0.00178    -0.00283
50157    -0.00391    -0.00191    -0.00301
50188    -0.00301    -0.00171    -0.00248
50218    -0.00170    -0.00102    -0.00085
50249     0.00093    -0.00053     0.00075
50279     0.00440     0.00023     0.00212
50310     0.00664     0.00070     0.00290
50341     0.00790     0.00074     0.00302
50371     0.00790     0.00063     0.00267
50402     0.00647     0.00024     0.00216
50432     0.00439    -0.00023     0.00130
50463     0.00184    -0.00088     0.00045
50494    -0.00078    -0.00145    -0.00055
50522    -0.00325    -0.00204    -0.00117
50553    -0.00359    -0.00244    -0.00124
50583    -0.00334    -0.00243    -0.00088
50614    -0.00241    -0.00185    -0.00018
50644    -0.00021    -0.00108    -0.00023
50675     0.00182    -0.00046    -0.00045
50706     0.00167    -0.00029    -0.00092
50736     0.00028    -0.00077    -0.00170
50767    -0.00233    -0.00139    -0.00249
50797    -0.00416    -0.00219    -0.00312
50828    -0.00580    -0.00254    -0.00355
50859    -0.00707    -0.00222    -0.00382
50887    -0.00724    -0.00200    -0.00392
50918    -0.00654    -0.00164    -0.00343
50948    -0.00530    -0.00088    -0.00244
50979    -0.00337    -0.00027    -0.00139
51009    -0.00140    -0.00004    -0.00139
51040     0.00146    -0.00017    -0.00184
51071     0.00337    -0.00006    -0.00232
51101     0.00224    -0.00018    -0.00262
51132     0.00133    -0.00030    -0.00278
51162    -0.00066    -0.00069    -0.00286
51193    -0.00418    -0.00120    -0.00296
51224    -0.00551    -0.00135    -0.00287
51252    -0.00539    -0.00132    -0.00264
51283    -0.00416    -0.00099    -0.00188
51313    -0.00207    -0.00051    -0.00111
51344     0.00155     0.00029    -0.00033
51374     0.00389     0.00058    -0.00002
51405     0.00640     0.00059    -0.00034
51436     0.00604     0.00110    -0.00053
51466     0.00344     0.00116    -0.00087
51497     0.00266     0.00092    -0.00097
51527     0.00120     0.00045    -0.00087
51558    -0.00025    -0.00068    -0.00055
51589    -0.00136    -0.00125    -0.00053
51618    -0.00203    -0.00155    -0.00054
51649    -0.00326    -0.00184    -0.00039
51679    -0.00148    -0.00137    -0.00032
51710    -0.00065    -0.00051    -0.00005
51740    -0.00100    -0.00003     0.00006
51771    -0.00103     0.00033    -0.00003
51802    -0.00076     0.00049    -0.00040
51832     0.00029     0.00035    -0.00069
51863     0.00043    -0.00020    -0.00065
51893    -0.00116    -0.00090    -0.00061
51924    -0.00269    -0.00102    -0.00071
51955    -0.00401    -0.00089    -0.00095
51983    -0.00493    -0.00091    -0.00099
52014    -0.00423    -0.00073    -0.00063
52044    -0.00061    -0.00007     0.00011
52075     0.00042     0.00039     0.00058
52105     0.00387     0.00103     0.00075
52136     0.00576     0.00125     0.00028
52167     0.00683     0.00137     0.00009
52197     0.00678     0.00128    -0.00005
52228     0.00676     0.00087    -0.00023
52258     0.00414     0.00017    -0.00017
52289     0.00243    -0.00042    -0.00030
52320     0.00104    -0.00061    -0.00044
52348     0.00006    -0.00056    -0.00047
52379    -0.00103    -0.00054     0.00004
52409    -0.00079    -0.00001     0.00090
52440     0.00207     0.00094     0.00187
52470     0.00545     0.00155     0.00167
52501     0.00820     0.00170     0.00127
52532     0.00898     0.00173     0.00069
52562     0.00612     0.00118     0.00013
52593     0.00199     0.00056    -0.00033
52623    -0.00055     0.00019    -0.00036
52654    -0.00244    -0.00036    -0.00018
52685    -0.00376    -0.00067    -0.00015
52713    -0.00535    -0.00065    -0.00003
52744    -0.00499    -0.00056     0.00040
52774    -0.00438    -0.00011     0.00095
52805    -0.00408     0.00062     0.00155
52835    -0.00120     0.00100     0.00137
52866    -0.00003     0.00111     0.00079
52897     0.00043     0.00105     0.00033
52927    -0.00020     0.00118     0.00021
52958    -0.00237     0.00093     0.00007
52988    -0.00423     0.00053    -0.00000
53019    -0.00469    -0.00007     0.00018
53050    -0.00528    -0.00057     0.00022
53079    -0.00532    -0.00074     0.00034
53110    -0.00463    -0.00081     0.00060
53140    -0.00310    -0.00034     0.00099
53171    -0.00197     0.00005     0.00137
53201     0.00017     0.00049     0.00134
53232     0.00156     0.00079     0.00090
53263     0.00107     0.00099     0.00028
53293    -0.00008     0.00094    -0.00006
53324    -0.00231     0.00028    -0.00010
53354    -0.00453    -0.00056    -0.00018
53385    -0.00546    -0.00092    -0.00007
53416    -0.00586    -0.00103    -0.00012
53444    -0.00655    -0.00112    -0.00004
53475    -0.00598    -0.00077     0.00019
53505    -0.00347    -0.00045     0.00054
53536    -0.00087     0.00026     0.00105
53566     0.00149     0.00097     0.00089
53597     0.00366     0.00133     0.00034
53628     0.00536     0.00148     0.00014
53658     0.00463     0.00173     0.00017
53689     0.00324     0.00176     0.00025
53719    -0.00006     0.00121     0.00051
53750    -0.00233     0.00063     0.00076
53781    -0.00376     0.00011     0.00077
53809    -0.00336    -0.00041     0.00085
53840    -0.00261    -0.00063     0.00119
53870    -0.00117    -0.00013     0.00144
53901     0.00154     0.00077     0.00172
53931     0.00304     0.00161     0.00187
53962     0.00584     0.00148     0.00146
53993     0.00538     0.00148     0.00083
54023     0.00350     0.00132     0.00095
54054     0.00069     0.00076     0.00079
54084    -0.00073     0.00032     0.00063
54115    -0.00315    -0.00017     0.00056
54146    -0.00326    -0.00053     0.00040
54174    -0.00419    -0.00047     0.00056
54205    -0.00428    -0.00029     0.00107
54235    -0.00167     0.00002     0.00130
54266     0.00251     0.00081     0.00152
54296     0.00561     0.00120     0.00119
54327     0.00858     0.00108     0.00083
54358     0.00961     0.00097     0.00023
54388     0.00911     0.00096     0.00011
54419     0.00678     0.00042     0.00016
54449     0.00328    -0.00034     0.00045
54480     0.00025    -0.00097     0.00054
54511    -0.00227    -0.00127     0.00062
54540    -0.00452    -0.00140     0.00067
54571    -0.00437    -0.00126     0.00060
54601    -0.00285    -0.00050     0.00113
54632     0.00029     0.00009     0.00169
54662     0.00319     0.00054     0.00169
54693     0.00633     0.00061     0.00096
54724     0.00683     0.00069     0.00006
54754     0.00698     0.00079    -0.00026
54785     0.00571     0.00075    -0.00057
54815     0.00188     0.00022    -0.00048
54846    -0.00166    -0.00040    -0.00044
54877    -0.00259    -0.00101    -0.00045
54905    -0.00358    -0.00118    -0.00055
54936    -0.00429    -0.00107    -0.00038
54966    -0.00355    -0.00063     0.00012
54997    -0.00152     0.00015     0.00071
55027     0.00175     0.00055     0.00086
55058     0.00278     0.00051     0.00069
55089     0.00464     0.00049     0.00019
55119     0.00225     0.00018    -0.00014
55150    -0.00036    -0.00050    -0.00043
55180    -0.00289    -0.00097    -0.00057
55211    -0.00419    -0.00147    -0.00071
55242    -0.00602    -0.00142    -0.00089
55270    -0.00541    -0.00156    -0.00076
55301    -0.00359    -0.00119    -0.00037
55331    -0.00288    -0.00094     0.00009
55362    -0.00090    -0.00033     0.00060
55392     0.00258     0.00010     0.00086
55423     0.00547     0.00035     0.00039
55454     0.00783     0.00055    -0.00038
55484     0.00721     0.00103    -0.00078
55515     0.00545     0.00077    -0.00093
55545     0.00145     0.00002    -0.00101
55576    -0.00034    -0.00060    -0.00092
55607    -0.00191    -0.00093    -0.00089
55635    -0.00479    -0.00116    -0.00069
55666    -0.00556    -0.00088    -0.00025
55696    -0.00481    -0.00044     0.00045
55727    -0.00043     0.00042     0.00103
55757     0.00337     0.00102     0.00103
55788     0.00681     0.00132     0.00072
55819     0.00706     0.00145     0.00021
55849     0.00549     0.00103     0.00015
55880     0.00326     0.00052     0.00015
55910    -0.00099    -0.00006     0.00003
55941    -0.00268    -0.00048    -0.00017
55972    -0.00339    -0.00060    -0.00019
56001    -0.00357    -0.00038    -0.00015
56032    -0.00235    -0.00019     0.00006
56062    -0.00161     0.00021     0.00044
56093     0.00227     0.00091     0.00097
56123     0.00654     0.00119     0.00088
56154     0.00854     0.00113     0.00028
56185     0.00892     0.00098    -0.00057
56215     0.00731     0.00083    -0.00063
56246     0.00544     0.00046    -0.00066
56276     0.00368    -0.00007    -0.00063
56307     0.00016    -0.00060    -0.00074
56338    -0.00239    -0.00093    -0.00084
56366    -0.00350    -0.00090    -0.00075
56397    -0.00344    -0.00102    -0.00038
56427    -0.00209    -0.00058     0.00011
56458    -0.00095     0.00027     0.00063
56488     0.00056     0.00075     0.00055
56519     0.00268     0.00093     0.00027
56550     0.00436     0.00113     0.00013
56580     0.00387     0.00113     0.00012
56611     0.00239     0.00082     0.00042
56641    -0.00118     0.00028     0.00046
56672    -0.00410    -0.00023     0.00052
56703    -0.00588    -0.00055     0.00080
56731    -0.00621    -0.00067     0.00122
56762    -0.00550    -0.00042     0.00159
56792    -0.00404    -0.00014     0.00191
56823    -0.00116     0.00036     0.00228
56853     0.00245     0.00085     0.00222
56884     0.00465     0.00095     0.00153
56915     0.00537     0.00075     0.00087
56945     0.00433     0.00053     0.00052
56976     0.00247     0.00027     0.00041
57006    -0.00053     0.00004     0.00048
57037    -0.00285    -0.00019     0.00008
57068    -0.00471    -0.00033    -0.00000
57096    -0.00671    -0.00058    -0.00003
57127    -0.00627    -0.00059     0.00015
57157    -0.00349    -0.00008     0.00068
57188    -0.00147     0.00050     0.00142
57218    -0.00063     0.00070     0.00188
57249     0.00306     0.00086     0.00123
57280     0.00529     0.00102     0.00059
57310     0.00355     0.00122    -0.00017
57341     0.00106     0.00081    -0.00094
57371    -0.00203     0.00023    -0.00149
57402    -0.00462    -0.00043    -0.00142
57433    -0.00628    -0.00060    -0.00118
57462    -0.00632    -0.00080    -0.00076
57493    -0.00489    -0.00092    -0.00041
57523    -0.00434    -0.00064    -0.00020
57554    -0.00122    -0.00000     0.00020
