# Hydrology loading displacements computed from the monthly GLDAS NOAH model
# This is a product of the Hydrology loading service: http://lacerta.gsfc.nasa.gov/hydlo/
# Displacements are with respect to the center of mass of the total earth
#
# Created for VieVS on 17.03.2017 at 11:46:08 local time
# OFFSET + TREND REMOVED!!! - Hana 
# mjd up (meters) eastwest (meters) northsouth (meters)
43888    -0.00020     0.00022     0.00028
43919    -0.00158     0.00038     0.00036
43947    -0.00202     0.00064     0.00021
43978    -0.00180     0.00091     0.00006
44008    -0.00009     0.00088     0.00002
44039     0.00226     0.00050     0.00013
44069     0.00468    -0.00090     0.00022
44100     0.00550    -0.00169     0.00030
44131     0.00513    -0.00162     0.00021
44161     0.00400    -0.00133    -0.00010
44192     0.00249    -0.00074    -0.00006
44222     0.00100    -0.00011     0.00016
44253    -0.00012     0.00049     0.00021
44284    -0.00116     0.00066     0.00012
44313    -0.00191     0.00060     0.00012
44344    -0.00142     0.00076     0.00007
44374     0.00023     0.00054    -0.00001
44405     0.00255    -0.00020    -0.00004
44435     0.00451    -0.00141     0.00017
44466     0.00529    -0.00215     0.00039
44497     0.00481    -0.00210     0.00026
44527     0.00379    -0.00157    -0.00009
44558     0.00210    -0.00090    -0.00018
44588     0.00066    -0.00036    -0.00013
44619    -0.00044    -0.00006     0.00003
44650    -0.00140     0.00034     0.00012
44678    -0.00229     0.00063     0.00028
44709    -0.00211     0.00074     0.00036
44739    -0.00086     0.00084     0.00035
44770     0.00163     0.00050    -0.00000
44800     0.00386    -0.00078     0.00011
44831     0.00506    -0.00183     0.00032
44862     0.00485    -0.00197     0.00029
44892     0.00338    -0.00172    -0.00014
44923     0.00188    -0.00128    -0.00042
44953    -0.00001    -0.00047    -0.00056
44984    -0.00186     0.00033    -0.00044
45015    -0.00303     0.00050    -0.00036
45043    -0.00345     0.00061    -0.00030
45074    -0.00273     0.00096    -0.00018
45104    -0.00105     0.00089     0.00013
45135     0.00151     0.00086     0.00015
45165     0.00390     0.00030     0.00029
45196     0.00491    -0.00096     0.00048
45227     0.00430    -0.00131     0.00033
45257     0.00304    -0.00096     0.00033
45288     0.00109    -0.00078     0.00018
45318    -0.00089    -0.00017    -0.00002
45349    -0.00272     0.00040    -0.00026
45380    -0.00412     0.00094    -0.00032
45408    -0.00472     0.00117    -0.00070
45439    -0.00392     0.00146    -0.00083
45469    -0.00227     0.00110    -0.00085
45500     0.00067     0.00047    -0.00063
45530     0.00379    -0.00093    -0.00061
45561     0.00485    -0.00209    -0.00026
45592     0.00449    -0.00255    -0.00039
45622     0.00313    -0.00227    -0.00081
45653     0.00160    -0.00147    -0.00107
45683    -0.00040    -0.00050    -0.00103
45714    -0.00194    -0.00021    -0.00089
45745    -0.00278     0.00019    -0.00093
45774    -0.00320     0.00056    -0.00093
45805    -0.00265     0.00117    -0.00055
45835    -0.00089     0.00104    -0.00050
45866     0.00156     0.00039    -0.00052
45896     0.00383    -0.00071    -0.00066
45927     0.00491    -0.00154    -0.00067
45958     0.00458    -0.00168    -0.00070
45988     0.00338    -0.00130    -0.00085
46019     0.00187    -0.00046    -0.00088
46049     0.00034     0.00015    -0.00080
46080    -0.00096     0.00104    -0.00045
46111    -0.00217     0.00124    -0.00005
46139    -0.00292     0.00121    -0.00027
46170    -0.00214     0.00124     0.00003
46200    -0.00102     0.00112     0.00002
46231     0.00133     0.00056    -0.00022
46261     0.00358    -0.00042     0.00008
46292     0.00432    -0.00110     0.00025
46323     0.00405    -0.00145     0.00004
46353     0.00308    -0.00121    -0.00035
46384     0.00169    -0.00062    -0.00052
46414     0.00015     0.00004    -0.00034
46445    -0.00157     0.00037    -0.00013
46476    -0.00307     0.00086    -0.00014
46504    -0.00381     0.00125     0.00005
46535    -0.00327     0.00129     0.00019
46565    -0.00171     0.00132     0.00006
46596     0.00127     0.00110     0.00008
46626     0.00360    -0.00026     0.00003
46657     0.00443    -0.00132     0.00014
46688     0.00404    -0.00119     0.00011
46718     0.00315    -0.00069     0.00010
46749     0.00176    -0.00035     0.00013
46779     0.00005     0.00026     0.00010
46810    -0.00124     0.00068     0.00006
46841    -0.00253     0.00097    -0.00010
46869    -0.00355     0.00120    -0.00020
46900    -0.00309     0.00148    -0.00007
46930    -0.00167     0.00137    -0.00021
46961     0.00029     0.00088    -0.00005
46991     0.00276     0.00003    -0.00021
47022     0.00375    -0.00084    -0.00014
47053     0.00338    -0.00127    -0.00005
47083     0.00239    -0.00121    -0.00003
47114     0.00117    -0.00087    -0.00023
47144    -0.00035    -0.00004    -0.00022
47175    -0.00198     0.00060    -0.00015
47206    -0.00306     0.00095     0.00009
47235    -0.00356     0.00100     0.00044
47266    -0.00289     0.00105     0.00042
47296    -0.00167     0.00069     0.00038
47327     0.00098     0.00014     0.00038
47357     0.00325    -0.00090     0.00050
47388     0.00396    -0.00189     0.00073
47419     0.00356    -0.00223     0.00062
47449     0.00259    -0.00185     0.00036
47480     0.00113    -0.00102     0.00023
47510    -0.00048    -0.00020     0.00017
47541    -0.00199     0.00031     0.00027
47572    -0.00328     0.00066     0.00033
47600    -0.00394     0.00071     0.00013
47631    -0.00338     0.00063     0.00022
47661    -0.00163     0.00050     0.00037
47692     0.00111     0.00011     0.00016
47722     0.00376    -0.00085     0.00040
47753     0.00466    -0.00149     0.00066
47784     0.00426    -0.00164     0.00055
47814     0.00284    -0.00142     0.00040
47845     0.00105    -0.00079     0.00013
47875    -0.00074     0.00003     0.00055
47906    -0.00231     0.00061     0.00073
47937    -0.00366     0.00089     0.00070
47965    -0.00425     0.00097     0.00036
47996    -0.00343     0.00094     0.00036
48026    -0.00174     0.00092     0.00042
48057     0.00068     0.00027     0.00012
48087     0.00303    -0.00073     0.00015
48118     0.00428    -0.00140     0.00018
48149     0.00393    -0.00151     0.00011
48179     0.00255    -0.00129    -0.00022
48210     0.00073    -0.00076    -0.00045
48240    -0.00120    -0.00009    -0.00042
48271    -0.00264     0.00030    -0.00037
48302    -0.00366     0.00037    -0.00024
48330    -0.00472     0.00074    -0.00002
48361    -0.00417     0.00108     0.00019
48391    -0.00287     0.00131     0.00024
48422    -0.00022     0.00059     0.00025
48452     0.00250    -0.00030     0.00026
48483     0.00373    -0.00131     0.00037
48514     0.00357    -0.00142     0.00003
48544     0.00229    -0.00114    -0.00024
48575     0.00073    -0.00070    -0.00054
48605    -0.00088    -0.00026    -0.00071
48636    -0.00262     0.00041    -0.00072
48667    -0.00378     0.00100    -0.00076
48696    -0.00447     0.00143    -0.00101
48727    -0.00421     0.00172    -0.00082
48757    -0.00248     0.00144    -0.00078
48788     0.00028     0.00102    -0.00064
48818     0.00253     0.00011    -0.00052
48849     0.00365    -0.00085    -0.00029
48880     0.00330    -0.00094    -0.00023
48910     0.00212    -0.00088    -0.00041
48941     0.00009    -0.00022    -0.00051
48971    -0.00101     0.00045    -0.00051
49002    -0.00212     0.00073    -0.00041
49033    -0.00331     0.00080    -0.00027
49061    -0.00412     0.00101    -0.00020
49092    -0.00401     0.00131    -0.00018
49122    -0.00281     0.00110    -0.00009
49153    -0.00037     0.00058    -0.00014
49183     0.00175    -0.00028    -0.00025
49214     0.00283    -0.00128    -0.00018
49245     0.00242    -0.00148    -0.00020
49275     0.00129    -0.00119    -0.00038
49306    -0.00019    -0.00050    -0.00046
49336    -0.00193     0.00017    -0.00043
49367    -0.00351     0.00094    -0.00016
49398    -0.00445     0.00131     0.00003
49426    -0.00499     0.00136    -0.00012
49457    -0.00443     0.00150    -0.00009
49487    -0.00303     0.00153    -0.00001
49518    -0.00089     0.00110     0.00003
49548     0.00135    -0.00011     0.00017
49579     0.00254    -0.00101     0.00053
49610     0.00207    -0.00124     0.00052
49640     0.00094    -0.00065     0.00041
49671    -0.00065    -0.00003     0.00040
49701    -0.00241     0.00034     0.00023
49732    -0.00405     0.00059     0.00007
49763    -0.00539     0.00064    -0.00005
49791    -0.00598     0.00080     0.00002
49822    -0.00523     0.00117     0.00014
49852    -0.00355     0.00126     0.00018
49883    -0.00113     0.00082     0.00006
49913     0.00116    -0.00034     0.00013
49944     0.00202    -0.00139     0.00041
49975     0.00163    -0.00175     0.00031
50005     0.00056    -0.00135     0.00014
50036    -0.00096    -0.00065    -0.00011
50066    -0.00225     0.00026     0.00008
50097    -0.00396     0.00083     0.00031
50128    -0.00562     0.00117     0.00038
50157    -0.00686     0.00131     0.00038
50188    -0.00675     0.00151     0.00048
50218    -0.00508     0.00187     0.00037
50249    -0.00247     0.00180     0.00058
50279     0.00036     0.00167     0.00053
50310     0.00249     0.00142     0.00050
50341     0.00280     0.00152     0.00059
50371     0.00180     0.00165     0.00058
50402     0.00025     0.00191     0.00059
50432    -0.00156     0.00206     0.00063
50463    -0.00328     0.00218     0.00074
50494    -0.00492     0.00216     0.00069
50522    -0.00600     0.00219     0.00086
50553    -0.00540     0.00193     0.00131
50583    -0.00416     0.00168     0.00148
50614    -0.00223     0.00138     0.00119
50644    -0.00011     0.00028     0.00084
50675     0.00104    -0.00067     0.00052
50706     0.00056    -0.00098     0.00025
50736    -0.00100    -0.00078     0.00027
50767    -0.00266    -0.00048     0.00049
50797    -0.00415    -0.00008     0.00085
50828    -0.00552     0.00027     0.00083
50859    -0.00661     0.00066     0.00046
50887    -0.00770     0.00099     0.00010
50918    -0.00736     0.00121    -0.00006
50948    -0.00534     0.00113    -0.00021
50979    -0.00289     0.00071    -0.00041
51009    -0.00077    -0.00063    -0.00035
51040     0.00058    -0.00163     0.00002
51071     0.00049    -0.00200     0.00016
51101    -0.00081    -0.00162    -0.00007
51132    -0.00216    -0.00079    -0.00039
51162    -0.00350    -0.00001    -0.00037
51193    -0.00463     0.00062    -0.00028
51224    -0.00516     0.00091    -0.00022
51252    -0.00515     0.00098    -0.00011
51283    -0.00396     0.00105    -0.00005
51313    -0.00234     0.00091    -0.00017
51344    -0.00029     0.00039    -0.00044
51374     0.00151    -0.00018    -0.00028
51405     0.00222    -0.00108     0.00017
51436     0.00210    -0.00126     0.00025
51466     0.00130    -0.00119     0.00015
51497     0.00044    -0.00088     0.00007
51527    -0.00044    -0.00027     0.00014
51558    -0.00113     0.00064     0.00091
51589    -0.00186     0.00108     0.00121
51618    -0.00232     0.00114     0.00119
51649    -0.00223     0.00122     0.00135
51679    -0.00128     0.00064     0.00121
51710     0.00023     0.00013     0.00072
51740     0.00194    -0.00042     0.00051
51771     0.00269    -0.00107     0.00043
51802     0.00236    -0.00101     0.00045
51832     0.00138    -0.00086     0.00046
51863     0.00029    -0.00024     0.00053
51893    -0.00051     0.00017     0.00094
51924    -0.00152     0.00066     0.00077
51955    -0.00249     0.00070     0.00035
51983    -0.00310     0.00092     0.00025
52014    -0.00286     0.00093     0.00042
52044    -0.00159     0.00071     0.00017
52075     0.00002     0.00028    -0.00005
52105     0.00167    -0.00051    -0.00016
52136     0.00250    -0.00140    -0.00016
52167     0.00232    -0.00145    -0.00031
52197     0.00143    -0.00141    -0.00042
52228     0.00037    -0.00118    -0.00030
52258    -0.00055    -0.00038    -0.00016
52289    -0.00140     0.00020     0.00015
52320    -0.00212     0.00052     0.00007
52348    -0.00264     0.00065    -0.00007
52379    -0.00222     0.00107     0.00000
52409    -0.00096     0.00095    -0.00024
52440     0.00107     0.00064    -0.00051
52470     0.00265    -0.00024    -0.00061
52501     0.00340    -0.00106    -0.00042
52532     0.00313    -0.00133    -0.00033
52562     0.00187    -0.00110    -0.00030
52593     0.00060    -0.00055    -0.00017
52623    -0.00024    -0.00006    -0.00008
52654    -0.00087     0.00041     0.00017
52685    -0.00140     0.00077     0.00025
52713    -0.00149     0.00107     0.00026
52744    -0.00105     0.00125     0.00040
52774    -0.00009     0.00126     0.00007
52805     0.00137     0.00109    -0.00013
52835     0.00296    -0.00005    -0.00013
52866     0.00382    -0.00102    -0.00001
52897     0.00346    -0.00147    -0.00006
52927     0.00249    -0.00131    -0.00032
52958     0.00121    -0.00076    -0.00041
52988     0.00026    -0.00030    -0.00036
53019    -0.00045     0.00031    -0.00013
53050    -0.00087     0.00068     0.00010
53079    -0.00127     0.00094     0.00014
53110    -0.00107     0.00101     0.00043
53140    -0.00009     0.00095     0.00017
53171     0.00131     0.00048    -0.00018
53201     0.00288    -0.00023    -0.00024
53232     0.00356    -0.00115    -0.00012
53263     0.00293    -0.00146    -0.00035
53293     0.00190    -0.00118    -0.00047
53324     0.00079    -0.00046    -0.00042
53354    -0.00005    -0.00004     0.00003
53385    -0.00079     0.00041     0.00014
53416    -0.00135     0.00094     0.00012
53444    -0.00177     0.00131     0.00017
53475    -0.00146     0.00137     0.00008
53505    -0.00056     0.00115     0.00006
53536     0.00124     0.00079    -0.00015
53566     0.00303    -0.00028    -0.00029
53597     0.00363    -0.00131    -0.00037
53628     0.00343    -0.00177    -0.00044
53658     0.00275    -0.00152    -0.00063
53689     0.00181    -0.00109    -0.00082
53719     0.00094     0.00004    -0.00062
53750     0.00035     0.00080    -0.00037
53781    -0.00027     0.00107    -0.00017
53809    -0.00065     0.00120     0.00016
53840    -0.00029     0.00122     0.00035
53870     0.00065     0.00092     0.00012
53901     0.00212     0.00030    -0.00026
53931     0.00402    -0.00076    -0.00044
53962     0.00455    -0.00150    -0.00017
53993     0.00397    -0.00168    -0.00026
54023     0.00298    -0.00111    -0.00039
54054     0.00167    -0.00032    -0.00014
54084     0.00075     0.00022    -0.00003
54115     0.00003     0.00069    -0.00001
54146    -0.00069     0.00082     0.00011
54174    -0.00099     0.00108    -0.00005
54205    -0.00050     0.00137    -0.00005
54235     0.00027     0.00118    -0.00002
54266     0.00181     0.00046    -0.00019
54296     0.00318    -0.00078    -0.00028
54327     0.00375    -0.00161     0.00012
54358     0.00319    -0.00195     0.00017
54388     0.00236    -0.00168    -0.00001
54419     0.00148    -0.00117     0.00033
54449     0.00046    -0.00044     0.00050
54480    -0.00033     0.00029     0.00079
54511    -0.00103     0.00074     0.00072
54540    -0.00169     0.00128     0.00056
54571    -0.00169     0.00127     0.00048
54601    -0.00057     0.00116     0.00023
54632     0.00102     0.00058    -0.00000
54662     0.00262    -0.00037    -0.00002
54693     0.00320    -0.00128     0.00020
54724     0.00267    -0.00147     0.00012
54754     0.00163    -0.00131    -0.00006
54785     0.00053    -0.00115    -0.00020
54815    -0.00043    -0.00026    -0.00009
54846    -0.00119     0.00028     0.00005
54877    -0.00184     0.00055     0.00037
54905    -0.00243     0.00085     0.00037
54936    -0.00228     0.00105     0.00033
54966    -0.00126     0.00092     0.00014
54997     0.00051     0.00054    -0.00013
55027     0.00228    -0.00038    -0.00015
55058     0.00309    -0.00123     0.00003
55089     0.00289    -0.00156     0.00011
55119     0.00192    -0.00131    -0.00012
55150     0.00059    -0.00063     0.00023
55180    -0.00047     0.00000     0.00048
55211    -0.00145     0.00031     0.00071
55242    -0.00229     0.00057     0.00043
55270    -0.00266     0.00067     0.00057
55301    -0.00219     0.00075     0.00052
55331    -0.00124     0.00060     0.00036
55362     0.00025     0.00021     0.00010
55392     0.00237    -0.00068     0.00004
55423     0.00329    -0.00175     0.00028
55454     0.00261    -0.00232     0.00014
55484     0.00136    -0.00224    -0.00018
55515    -0.00001    -0.00154    -0.00026
55545    -0.00124    -0.00083    -0.00017
55576    -0.00209    -0.00007    -0.00001
55607    -0.00278     0.00038     0.00000
55635    -0.00321     0.00085     0.00003
55666    -0.00294     0.00117    -0.00006
55696    -0.00176     0.00107    -0.00017
55727     0.00021     0.00028    -0.00041
55757     0.00198    -0.00068    -0.00061
55788     0.00278    -0.00161    -0.00050
55819     0.00250    -0.00207    -0.00044
55849     0.00173    -0.00172    -0.00019
55880     0.00082    -0.00110    -0.00001
55910    -0.00013    -0.00045    -0.00007
55941    -0.00106     0.00008    -0.00000
55972    -0.00181     0.00056    -0.00006
56001    -0.00202     0.00072    -0.00027
56032    -0.00187     0.00094    -0.00032
56062    -0.00118     0.00086    -0.00036
56093     0.00055     0.00038    -0.00046
56123     0.00227    -0.00065    -0.00028
56154     0.00295    -0.00171    -0.00002
56185     0.00244    -0.00236     0.00007
56215     0.00130    -0.00185    -0.00005
56246     0.00001    -0.00147     0.00004
56276    -0.00094    -0.00087     0.00014
56307    -0.00176    -0.00022     0.00016
56338    -0.00245     0.00026     0.00014
56366    -0.00280     0.00063     0.00002
56397    -0.00237     0.00081     0.00023
56427    -0.00096     0.00072     0.00011
56458     0.00065     0.00044    -0.00029
56488     0.00270    -0.00062    -0.00041
56519     0.00377    -0.00154    -0.00029
56550     0.00382    -0.00178    -0.00031
56580     0.00305    -0.00155    -0.00044
56611     0.00224    -0.00077    -0.00044
56641     0.00159    -0.00015    -0.00029
56672     0.00103     0.00030     0.00002
56703     0.00062     0.00069     0.00017
56731     0.00053     0.00119     0.00035
56762     0.00086     0.00132     0.00032
56792     0.00142     0.00128     0.00031
56823     0.00251     0.00096     0.00004
56853     0.00389     0.00003    -0.00014
56884     0.00450    -0.00107     0.00012
56915     0.00385    -0.00147     0.00012
56945     0.00266    -0.00120     0.00007
56976     0.00147    -0.00060    -0.00002
57006     0.00051     0.00017    -0.00012
57037    -0.00047     0.00041    -0.00024
57068    -0.00149     0.00096    -0.00034
57096    -0.00191     0.00133    -0.00033
57127    -0.00171     0.00139    -0.00022
57157    -0.00075     0.00148    -0.00038
57188     0.00096     0.00112    -0.00052
57218     0.00255     0.00045    -0.00048
57249     0.00318    -0.00063    -0.00034
57280     0.00268    -0.00115    -0.00039
57310     0.00153    -0.00111    -0.00058
57341     0.00027    -0.00089    -0.00066
57371    -0.00100    -0.00072    -0.00074
57402    -0.00200    -0.00014    -0.00052
57433    -0.00275     0.00045    -0.00050
57462    -0.00319     0.00106    -0.00032
57493    -0.00279     0.00119    -0.00005
57523    -0.00174     0.00097    -0.00005
57554     0.00008     0.00041    -0.00020
