# Hydrology loading displacements computed from the monthly GLDAS NOAH model
# This is a product of the Hydrology loading service: http://lacerta.gsfc.nasa.gov/hydlo/
# Displacements are with respect to the center of mass of the total earth
#
# Created for VieVS on 17.03.2017 at 11:46:08 local time
# OFFSET + TREND REMOVED!!! - Hana 
# mjd up (meters) eastwest (meters) northsouth (meters)
43888    -0.00291    -0.00067    -0.00050
43919    -0.00395    -0.00094    -0.00118
43947    -0.00401    -0.00094    -0.00099
43978    -0.00344    -0.00083    -0.00058
44008    -0.00180    -0.00062     0.00057
44039     0.00022    -0.00026     0.00152
44069     0.00250     0.00039     0.00163
44100     0.00358     0.00086     0.00125
44131     0.00396     0.00088     0.00105
44161     0.00376     0.00084     0.00092
44192     0.00258     0.00032     0.00058
44222     0.00208    -0.00039     0.00013
44253    -0.00079    -0.00110    -0.00001
44284    -0.00344    -0.00107    -0.00048
44313    -0.00423    -0.00099    -0.00091
44344    -0.00270    -0.00093    -0.00039
44374    -0.00121    -0.00053     0.00056
44405     0.00059    -0.00003     0.00144
44435     0.00288     0.00047     0.00142
44466     0.00424     0.00082     0.00107
44497     0.00398     0.00101     0.00082
44527     0.00344     0.00095     0.00073
44558     0.00289     0.00060     0.00030
44588     0.00169     0.00008    -0.00003
44619     0.00164    -0.00032    -0.00034
44650     0.00035    -0.00083    -0.00052
44678    -0.00032    -0.00108    -0.00089
44709    -0.00020    -0.00111    -0.00054
44739     0.00058    -0.00095     0.00028
44770     0.00144    -0.00028     0.00155
44800     0.00318     0.00044     0.00148
44831     0.00438     0.00092     0.00105
44862     0.00455     0.00109     0.00079
44892     0.00352     0.00124     0.00043
44923     0.00200     0.00091     0.00025
44953     0.00017     0.00026     0.00001
44984    -0.00196    -0.00057    -0.00048
45015    -0.00252    -0.00067    -0.00105
45043    -0.00268    -0.00073    -0.00117
45074    -0.00356    -0.00104    -0.00043
45104    -0.00145    -0.00085     0.00032
45135    -0.00003    -0.00054     0.00173
45165     0.00144    -0.00025     0.00255
45196     0.00294     0.00034     0.00185
45227     0.00303     0.00071     0.00144
45257     0.00205     0.00053     0.00113
45288     0.00021     0.00038     0.00038
45318    -0.00318     0.00003    -0.00027
45349    -0.00477    -0.00029    -0.00077
45380    -0.00714    -0.00061    -0.00128
45408    -0.00784    -0.00036    -0.00136
45439    -0.00628    -0.00027    -0.00055
45469    -0.00456     0.00009     0.00033
45500    -0.00183     0.00045     0.00143
45530     0.00048     0.00118     0.00190
45561     0.00202     0.00173     0.00145
45592     0.00248     0.00211     0.00101
45622     0.00152     0.00240     0.00061
45653    -0.00059     0.00192     0.00062
45683    -0.00465     0.00113     0.00037
45714    -0.00522     0.00080    -0.00030
45745    -0.00468     0.00052    -0.00047
45774    -0.00412     0.00033    -0.00036
45805    -0.00319    -0.00020     0.00021
45835    -0.00176    -0.00003     0.00118
45866    -0.00030     0.00045     0.00193
45896     0.00145     0.00120     0.00213
45927     0.00248     0.00178     0.00182
45958     0.00298     0.00183     0.00153
45988     0.00217     0.00168     0.00118
46019     0.00011     0.00108     0.00103
46049    -0.00250     0.00057     0.00053
46080    -0.00379    -0.00013    -0.00005
46111    -0.00378    -0.00068    -0.00075
46139    -0.00360    -0.00054    -0.00090
46170    -0.00259    -0.00076    -0.00027
46200    -0.00106    -0.00050     0.00032
46231     0.00057     0.00001     0.00133
46261     0.00258     0.00027     0.00143
46292     0.00346     0.00059     0.00109
46323     0.00337     0.00099     0.00092
46353     0.00233     0.00130     0.00071
46384     0.00077     0.00109     0.00036
46414    -0.00170     0.00037    -0.00011
46445    -0.00164    -0.00023    -0.00080
46476    -0.00331    -0.00071    -0.00110
46504    -0.00436    -0.00120    -0.00118
46535    -0.00311    -0.00113    -0.00068
46565    -0.00179    -0.00085     0.00045
46596    -0.00006    -0.00059     0.00171
46626     0.00190     0.00028     0.00193
46657     0.00344     0.00076     0.00162
46688     0.00337     0.00077     0.00145
46718     0.00240     0.00063     0.00128
46749     0.00199     0.00043     0.00064
46779     0.00094     0.00005     0.00003
46810    -0.00005    -0.00030    -0.00044
46841    -0.00087    -0.00054    -0.00076
46869    -0.00188    -0.00064    -0.00103
46900    -0.00109    -0.00084    -0.00054
46930     0.00016    -0.00056     0.00039
46961     0.00139    -0.00029     0.00105
46991     0.00278     0.00028     0.00170
47022     0.00364     0.00068     0.00149
47053     0.00411     0.00089     0.00096
47083     0.00419     0.00082     0.00049
47114     0.00274     0.00084     0.00019
47144     0.00107     0.00020    -0.00001
47175    -0.00080    -0.00026    -0.00049
47206    -0.00084    -0.00064    -0.00096
47235    -0.00020    -0.00095    -0.00129
47266     0.00023    -0.00081    -0.00066
47296     0.00089    -0.00053    -0.00000
47327     0.00245    -0.00031     0.00108
47357     0.00391     0.00015     0.00116
47388     0.00487     0.00060     0.00050
47419     0.00493     0.00096    -0.00007
47449     0.00450     0.00096    -0.00014
47480     0.00325     0.00049    -0.00026
47510     0.00177    -0.00011    -0.00056
47541     0.00045    -0.00061    -0.00109
47572     0.00013    -0.00083    -0.00157
47600    -0.00011    -0.00077    -0.00161
47631     0.00083    -0.00067    -0.00116
47661     0.00174    -0.00053    -0.00026
47692     0.00255    -0.00000     0.00101
47722     0.00423     0.00034     0.00140
47753     0.00515     0.00050     0.00124
47784     0.00480     0.00073     0.00098
47814     0.00436     0.00067     0.00050
47845     0.00364     0.00041     0.00012
47875     0.00328    -0.00050    -0.00055
47906     0.00224    -0.00112    -0.00112
47937     0.00106    -0.00140    -0.00163
47965     0.00073    -0.00116    -0.00168
47996     0.00152    -0.00090    -0.00108
48026     0.00200    -0.00072    -0.00008
48057     0.00243    -0.00014     0.00098
48087     0.00401     0.00036     0.00114
48118     0.00477     0.00075     0.00108
48149     0.00492     0.00082     0.00080
48179     0.00419     0.00098     0.00027
48210     0.00339     0.00077    -0.00031
48240     0.00259     0.00027    -0.00100
48271     0.00196     0.00003    -0.00163
48302     0.00213    -0.00011    -0.00196
48330    -0.00015    -0.00071    -0.00230
48361    -0.00030    -0.00099    -0.00170
48391     0.00014    -0.00096    -0.00060
48422     0.00155    -0.00046     0.00053
48452     0.00299     0.00003     0.00114
48483     0.00427     0.00051     0.00086
48514     0.00408     0.00087     0.00077
48544     0.00365     0.00087     0.00043
48575     0.00229     0.00087     0.00010
48605     0.00109     0.00078    -0.00045
48636    -0.00071     0.00035    -0.00104
48667    -0.00208    -0.00005    -0.00140
48696    -0.00300    -0.00016    -0.00141
48727    -0.00230    -0.00041    -0.00103
48757    -0.00075    -0.00017    -0.00004
48788     0.00051     0.00018     0.00105
48818     0.00163     0.00060     0.00146
48849     0.00283     0.00101     0.00107
48880     0.00297     0.00104     0.00079
48910     0.00290     0.00110     0.00032
48941     0.00150     0.00072    -0.00027
48971     0.00028     0.00027    -0.00043
49002    -0.00261    -0.00007    -0.00085
49033    -0.00405    -0.00019    -0.00147
49061    -0.00454    -0.00041    -0.00168
49092    -0.00415    -0.00060    -0.00119
49122    -0.00252    -0.00031    -0.00053
49153    -0.00145     0.00004     0.00055
49183    -0.00001     0.00072     0.00078
49214     0.00142     0.00115     0.00045
49245     0.00177     0.00134     0.00000
49275     0.00159     0.00127    -0.00026
49306     0.00093     0.00099    -0.00059
49336    -0.00016     0.00050    -0.00092
49367    -0.00073    -0.00033    -0.00140
49398    -0.00159    -0.00079    -0.00175
49426    -0.00190    -0.00074    -0.00181
49457    -0.00160    -0.00079    -0.00129
49487    -0.00115    -0.00074    -0.00044
49518     0.00010    -0.00053     0.00037
49548     0.00159     0.00008     0.00027
49579     0.00292     0.00033    -0.00014
49610     0.00314     0.00049    -0.00060
49640     0.00215     0.00028    -0.00075
49671     0.00092    -0.00016    -0.00118
49701    -0.00046    -0.00037    -0.00180
49732    -0.00288    -0.00053    -0.00239
49763    -0.00391    -0.00055    -0.00292
49791    -0.00491    -0.00075    -0.00305
49822    -0.00472    -0.00099    -0.00226
49852    -0.00424    -0.00085    -0.00111
49883    -0.00310    -0.00032    -0.00010
49913    -0.00096     0.00028     0.00012
49944     0.00071     0.00074    -0.00052
49975     0.00127     0.00104    -0.00097
50005     0.00109     0.00096    -0.00120
50036     0.00045     0.00068    -0.00155
50066    -0.00105    -0.00020    -0.00160
50097    -0.00247    -0.00093    -0.00212
50128    -0.00436    -0.00144    -0.00260
50157    -0.00509    -0.00152    -0.00292
50188    -0.00480    -0.00159    -0.00244
50218    -0.00397    -0.00162    -0.00082
50249    -0.00262    -0.00160     0.00084
50279    -0.00176    -0.00159     0.00236
50310    -0.00015    -0.00138     0.00319
50341     0.00007    -0.00153     0.00346
50371     0.00020    -0.00158     0.00305
50402    -0.00210    -0.00197     0.00255
50432    -0.00350    -0.00214     0.00165
50463    -0.00482    -0.00228     0.00063
50494    -0.00543    -0.00213    -0.00055
50522    -0.00508    -0.00211    -0.00144
50553    -0.00435    -0.00213    -0.00147
50583    -0.00349    -0.00183    -0.00111
50614    -0.00239    -0.00128    -0.00016
50644    -0.00083    -0.00041     0.00012
50675     0.00040     0.00038    -0.00001
50706     0.00025     0.00086    -0.00050
50736    -0.00074     0.00086    -0.00133
50767    -0.00202     0.00049    -0.00229
50797    -0.00355    -0.00012    -0.00314
50828    -0.00571    -0.00050    -0.00355
50859    -0.00861    -0.00064    -0.00371
50887    -0.00878    -0.00049    -0.00392
50918    -0.00836    -0.00045    -0.00332
50948    -0.00731    -0.00021    -0.00197
50979    -0.00605     0.00017    -0.00066
51009    -0.00349     0.00096    -0.00076
51040    -0.00118     0.00131    -0.00117
51071    -0.00037     0.00152    -0.00168
51101    -0.00096     0.00153    -0.00211
51132    -0.00240     0.00126    -0.00221
51162    -0.00375     0.00060    -0.00224
51193    -0.00438     0.00002    -0.00249
51224    -0.00589    -0.00053    -0.00255
51252    -0.00519    -0.00074    -0.00247
51283    -0.00462    -0.00075    -0.00177
51313    -0.00359    -0.00035    -0.00088
51344    -0.00233     0.00032     0.00003
51374    -0.00090     0.00072     0.00034
51405     0.00060     0.00096    -0.00006
51436     0.00101     0.00107    -0.00031
51466     0.00108     0.00103    -0.00067
51497     0.00080     0.00073    -0.00080
51527     0.00029     0.00015    -0.00090
51558     0.00006    -0.00111    -0.00099
51589    -0.00137    -0.00191    -0.00106
51618    -0.00318    -0.00201    -0.00117
51649    -0.00253    -0.00201    -0.00109
51679    -0.00150    -0.00140    -0.00075
51710    -0.00054    -0.00050    -0.00015
51740     0.00067     0.00006     0.00038
51771     0.00187     0.00052     0.00031
51802     0.00165     0.00051     0.00029
51832     0.00131     0.00051    -0.00022
51863    -0.00011     0.00025    -0.00042
51893    -0.00018    -0.00029    -0.00062
51924    -0.00119    -0.00058    -0.00082
51955    -0.00241    -0.00039    -0.00102
51983    -0.00326    -0.00054    -0.00113
52014    -0.00251    -0.00068    -0.00083
52044    -0.00122    -0.00030    -0.00003
52075     0.00020     0.00019     0.00058
52105     0.00142     0.00075     0.00106
52136     0.00247     0.00130     0.00100
52167     0.00258     0.00145     0.00083
52197     0.00252     0.00149     0.00041
52228     0.00203     0.00117    -0.00004
52258     0.00046     0.00042    -0.00007
52289    -0.00027    -0.00039    -0.00028
52320    -0.00037    -0.00057    -0.00044
52348    -0.00036    -0.00055    -0.00054
52379    -0.00005    -0.00077    -0.00020
52409     0.00042    -0.00042     0.00056
52440     0.00130     0.00003     0.00155
52470     0.00247     0.00067     0.00183
52501     0.00330     0.00104     0.00168
52532     0.00335     0.00122     0.00130
52562     0.00278     0.00113     0.00062
52593     0.00184     0.00057     0.00005
52623     0.00097     0.00004    -0.00012
52654     0.00019    -0.00071    -0.00016
52685    -0.00026    -0.00099    -0.00028
52713    -0.00059    -0.00106    -0.00017
52744    -0.00025    -0.00122     0.00021
52774    -0.00011    -0.00089     0.00096
52805     0.00091    -0.00047     0.00167
52835     0.00236     0.00026     0.00173
52866     0.00341     0.00070     0.00139
52897     0.00359     0.00104     0.00083
52927     0.00328     0.00111     0.00043
52958     0.00236     0.00077     0.00003
52988     0.00158     0.00030    -0.00014
53019     0.00085    -0.00044    -0.00020
53050     0.00053    -0.00093    -0.00027
53079    -0.00016    -0.00109    -0.00033
53110     0.00074    -0.00120    -0.00031
53140     0.00130    -0.00089     0.00025
53171     0.00175    -0.00020     0.00092
53201     0.00270     0.00032     0.00124
53232     0.00355     0.00077     0.00094
53263     0.00338     0.00117     0.00054
53293     0.00243     0.00112     0.00018
53324     0.00056     0.00069    -0.00004
53354     0.00005     0.00004    -0.00042
53385    -0.00263    -0.00054    -0.00067
53416    -0.00376    -0.00091    -0.00078
53444    -0.00438    -0.00129    -0.00088
53475    -0.00384    -0.00129    -0.00041
53505    -0.00289    -0.00108     0.00015
53536    -0.00155    -0.00052     0.00108
53566     0.00037     0.00035     0.00139
53597     0.00149     0.00114     0.00111
53628     0.00190     0.00151     0.00081
53658     0.00132     0.00157     0.00066
53689     0.00079     0.00139     0.00054
53719    -0.00022     0.00033     0.00071
53750    -0.00233    -0.00070     0.00092
53781    -0.00232    -0.00102     0.00069
53809    -0.00267    -0.00145     0.00052
53840    -0.00290    -0.00167     0.00074
53870    -0.00185    -0.00114     0.00109
53901    -0.00041    -0.00036     0.00163
53931     0.00127     0.00060     0.00194
53962     0.00241     0.00098     0.00160
53993     0.00255     0.00126     0.00107
54023     0.00189     0.00105     0.00094
54054     0.00140     0.00032     0.00058
54084     0.00084    -0.00021     0.00038
54115     0.00020    -0.00048     0.00030
54146    -0.00003    -0.00074    -0.00002
54174    -0.00020    -0.00088     0.00007
54205    -0.00009    -0.00093     0.00050
54235     0.00055    -0.00075     0.00087
54266     0.00160    -0.00010     0.00133
54296     0.00284     0.00064     0.00123
54327     0.00359     0.00082     0.00082
54358     0.00368     0.00103     0.00022
54388     0.00294     0.00099     0.00016
54419     0.00265     0.00040    -0.00003
54449     0.00139    -0.00023    -0.00013
54480    -0.00071    -0.00105    -0.00006
54511    -0.00238    -0.00145    -0.00009
54540    -0.00263    -0.00168    -0.00007
54571    -0.00187    -0.00154    -0.00003
54601    -0.00094    -0.00112     0.00061
54632     0.00011    -0.00044     0.00117
54662     0.00168     0.00020     0.00117
54693     0.00281     0.00063     0.00066
54724     0.00274     0.00091     0.00009
54754     0.00234     0.00092    -0.00025
54785     0.00150     0.00083    -0.00056
54815     0.00059     0.00019    -0.00063
54846    -0.00029    -0.00029    -0.00065
54877    -0.00105    -0.00082    -0.00088
54905    -0.00197    -0.00120    -0.00085
54936    -0.00158    -0.00119    -0.00062
54966    -0.00094    -0.00080     0.00001
54997     0.00002    -0.00025     0.00086
55027     0.00155     0.00035     0.00102
55058     0.00260     0.00073     0.00074
55089     0.00297     0.00091     0.00036
55119     0.00192     0.00096     0.00011
55150     0.00120     0.00023    -0.00028
55180     0.00026    -0.00046    -0.00049
55211    -0.00127    -0.00096    -0.00074
55242    -0.00383    -0.00097    -0.00082
55270    -0.00409    -0.00123    -0.00089
55301    -0.00357    -0.00128    -0.00051
55331    -0.00284    -0.00096    -0.00001
55362    -0.00169    -0.00037     0.00068
55392     0.00015     0.00041     0.00098
55423     0.00184     0.00098     0.00058
55454     0.00226     0.00147    -0.00012
55484     0.00176     0.00168    -0.00051
55515     0.00074     0.00117    -0.00066
55545    -0.00139     0.00052    -0.00091
55576    -0.00389    -0.00019    -0.00097
55607    -0.00420    -0.00056    -0.00100
55635    -0.00522    -0.00096    -0.00078
55666    -0.00532    -0.00101    -0.00028
55696    -0.00427    -0.00064     0.00038
55727    -0.00299     0.00013     0.00115
55757    -0.00100     0.00095     0.00135
55788     0.00066     0.00148     0.00104
55819     0.00136     0.00176     0.00046
55849     0.00116     0.00137     0.00015
55880     0.00083     0.00086    -0.00006
55910     0.00023     0.00047    -0.00019
55941    -0.00023    -0.00006    -0.00034
55972    -0.00106    -0.00035    -0.00025
56001    -0.00130    -0.00032    -0.00002
56032    -0.00174    -0.00055     0.00033
56062    -0.00085    -0.00036     0.00064
56093     0.00045     0.00007     0.00136
56123     0.00203     0.00061     0.00140
56154     0.00312     0.00112     0.00084
56185     0.00357     0.00151     0.00001
56215     0.00301     0.00130    -0.00025
56246     0.00250     0.00088    -0.00072
56276     0.00130     0.00018    -0.00081
56307     0.00041    -0.00028    -0.00088
56338     0.00016    -0.00056    -0.00106
56366     0.00013    -0.00065    -0.00098
56397     0.00044    -0.00084    -0.00070
56427     0.00104    -0.00059     0.00000
56458     0.00137    -0.00003     0.00079
56488     0.00241     0.00072     0.00106
56519     0.00302     0.00125     0.00090
56550     0.00281     0.00151     0.00077
56580     0.00219     0.00147     0.00060
56611     0.00158     0.00098     0.00059
56641     0.00095     0.00052     0.00051
56672     0.00087    -0.00000     0.00042
56703     0.00047    -0.00044     0.00052
56731    -0.00021    -0.00097     0.00081
56762     0.00008    -0.00100     0.00120
56792     0.00060    -0.00090     0.00149
56823     0.00116    -0.00042     0.00192
56853     0.00209     0.00021     0.00200
56884     0.00302     0.00066     0.00151
56915     0.00293     0.00099     0.00086
56945     0.00227     0.00090     0.00041
56976     0.00159     0.00051     0.00013
57006     0.00017    -0.00007     0.00016
57037    -0.00043    -0.00017    -0.00014
57068    -0.00099    -0.00049    -0.00032
57096    -0.00104    -0.00064    -0.00039
57127    -0.00055    -0.00069    -0.00024
57157    -0.00046    -0.00046     0.00044
57188     0.00011    -0.00001     0.00115
57218     0.00117     0.00034     0.00150
57249     0.00221     0.00079     0.00111
57280     0.00241     0.00109     0.00062
57310     0.00172     0.00128     0.00016
57341     0.00073     0.00126    -0.00041
57371    -0.00018     0.00114    -0.00090
57402    -0.00124     0.00049    -0.00104
57433    -0.00179    -0.00007    -0.00100
57462    -0.00191    -0.00068    -0.00094
57493    -0.00151    -0.00090    -0.00076
57523    -0.00090    -0.00061    -0.00039
57554     0.00031    -0.00009     0.00018
