# Hydrology loading displacements computed from the monthly GLDAS NOAH model
# This is a product of the Hydrology loading service: http://lacerta.gsfc.nasa.gov/hydlo/
# Displacements are with respect to the center of mass of the total earth
#
# Created for VieVS on 17.03.2017 at 11:46:08 local time
# OFFSET + TREND REMOVED!!! - Hana 
# mjd up (meters) eastwest (meters) northsouth (meters)
43888     0.00243     0.00013    -0.00016
43919     0.00379     0.00036    -0.00048
43947     0.00336     0.00023    -0.00049
43978     0.00324    -0.00015    -0.00045
44008     0.00090    -0.00060     0.00048
44039    -0.00047    -0.00080     0.00140
44069    -0.00177    -0.00021     0.00169
44100    -0.00201     0.00024     0.00148
44131    -0.00206     0.00016     0.00122
44161    -0.00105    -0.00011     0.00084
44192     0.00119    -0.00012     0.00053
44222     0.00339     0.00001     0.00030
44253     0.00395    -0.00010     0.00017
44284     0.00417    -0.00007    -0.00008
44313     0.00465     0.00012    -0.00038
44344     0.00472    -0.00023    -0.00015
44374     0.00255    -0.00056     0.00054
44405    -0.00033    -0.00055     0.00130
44435    -0.00200     0.00002     0.00141
44466    -0.00200     0.00050     0.00131
44497    -0.00063     0.00051     0.00093
44527     0.00101     0.00013     0.00066
44558     0.00238     0.00001     0.00023
44588     0.00314     0.00006     0.00002
44619     0.00363     0.00021     0.00011
44650     0.00295     0.00027     0.00015
44678     0.00405     0.00040    -0.00012
44709     0.00363     0.00030     0.00007
44739     0.00313    -0.00009     0.00060
44770    -0.00085    -0.00065     0.00146
44800    -0.00303    -0.00019     0.00148
44831    -0.00485     0.00034     0.00126
44862    -0.00333     0.00050     0.00102
44892    -0.00159     0.00037     0.00041
44923    -0.00080     0.00034     0.00010
44953     0.00128     0.00008    -0.00030
44984     0.00289     0.00009    -0.00072
45015     0.00387     0.00021    -0.00110
45043     0.00249     0.00025    -0.00088
45074     0.00220    -0.00026    -0.00050
45104     0.00212    -0.00041     0.00029
45135     0.00073    -0.00094     0.00148
45165    -0.00018    -0.00094     0.00232
45196     0.00009    -0.00008     0.00193
45227     0.00089     0.00019     0.00143
45257     0.00188     0.00028     0.00101
45288     0.00332     0.00045     0.00017
45318     0.00479     0.00035    -0.00064
45349     0.00516     0.00024    -0.00108
45380     0.00608     0.00017    -0.00150
45408     0.00525    -0.00028    -0.00166
45439     0.00330    -0.00092    -0.00113
45469    -0.00060    -0.00096    -0.00018
45500    -0.00376    -0.00099     0.00113
45530    -0.00527    -0.00058     0.00151
45561    -0.00622     0.00015     0.00138
45592    -0.00667     0.00044     0.00086
45622    -0.00473     0.00033     0.00020
45653    -0.00297    -0.00006    -0.00014
45683    -0.00211    -0.00022    -0.00060
45714    -0.00293    -0.00013    -0.00079
45745    -0.00405    -0.00032    -0.00075
45774    -0.00276    -0.00051    -0.00079
45805    -0.00219    -0.00074    -0.00021
45835    -0.00297    -0.00099     0.00045
45866    -0.00335    -0.00107     0.00102
45896    -0.00545    -0.00084     0.00141
45927    -0.00816    -0.00039     0.00141
45958    -0.00723    -0.00026     0.00104
45988    -0.00496    -0.00044     0.00059
46019    -0.00272    -0.00062     0.00027
46049     0.00015    -0.00067    -0.00013
46080     0.00269    -0.00075    -0.00033
46111     0.00412    -0.00036    -0.00058
46139     0.00410    -0.00037    -0.00092
46170     0.00314    -0.00041    -0.00042
46200     0.00234    -0.00052     0.00008
46231    -0.00058    -0.00076     0.00092
46261    -0.00124    -0.00024     0.00145
46292    -0.00212     0.00016     0.00124
46323    -0.00263     0.00030     0.00078
46353    -0.00170     0.00009     0.00027
46384    -0.00086    -0.00018    -0.00008
46414    -0.00032    -0.00017    -0.00050
46445     0.00146     0.00015    -0.00082
46476     0.00289     0.00013    -0.00112
46504     0.00442     0.00010    -0.00119
46535     0.00462    -0.00009    -0.00076
46565     0.00299    -0.00054    -0.00001
46596     0.00153    -0.00098     0.00111
46626    -0.00112    -0.00065     0.00132
46657    -0.00248     0.00003     0.00125
46688    -0.00188    -0.00002     0.00106
46718    -0.00108    -0.00016     0.00085
46749     0.00004    -0.00004     0.00038
46779     0.00153    -0.00007    -0.00013
46810     0.00258    -0.00010    -0.00041
46841     0.00337    -0.00027    -0.00064
46869     0.00249    -0.00026    -0.00093
46900     0.00267    -0.00048    -0.00058
46930     0.00091    -0.00078     0.00010
46961    -0.00057    -0.00071     0.00078
46991    -0.00233    -0.00070     0.00125
47022    -0.00339    -0.00015     0.00114
47053    -0.00281     0.00035     0.00077
47083    -0.00072     0.00049     0.00047
47114     0.00066     0.00040     0.00007
47144     0.00188     0.00008    -0.00017
47175     0.00251     0.00005    -0.00055
47206     0.00356     0.00026    -0.00077
47235     0.00455     0.00054    -0.00079
47266     0.00010     0.00043     0.00002
47296    -0.00211     0.00040     0.00027
47327    -0.00414     0.00011     0.00109
47357    -0.00638     0.00040     0.00150
47388    -0.00587     0.00108     0.00116
47419    -0.00521     0.00138     0.00072
47449    -0.00249     0.00115     0.00039
47480     0.00030     0.00067     0.00004
47510     0.00062     0.00034    -0.00042
47541     0.00117     0.00044    -0.00083
47572     0.00270     0.00055    -0.00108
47600     0.00220     0.00028    -0.00145
47631    -0.00206     0.00023    -0.00104
47661    -0.00408     0.00003    -0.00009
47692    -0.00705    -0.00038     0.00093
47722    -0.00773    -0.00003     0.00148
47753    -0.00744     0.00038     0.00158
47784    -0.00538     0.00048     0.00113
47814    -0.00245     0.00048     0.00059
47845    -0.00112     0.00022     0.00016
47875     0.00121     0.00037    -0.00006
47906     0.00286     0.00048    -0.00044
47937     0.00241     0.00094    -0.00109
47965     0.00241     0.00070    -0.00139
47996    -0.00242     0.00048    -0.00032
48026    -0.00525     0.00009     0.00046
48057    -0.00686    -0.00017     0.00104
48087    -0.00785     0.00004     0.00129
48118    -0.00846     0.00035     0.00134
48149    -0.00719     0.00042     0.00103
48179    -0.00476     0.00037     0.00029
48210    -0.00142     0.00018    -0.00040
48240     0.00098     0.00006    -0.00090
48271     0.00146     0.00015    -0.00116
48302     0.00075     0.00032    -0.00099
48330     0.00252     0.00042    -0.00140
48361     0.00315     0.00015    -0.00103
48391     0.00237    -0.00023    -0.00024
48422    -0.00137    -0.00006     0.00076
48452    -0.00335     0.00003     0.00119
48483    -0.00363     0.00057     0.00103
48514    -0.00291     0.00039     0.00064
48544    -0.00063     0.00023     0.00021
48575     0.00086    -0.00003    -0.00032
48605     0.00146    -0.00005    -0.00083
48636     0.00236    -0.00001    -0.00134
48667     0.00067    -0.00015    -0.00143
48696     0.00071    -0.00046    -0.00165
48727     0.00121    -0.00065    -0.00127
48757    -0.00027    -0.00089    -0.00044
48788    -0.00167    -0.00111     0.00053
48818    -0.00254    -0.00079     0.00084
48849    -0.00320    -0.00022     0.00072
48880    -0.00259    -0.00018     0.00042
48910    -0.00175    -0.00028    -0.00019
48941    -0.00046    -0.00043    -0.00071
48971    -0.00054    -0.00069    -0.00084
49002     0.00011    -0.00067    -0.00111
49033     0.00110    -0.00046    -0.00138
49061     0.00170    -0.00034    -0.00166
49092     0.00196    -0.00056    -0.00149
49122     0.00140    -0.00067    -0.00094
49153    -0.00055    -0.00077    -0.00000
49183    -0.00229    -0.00065     0.00020
49214    -0.00315    -0.00006     0.00000
49245    -0.00322     0.00019    -0.00037
49275    -0.00238     0.00003    -0.00074
49306    -0.00037    -0.00016    -0.00108
49336     0.00114    -0.00025    -0.00128
49367     0.00325    -0.00022    -0.00150
49398     0.00361    -0.00014    -0.00150
49426     0.00199    -0.00017    -0.00145
49457     0.00232    -0.00033    -0.00127
49487     0.00195    -0.00054    -0.00067
49518     0.00087    -0.00066    -0.00002
49548     0.00029    -0.00012    -0.00007
49579     0.00025     0.00053    -0.00010
49610     0.00117     0.00080    -0.00042
49640     0.00265     0.00052    -0.00066
49671     0.00401     0.00042    -0.00117
49701     0.00519     0.00044    -0.00180
49732     0.00415     0.00041    -0.00221
49763     0.00318     0.00054    -0.00236
49791     0.00376     0.00063    -0.00245
49822     0.00418     0.00025    -0.00192
49852     0.00135    -0.00015    -0.00131
49883    -0.00085    -0.00027    -0.00065
49913    -0.00197     0.00010    -0.00047
49944    -0.00171     0.00084    -0.00080
49975    -0.00088     0.00114    -0.00107
50005     0.00023     0.00098    -0.00140
50036     0.00141     0.00058    -0.00187
50066     0.00215     0.00049    -0.00169
50097     0.00345     0.00059    -0.00200
50128     0.00477     0.00083    -0.00245
50157     0.00412     0.00101    -0.00263
50188     0.00404     0.00079    -0.00224
50218     0.00048     0.00016    -0.00071
50249    -0.00106    -0.00026     0.00087
50279    -0.00312    -0.00079     0.00218
50310    -0.00432    -0.00108     0.00306
50341    -0.00398    -0.00102     0.00338
50371    -0.00345    -0.00086     0.00313
50402    -0.00164    -0.00075     0.00255
50432     0.00003    -0.00052     0.00174
50463     0.00032    -0.00023     0.00102
50494     0.00006     0.00007     0.00035
50522     0.00065     0.00043    -0.00022
50553     0.00086     0.00076    -0.00002
50583    -0.00060     0.00068     0.00028
50614    -0.00211     0.00031     0.00068
50644    -0.00315     0.00044     0.00060
50675    -0.00367     0.00062     0.00025
50706    -0.00433     0.00065    -0.00038
50736    -0.00371     0.00082    -0.00106
50767    -0.00182     0.00106    -0.00170
50797    -0.00045     0.00132    -0.00202
50828     0.00089     0.00128    -0.00242
50859     0.00197     0.00104    -0.00278
50887     0.00332     0.00084    -0.00318
50918     0.00323     0.00041    -0.00292
50948     0.00043     0.00002    -0.00205
50979    -0.00125    -0.00022    -0.00127
51009    -0.00380     0.00037    -0.00114
51040    -0.00667     0.00121    -0.00095
51071    -0.00697     0.00155    -0.00107
51101    -0.00472     0.00127    -0.00170
51132    -0.00266     0.00080    -0.00209
51162    -0.00017     0.00053    -0.00232
51193     0.00177     0.00038    -0.00247
51224     0.00242     0.00038    -0.00249
51252     0.00201     0.00038    -0.00221
51283     0.00087     0.00016    -0.00169
51313     0.00059    -0.00021    -0.00111
51344    -0.00110    -0.00045    -0.00052
51374    -0.00310    -0.00019     0.00001
51405    -0.00335     0.00054    -0.00007
51436    -0.00257     0.00073    -0.00022
51466    -0.00167     0.00072    -0.00055
51497    -0.00019     0.00058    -0.00071
51527     0.00149     0.00028    -0.00069
51558     0.00248     0.00035    -0.00019
51589     0.00343     0.00036    -0.00005
51618     0.00173     0.00044     0.00014
51649     0.00119     0.00061     0.00018
51679    -0.00011     0.00055     0.00024
51710    -0.00110     0.00028     0.00027
51740    -0.00180     0.00021     0.00057
51771    -0.00216     0.00046     0.00044
51802    -0.00122     0.00046     0.00014
51832     0.00037     0.00054    -0.00024
51863    -0.00065     0.00026    -0.00007
51893     0.00037     0.00032     0.00023
51924     0.00222     0.00006    -0.00007
51955     0.00159     0.00005    -0.00050
51983     0.00195    -0.00004    -0.00070
52014     0.00240    -0.00001    -0.00051
52044     0.00156    -0.00029    -0.00004
52075     0.00049    -0.00050     0.00036
52105    -0.00081    -0.00041     0.00070
52136    -0.00138     0.00008     0.00070
52167    -0.00095     0.00006     0.00049
52197    -0.00006     0.00010     0.00010
52228     0.00069     0.00024    -0.00019
52258     0.00184     0.00002    -0.00025
52289     0.00302     0.00002    -0.00031
52320     0.00182    -0.00002    -0.00055
52348     0.00162    -0.00016    -0.00069
52379     0.00208    -0.00042    -0.00047
52409     0.00189    -0.00082    -0.00010
52440     0.00071    -0.00116     0.00061
52470    -0.00016    -0.00091     0.00091
52501    -0.00030    -0.00039     0.00096
52532     0.00011    -0.00009     0.00078
52562     0.00133    -0.00002     0.00025
52593     0.00266    -0.00000    -0.00008
52623     0.00303    -0.00003    -0.00020
52654     0.00368    -0.00004    -0.00013
52685     0.00359    -0.00018    -0.00010
52713     0.00251    -0.00036     0.00004
52744     0.00273    -0.00046     0.00037
52774     0.00212    -0.00088     0.00068
52805     0.00120    -0.00117     0.00120
52835     0.00002    -0.00070     0.00136
52866    -0.00093    -0.00014     0.00123
52897    -0.00072     0.00023     0.00072
52927     0.00013     0.00015     0.00026
52958     0.00138    -0.00004    -0.00018
52988     0.00159    -0.00010    -0.00033
53019     0.00222    -0.00021    -0.00006
53050     0.00230    -0.00017     0.00020
53079     0.00203    -0.00010     0.00028
53110     0.00281    -0.00002     0.00044
53140     0.00236    -0.00043     0.00064
53171     0.00063    -0.00072     0.00093
53201    -0.00022    -0.00054     0.00116
53232    -0.00086     0.00003     0.00098
53263    -0.00092     0.00019     0.00041
53293     0.00006     0.00020    -0.00005
53324     0.00076     0.00003    -0.00030
53354     0.00118     0.00024    -0.00026
53385     0.00213     0.00020    -0.00025
53416     0.00254    -0.00002    -0.00049
53444     0.00336    -0.00015    -0.00055
53475     0.00359    -0.00034    -0.00034
53505     0.00336    -0.00041     0.00003
53536     0.00177    -0.00069     0.00066
53566    -0.00093    -0.00038     0.00093
53597    -0.00134     0.00008     0.00070
53628    -0.00125     0.00027     0.00038
53658    -0.00049     0.00005     0.00006
53689    -0.00055    -0.00016    -0.00023
53719     0.00078    -0.00052    -0.00003
53750     0.00202    -0.00079     0.00019
53781     0.00266    -0.00076     0.00020
53809     0.00326    -0.00058     0.00033
53840     0.00325    -0.00058     0.00063
53870     0.00259    -0.00074     0.00078
53901     0.00114    -0.00080     0.00104
53931    -0.00066    -0.00057     0.00133
53962    -0.00092     0.00003     0.00133
53993    -0.00044     0.00026     0.00093
54023     0.00076    -0.00006     0.00073
54054     0.00191    -0.00012     0.00057
54084     0.00299    -0.00021     0.00043
54115     0.00303    -0.00044     0.00043
54146     0.00313    -0.00027     0.00033
54174     0.00256    -0.00043     0.00026
54205     0.00287    -0.00079     0.00051
54235     0.00210    -0.00085     0.00078
54266     0.00027    -0.00076     0.00114
54296    -0.00110    -0.00014     0.00107
54327    -0.00109     0.00059     0.00100
54358    -0.00011     0.00097     0.00055
54388     0.00093     0.00073     0.00026
54419     0.00106     0.00079     0.00034
54449     0.00090     0.00067     0.00038
54480     0.00143     0.00052     0.00059
54511     0.00117     0.00029     0.00063
54540     0.00231    -0.00005     0.00049
54571     0.00270    -0.00019     0.00037
54601     0.00227    -0.00051     0.00066
54632     0.00095    -0.00057     0.00103
54662    -0.00025    -0.00017     0.00112
54693    -0.00066     0.00051     0.00086
54724    -0.00021     0.00075     0.00041
54754     0.00069     0.00075     0.00001
54785     0.00125     0.00071    -0.00043
54815     0.00143     0.00037    -0.00041
54846     0.00232     0.00014    -0.00031
54877     0.00256     0.00028    -0.00008
54905     0.00300     0.00019    -0.00023
54936     0.00318     0.00002    -0.00022
54966     0.00243    -0.00026     0.00008
54997     0.00046    -0.00053     0.00071
55027    -0.00068    -0.00022     0.00089
55058    -0.00077     0.00033     0.00077
55089    -0.00022     0.00063     0.00047
55119     0.00061     0.00048     0.00001
55150     0.00214     0.00046    -0.00009
55180     0.00289     0.00037    -0.00012
55211     0.00218     0.00064     0.00011
55242     0.00149     0.00028    -0.00016
55270     0.00053     0.00023    -0.00012
55301     0.00064     0.00006     0.00008
55331     0.00049    -0.00016     0.00026
55362    -0.00085    -0.00031     0.00057
55392    -0.00252    -0.00010     0.00092
55423    -0.00387     0.00067     0.00081
55454    -0.00422     0.00106     0.00013
55484    -0.00365     0.00098    -0.00040
55515    -0.00336     0.00070    -0.00063
55545    -0.00488     0.00073    -0.00076
55576    -0.00334     0.00033    -0.00072
55607    -0.00281    -0.00014    -0.00094
55635    -0.00244    -0.00048    -0.00089
55666    -0.00202    -0.00081    -0.00065
55696    -0.00210    -0.00101    -0.00024
55727    -0.00358    -0.00092     0.00027
55757    -0.00451    -0.00064     0.00045
55788    -0.00490    -0.00003     0.00036
55819    -0.00404     0.00045     0.00005
55849    -0.00268     0.00060    -0.00001
55880    -0.00160     0.00049    -0.00004
55910    -0.00186     0.00036     0.00002
55941    -0.00059     0.00024    -0.00003
55972    -0.00143     0.00012     0.00012
56001    -0.00455    -0.00040    -0.00012
56032    -0.00325    -0.00059     0.00001
56062    -0.00308    -0.00069     0.00021
56093    -0.00461    -0.00070     0.00081
56123    -0.00586    -0.00013     0.00103
56154    -0.00575     0.00064     0.00073
56185    -0.00438     0.00124     0.00009
56215    -0.00258     0.00102    -0.00017
56246    -0.00076     0.00098    -0.00051
56276     0.00065     0.00085    -0.00060
56307     0.00157     0.00067    -0.00054
56338     0.00124     0.00077    -0.00049
56366    -0.00025     0.00052    -0.00040
56397     0.00045     0.00037    -0.00012
56427     0.00035     0.00000     0.00035
56458    -0.00208    -0.00048     0.00061
56488    -0.00363    -0.00015     0.00071
56519    -0.00397     0.00029     0.00055
56550    -0.00329     0.00035     0.00037
56580    -0.00163     0.00019     0.00010
56611    -0.00013    -0.00015     0.00012
56641     0.00073    -0.00032     0.00019
56672     0.00162    -0.00039     0.00039
56703     0.00187    -0.00056     0.00055
56731     0.00127    -0.00074     0.00084
56762     0.00043    -0.00086     0.00106
56792     0.00057    -0.00098     0.00126
56823    -0.00071    -0.00122     0.00144
56853    -0.00158    -0.00092     0.00143
56884    -0.00183    -0.00009     0.00128
56915    -0.00116     0.00033     0.00077
56945     0.00016     0.00033     0.00035
56976     0.00145     0.00006     0.00003
57006     0.00135    -0.00025    -0.00004
57037     0.00115    -0.00034    -0.00024
57068     0.00205    -0.00053    -0.00046
57096     0.00280    -0.00072    -0.00053
57127     0.00255    -0.00069    -0.00038
57157     0.00176    -0.00097     0.00007
57188     0.00051    -0.00117     0.00062
57218    -0.00077    -0.00098     0.00099
57249    -0.00131    -0.00032     0.00073
57280    -0.00108     0.00007     0.00026
57310     0.00032     0.00010    -0.00017
57341     0.00032     0.00012    -0.00070
57371     0.00149     0.00021    -0.00115
57402     0.00150     0.00026    -0.00110
57433     0.00168    -0.00001    -0.00102
57462     0.00285    -0.00030    -0.00091
57493     0.00336    -0.00031    -0.00068
57523     0.00228    -0.00043    -0.00041
57554    -0.00066    -0.00050     0.00006
