# Hydrology loading displacements computed from the monthly GLDAS NOAH model
# This is a product of the Hydrology loading service: http://lacerta.gsfc.nasa.gov/hydlo/
# Displacements are with respect to the center of mass of the total earth
#
# Created for VieVS on 17.03.2017 at 11:46:08 local time
# OFFSET + TREND REMOVED!!! - Hana 
# mjd up (meters) eastwest (meters) northsouth (meters)
43888    -0.00303    -0.00078    -0.00044
43919    -0.00352    -0.00118    -0.00110
43947    -0.00307    -0.00107    -0.00088
43978    -0.00257    -0.00090    -0.00036
44008    -0.00150    -0.00056     0.00082
44039    -0.00075    -0.00005     0.00180
44069     0.00153     0.00042     0.00185
44100     0.00165     0.00074     0.00136
44131     0.00187     0.00087     0.00114
44161     0.00231     0.00088     0.00102
44192     0.00149     0.00048     0.00075
44222     0.00125    -0.00014     0.00026
44253     0.00017    -0.00077     0.00009
44284    -0.00125    -0.00116    -0.00020
44313    -0.00130    -0.00131    -0.00045
44344    -0.00068    -0.00106     0.00011
44374     0.00027    -0.00058     0.00106
44405     0.00190    -0.00010     0.00182
44435     0.00366     0.00011     0.00173
44466     0.00412     0.00038     0.00130
44497     0.00266     0.00057     0.00094
44527     0.00196     0.00077     0.00078
44558     0.00159     0.00046     0.00037
44588     0.00106     0.00004    -0.00005
44619     0.00114    -0.00039    -0.00041
44650     0.00115    -0.00072    -0.00067
44678     0.00076    -0.00103    -0.00093
44709     0.00114    -0.00100    -0.00056
44739     0.00141    -0.00075     0.00028
44770     0.00186    -0.00002     0.00156
44800     0.00195     0.00052     0.00146
44831     0.00218     0.00087     0.00101
44862     0.00213     0.00107     0.00074
44892     0.00122     0.00123     0.00034
44923     0.00102     0.00116     0.00002
44953     0.00026     0.00060    -0.00036
44984    -0.00058    -0.00013    -0.00091
45015    -0.00095    -0.00037    -0.00138
45043    -0.00076    -0.00051    -0.00139
45074    -0.00030    -0.00071    -0.00060
45104     0.00028    -0.00053     0.00034
45135     0.00085    -0.00013     0.00191
45165     0.00148     0.00006     0.00270
45196     0.00182     0.00025     0.00211
45227     0.00181     0.00048     0.00173
45257     0.00139     0.00035     0.00135
45288     0.00080     0.00023     0.00048
45318    -0.00187    -0.00006    -0.00038
45349    -0.00276    -0.00031    -0.00094
45380    -0.00426    -0.00071    -0.00133
45408    -0.00458    -0.00056    -0.00128
45439    -0.00395    -0.00031    -0.00042
45469    -0.00226     0.00014     0.00049
45500    -0.00057     0.00052     0.00167
45530     0.00104     0.00100     0.00206
45561     0.00175     0.00104     0.00154
45592     0.00239     0.00130     0.00099
45622    -0.00019     0.00134     0.00048
45653    -0.00139     0.00132     0.00023
45683    -0.00335     0.00070    -0.00019
45714    -0.00362     0.00027    -0.00076
45745    -0.00321     0.00008    -0.00090
45774    -0.00272     0.00005    -0.00071
45805    -0.00213    -0.00042     0.00007
45835    -0.00104    -0.00016     0.00111
45866    -0.00004     0.00037     0.00185
45896     0.00091     0.00095     0.00193
45927     0.00064     0.00126     0.00152
45958     0.00102     0.00120     0.00126
45988    -0.00058     0.00115     0.00100
46019    -0.00198     0.00093     0.00075
46049    -0.00380     0.00045     0.00019
46080    -0.00560    -0.00043    -0.00024
46111    -0.00558    -0.00106    -0.00091
46139    -0.00508    -0.00081    -0.00105
46170    -0.00379    -0.00092    -0.00035
46200    -0.00282    -0.00060     0.00040
46231    -0.00122     0.00001     0.00147
46261     0.00068     0.00012     0.00155
46292     0.00062     0.00031     0.00116
46323     0.00089     0.00068     0.00092
46353    -0.00129     0.00112     0.00067
46384    -0.00255     0.00105     0.00032
46414    -0.00342     0.00030    -0.00011
46445    -0.00263    -0.00031    -0.00082
46476    -0.00280    -0.00065    -0.00118
46504    -0.00232    -0.00106    -0.00121
46535    -0.00137    -0.00105    -0.00057
46565    -0.00054    -0.00074     0.00056
46596    -0.00013    -0.00024     0.00190
46626     0.00100     0.00045     0.00206
46657     0.00247     0.00065     0.00180
46688     0.00197     0.00067     0.00166
46718     0.00055     0.00067     0.00151
46749    -0.00057     0.00056     0.00089
46779    -0.00159     0.00027     0.00027
46810    -0.00208    -0.00006    -0.00022
46841    -0.00212    -0.00019    -0.00060
46869    -0.00236    -0.00027    -0.00088
46900    -0.00160    -0.00046    -0.00035
46930    -0.00051    -0.00018     0.00055
46961     0.00024     0.00016     0.00118
46991     0.00153     0.00067     0.00182
47022     0.00177     0.00080     0.00157
47053     0.00213     0.00098     0.00105
47083     0.00267     0.00087     0.00059
47114     0.00197     0.00073     0.00034
47144     0.00099     0.00028     0.00003
47175    -0.00007    -0.00015    -0.00053
47206    -0.00018    -0.00057    -0.00097
47235     0.00051    -0.00088    -0.00122
47266     0.00094    -0.00078    -0.00059
47296     0.00190    -0.00054     0.00004
47327     0.00330    -0.00028     0.00111
47357     0.00378     0.00016     0.00114
47388     0.00389     0.00035     0.00046
47419     0.00317     0.00077    -0.00009
47449     0.00287     0.00083    -0.00014
47480     0.00227     0.00045    -0.00029
47510     0.00153    -0.00005    -0.00070
47541     0.00079    -0.00052    -0.00126
47572     0.00036    -0.00072    -0.00168
47600     0.00060    -0.00056    -0.00182
47631     0.00162    -0.00046    -0.00137
47661     0.00248    -0.00032    -0.00041
47692     0.00282     0.00033     0.00095
47722     0.00408     0.00058     0.00142
47753     0.00445     0.00054     0.00129
47784     0.00416     0.00080     0.00099
47814     0.00402     0.00075     0.00048
47845     0.00365     0.00056     0.00005
47875     0.00345    -0.00035    -0.00060
47906     0.00289    -0.00092    -0.00119
47937     0.00224    -0.00112    -0.00177
47965     0.00181    -0.00077    -0.00183
47996     0.00208    -0.00050    -0.00116
48026     0.00221    -0.00025    -0.00008
48057     0.00309     0.00025     0.00091
48087     0.00358     0.00048     0.00105
48118     0.00355     0.00080     0.00093
48149     0.00367     0.00078     0.00064
48179     0.00256     0.00105    -0.00002
48210     0.00191     0.00094    -0.00059
48240     0.00124     0.00047    -0.00128
48271     0.00043     0.00022    -0.00185
48302     0.00090     0.00010    -0.00225
48330     0.00066    -0.00049    -0.00255
48361     0.00090    -0.00070    -0.00186
48391     0.00111    -0.00064    -0.00073
48422     0.00198    -0.00023     0.00051
48452     0.00291     0.00020     0.00102
48483     0.00344     0.00059     0.00073
48514     0.00290     0.00104     0.00055
48544     0.00275     0.00106     0.00019
48575     0.00144     0.00110    -0.00011
48605    -0.00034     0.00103    -0.00067
48636    -0.00224     0.00069    -0.00134
48667    -0.00283     0.00032    -0.00171
48696    -0.00297     0.00022    -0.00165
48727    -0.00227    -0.00007    -0.00117
48757    -0.00123     0.00018    -0.00020
48788    -0.00094     0.00070     0.00095
48818     0.00032     0.00098     0.00140
48849     0.00083     0.00117     0.00104
48880     0.00057     0.00105     0.00078
48910     0.00104     0.00110     0.00031
48941    -0.00005     0.00076    -0.00026
48971    -0.00139     0.00032    -0.00044
49002    -0.00311    -0.00021    -0.00088
49033    -0.00358    -0.00057    -0.00140
49061    -0.00363    -0.00071    -0.00160
49092    -0.00302    -0.00074    -0.00112
49122    -0.00193    -0.00044    -0.00043
49153    -0.00085    -0.00003     0.00059
49183    -0.00039     0.00057     0.00074
49214     0.00062     0.00082     0.00044
49245     0.00024     0.00088     0.00000
49275     0.00034     0.00081    -0.00021
49306    -0.00034     0.00060    -0.00050
49336    -0.00091     0.00020    -0.00085
49367    -0.00118    -0.00055    -0.00135
49398    -0.00146    -0.00097    -0.00164
49426    -0.00132    -0.00086    -0.00172
49457    -0.00103    -0.00086    -0.00114
49487    -0.00079    -0.00067    -0.00029
49518     0.00012    -0.00042     0.00052
49548     0.00120     0.00006     0.00043
49579     0.00206     0.00012     0.00003
49610     0.00180     0.00024    -0.00045
49640     0.00116     0.00003    -0.00058
49671    -0.00013    -0.00032    -0.00108
49701    -0.00128    -0.00054    -0.00182
49732    -0.00217    -0.00071    -0.00238
49763    -0.00220    -0.00081    -0.00289
49791    -0.00238    -0.00100    -0.00295
49822    -0.00211    -0.00110    -0.00209
49852    -0.00195    -0.00092    -0.00088
49883    -0.00144    -0.00036     0.00014
49913     0.00016     0.00014     0.00030
49944     0.00131     0.00037    -0.00040
49975     0.00140     0.00057    -0.00094
50005     0.00088     0.00056    -0.00115
50036     0.00028     0.00034    -0.00150
50066    -0.00012    -0.00040    -0.00166
50097    -0.00052    -0.00096    -0.00230
50128    -0.00080    -0.00127    -0.00293
50157    -0.00056    -0.00132    -0.00324
50188    -0.00011    -0.00134    -0.00273
50218     0.00051    -0.00126    -0.00110
50249     0.00157    -0.00122     0.00059
50279     0.00242    -0.00114     0.00210
50310     0.00325    -0.00104     0.00304
50341     0.00345    -0.00118     0.00325
50371     0.00351    -0.00125     0.00284
50402     0.00287    -0.00144     0.00219
50432     0.00213    -0.00156     0.00126
50463     0.00118    -0.00181     0.00030
50494     0.00011    -0.00185    -0.00076
50522    -0.00049    -0.00199    -0.00156
50553    -0.00092    -0.00207    -0.00146
50583    -0.00121    -0.00177    -0.00102
50614    -0.00079    -0.00117    -0.00010
50644     0.00016    -0.00043     0.00011
50675     0.00060     0.00019    -0.00002
50706    -0.00019     0.00049    -0.00052
50736    -0.00177     0.00035    -0.00134
50767    -0.00311    -0.00001    -0.00235
50797    -0.00436    -0.00059    -0.00320
50828    -0.00525    -0.00085    -0.00371
50859    -0.00579    -0.00094    -0.00382
50887    -0.00618    -0.00086    -0.00387
50918    -0.00579    -0.00079    -0.00319
50948    -0.00454    -0.00041    -0.00194
50979    -0.00325    -0.00002    -0.00070
51009    -0.00189     0.00057    -0.00076
51040    -0.00073     0.00066    -0.00113
51071    -0.00031     0.00064    -0.00168
51101    -0.00122     0.00085    -0.00212
51132    -0.00309     0.00084    -0.00223
51162    -0.00368     0.00035    -0.00240
51193    -0.00394    -0.00009    -0.00265
51224    -0.00406    -0.00043    -0.00271
51252    -0.00340    -0.00056    -0.00261
51283    -0.00309    -0.00055    -0.00178
51313    -0.00280    -0.00018    -0.00076
51344    -0.00207     0.00045     0.00013
51374    -0.00250     0.00063     0.00030
51405    -0.00191     0.00064    -0.00001
51436    -0.00210     0.00054    -0.00029
51466    -0.00171     0.00055    -0.00059
51497    -0.00136     0.00036    -0.00076
51527    -0.00158    -0.00011    -0.00086
51558    -0.00147    -0.00131    -0.00086
51589    -0.00124    -0.00191    -0.00091
51618    -0.00160    -0.00199    -0.00090
51649    -0.00178    -0.00195    -0.00067
51679    -0.00049    -0.00141    -0.00048
51710    -0.00035    -0.00045    -0.00011
51740     0.00003     0.00008     0.00034
51771     0.00121     0.00042     0.00026
51802     0.00152     0.00036     0.00014
51832     0.00041     0.00035    -0.00047
51863    -0.00259     0.00028    -0.00076
51893    -0.00255    -0.00022    -0.00089
51924    -0.00318    -0.00043    -0.00101
51955    -0.00374    -0.00016    -0.00117
51983    -0.00387    -0.00025    -0.00117
52014    -0.00286    -0.00048    -0.00085
52044    -0.00174    -0.00012    -0.00001
52075    -0.00051     0.00033     0.00062
52105     0.00080     0.00075     0.00107
52136     0.00161     0.00117     0.00104
52167     0.00153     0.00139     0.00085
52197     0.00157     0.00141     0.00046
52228     0.00147     0.00111     0.00001
52258     0.00039     0.00059    -0.00009
52289     0.00013    -0.00009    -0.00034
52320    -0.00007    -0.00021    -0.00053
52348     0.00000    -0.00019    -0.00064
52379    -0.00001    -0.00037    -0.00025
52409     0.00040    -0.00002     0.00053
52440     0.00107     0.00044     0.00154
52470     0.00189     0.00100     0.00180
52501     0.00262     0.00122     0.00169
52532     0.00223     0.00124     0.00141
52562     0.00138     0.00121     0.00077
52593     0.00053     0.00083     0.00025
52623    -0.00004     0.00042     0.00006
52654    -0.00025    -0.00021    -0.00005
52685    -0.00048    -0.00057    -0.00012
52713    -0.00090    -0.00072     0.00010
52744    -0.00045    -0.00089     0.00047
52774    -0.00017    -0.00051     0.00117
52805     0.00026    -0.00002     0.00189
52835     0.00153     0.00056     0.00191
52866     0.00259     0.00081     0.00156
52897     0.00256     0.00107     0.00101
52927     0.00204     0.00119     0.00056
52958     0.00129     0.00089     0.00017
52988     0.00082     0.00050    -0.00003
53019     0.00054    -0.00015    -0.00014
53050     0.00036    -0.00061    -0.00020
53079    -0.00017    -0.00072    -0.00023
53110    -0.00017    -0.00088    -0.00010
53140     0.00030    -0.00054     0.00046
53171     0.00072     0.00014     0.00108
53201     0.00127     0.00065     0.00145
53232     0.00192     0.00098     0.00112
53263     0.00193     0.00128     0.00068
53293     0.00090     0.00134     0.00033
53324    -0.00053     0.00093     0.00010
53354    -0.00127     0.00032    -0.00026
53385    -0.00214    -0.00029    -0.00036
53416    -0.00321    -0.00069    -0.00040
53444    -0.00342    -0.00102    -0.00041
53475    -0.00275    -0.00097    -0.00001
53505    -0.00184    -0.00088     0.00046
53536    -0.00091    -0.00040     0.00134
53566     0.00072     0.00030     0.00159
53597     0.00124     0.00092     0.00127
53628     0.00145     0.00125     0.00094
53658     0.00070     0.00136     0.00081
53689     0.00041     0.00122     0.00066
53719    -0.00015     0.00039     0.00080
53750    -0.00056    -0.00033     0.00086
53781    -0.00069    -0.00064     0.00063
53809    -0.00062    -0.00104     0.00049
53840    -0.00027    -0.00122     0.00075
53870     0.00021    -0.00074     0.00112
53901     0.00107    -0.00007     0.00162
53931     0.00189     0.00074     0.00194
53962     0.00193     0.00100     0.00158
53993     0.00139     0.00127     0.00097
54023     0.00073     0.00108     0.00094
54054     0.00034     0.00041     0.00061
54084    -0.00003    -0.00004     0.00042
54115    -0.00094    -0.00019     0.00037
54146    -0.00104    -0.00044     0.00007
54174    -0.00100    -0.00051     0.00016
54205    -0.00121    -0.00049     0.00067
54235    -0.00072    -0.00030     0.00106
54266     0.00038     0.00025     0.00150
54296     0.00156     0.00086     0.00131
54327     0.00220     0.00085     0.00079
54358     0.00242     0.00094     0.00020
54388     0.00207     0.00092     0.00014
54419     0.00208     0.00033    -0.00002
54449     0.00073    -0.00032    -0.00014
54480     0.00001    -0.00103    -0.00009
54511    -0.00068    -0.00132    -0.00008
54540    -0.00099    -0.00145    -0.00006
54571    -0.00062    -0.00132     0.00002
54601    -0.00011    -0.00093     0.00069
54632     0.00064    -0.00034     0.00124
54662     0.00142     0.00024     0.00117
54693     0.00202     0.00053     0.00063
54724     0.00152     0.00081    -0.00003
54754     0.00135     0.00082    -0.00034
54785     0.00117     0.00075    -0.00067
54815     0.00033     0.00011    -0.00064
54846    -0.00032    -0.00038    -0.00067
54877    -0.00028    -0.00091    -0.00087
54905    -0.00041    -0.00110    -0.00095
54936    -0.00048    -0.00106    -0.00065
54966    -0.00023    -0.00066    -0.00001
54997     0.00043    -0.00016     0.00086
55027     0.00139     0.00033     0.00099
55058     0.00227     0.00058     0.00075
55089     0.00249     0.00070     0.00037
55119     0.00168     0.00087     0.00008
55150     0.00105     0.00021    -0.00026
55180     0.00054    -0.00045    -0.00045
55211    -0.00009    -0.00099    -0.00074
55242    -0.00172    -0.00100    -0.00091
55270    -0.00159    -0.00123    -0.00095
55301    -0.00102    -0.00118    -0.00058
55331    -0.00058    -0.00085    -0.00004
55362     0.00023    -0.00036     0.00060
55392     0.00103     0.00037     0.00091
55423     0.00201     0.00066     0.00054
55454     0.00243     0.00100    -0.00020
55484     0.00215     0.00113    -0.00060
55515     0.00165     0.00071    -0.00079
55545     0.00079     0.00013    -0.00105
55576    -0.00019    -0.00057    -0.00101
55607    -0.00049    -0.00084    -0.00105
55635    -0.00086    -0.00109    -0.00091
55666    -0.00089    -0.00105    -0.00040
55696    -0.00067    -0.00072     0.00034
55727     0.00024    -0.00006     0.00108
55757     0.00122     0.00063     0.00125
55788     0.00228     0.00099     0.00094
55819     0.00250     0.00115     0.00039
55849     0.00232     0.00077     0.00011
55880     0.00188     0.00030    -0.00004
55910     0.00087     0.00006    -0.00018
55941     0.00045    -0.00036    -0.00036
55972     0.00002    -0.00054    -0.00035
56001    -0.00002    -0.00043    -0.00017
56032     0.00002    -0.00050     0.00013
56062     0.00038    -0.00034     0.00048
56093     0.00143     0.00001     0.00123
56123     0.00253     0.00033     0.00126
56154     0.00337     0.00063     0.00075
56185     0.00370     0.00089    -0.00006
56215     0.00316     0.00076    -0.00030
56246     0.00284     0.00034    -0.00077
56276     0.00223    -0.00020    -0.00096
56307     0.00129    -0.00052    -0.00104
56338     0.00080    -0.00078    -0.00115
56366     0.00058    -0.00082    -0.00102
56397     0.00071    -0.00098    -0.00066
56427     0.00102    -0.00068     0.00010
56458     0.00114    -0.00004     0.00086
56488     0.00182     0.00064     0.00105
56519     0.00215     0.00105     0.00092
56550     0.00135     0.00123     0.00072
56580     0.00059     0.00130     0.00056
56611    -0.00004     0.00087     0.00059
56641    -0.00082     0.00039     0.00057
56672    -0.00093    -0.00009     0.00052
56703    -0.00101    -0.00045     0.00062
56731    -0.00121    -0.00091     0.00093
56762    -0.00090    -0.00089     0.00132
56792    -0.00048    -0.00081     0.00164
56823    -0.00020    -0.00023     0.00208
56853     0.00065     0.00031     0.00211
56884     0.00150     0.00054     0.00161
56915     0.00109     0.00073     0.00088
56945     0.00027     0.00067     0.00041
56976    -0.00023     0.00041     0.00009
57006    -0.00097    -0.00001     0.00010
57037    -0.00161    -0.00007    -0.00020
57068    -0.00230    -0.00035    -0.00040
57096    -0.00260    -0.00047    -0.00041
57127    -0.00231    -0.00055    -0.00030
57157    -0.00278    -0.00028     0.00045
57188    -0.00245     0.00025     0.00121
57218    -0.00142     0.00056     0.00157
57249    -0.00018     0.00076     0.00118
57280     0.00033     0.00089     0.00064
57310    -0.00016     0.00104     0.00013
57341    -0.00128     0.00113    -0.00047
57371    -0.00209     0.00112    -0.00101
57402    -0.00264     0.00056    -0.00117
57433    -0.00265     0.00006    -0.00113
57462    -0.00260    -0.00042    -0.00107
57493    -0.00239    -0.00066    -0.00081
57523    -0.00205    -0.00042    -0.00038
57554    -0.00114     0.00008     0.00015
