# Hydrology loading displacements computed from the monthly GLDAS NOAH model
# This is a product of the Hydrology loading service: http://lacerta.gsfc.nasa.gov/hydlo/
# Displacements are with respect to the center of mass of the total earth
#
# Created for VieVS on 17.03.2017 at 11:46:08 local time
# OFFSET + TREND REMOVED!!! - Hana 
# mjd up (meters) eastwest (meters) northsouth (meters)
43888    -0.00276    -0.00045    -0.00041
43919    -0.00372    -0.00072    -0.00107
43947    -0.00344    -0.00072    -0.00094
43978    -0.00329    -0.00071    -0.00052
44008    -0.00204    -0.00055     0.00058
44039    -0.00077    -0.00027     0.00160
44069     0.00099     0.00031     0.00180
44100     0.00161     0.00076     0.00150
44131     0.00197     0.00078     0.00127
44161     0.00194     0.00073     0.00110
44192     0.00127     0.00028     0.00065
44222     0.00119    -0.00036     0.00010
44253    -0.00064    -0.00089    -0.00006
44284    -0.00398    -0.00085    -0.00027
44313    -0.00437    -0.00079    -0.00058
44344    -0.00281    -0.00078    -0.00018
44374    -0.00179    -0.00047     0.00075
44405    -0.00030    -0.00007     0.00157
44435     0.00143     0.00038     0.00163
44466     0.00236     0.00070     0.00132
44497     0.00204     0.00088     0.00104
44527     0.00152     0.00084     0.00090
44558     0.00125     0.00048     0.00040
44588     0.00081     0.00002    -0.00004
44619     0.00082    -0.00033    -0.00038
44650     0.00041    -0.00069    -0.00058
44678    -0.00036    -0.00095    -0.00091
44709     0.00001    -0.00100    -0.00061
44739     0.00051    -0.00091     0.00020
44770     0.00092    -0.00031     0.00149
44800     0.00200     0.00039     0.00155
44831     0.00279     0.00086     0.00123
44862     0.00277     0.00102     0.00099
44892     0.00204     0.00115     0.00057
44923     0.00156     0.00099     0.00019
44953     0.00053     0.00047    -0.00019
44984    -0.00080    -0.00024    -0.00080
45015    -0.00156    -0.00040    -0.00133
45043    -0.00180    -0.00050    -0.00137
45074    -0.00206    -0.00081    -0.00059
45104    -0.00089    -0.00076     0.00024
45135    -0.00019    -0.00057     0.00171
45165     0.00071    -0.00033     0.00260
45196     0.00169     0.00024     0.00202
45227     0.00170     0.00058     0.00164
45257     0.00127     0.00039     0.00122
45288     0.00016     0.00032     0.00038
45318    -0.00259     0.00023    -0.00037
45349    -0.00330    -0.00003    -0.00091
45380    -0.00553    -0.00034    -0.00127
45408    -0.00669    -0.00011    -0.00118
45439    -0.00551    -0.00005    -0.00048
45469    -0.00422     0.00024     0.00039
45500    -0.00233     0.00048     0.00153
45530    -0.00071     0.00112     0.00203
45561     0.00007     0.00162     0.00169
45592     0.00018     0.00203     0.00124
45622    -0.00086     0.00234     0.00085
45653    -0.00176     0.00200     0.00062
45683    -0.00414     0.00133     0.00015
45714    -0.00422     0.00096    -0.00051
45745    -0.00360     0.00067    -0.00076
45774    -0.00302     0.00046    -0.00071
45805    -0.00232    -0.00014    -0.00012
45835    -0.00138    -0.00002     0.00090
45866    -0.00050     0.00039     0.00174
45896     0.00046     0.00115     0.00205
45927     0.00091     0.00171     0.00189
45958     0.00121     0.00177     0.00162
45988     0.00073     0.00164     0.00121
46019    -0.00048     0.00116     0.00093
46049    -0.00266     0.00076     0.00048
46080    -0.00450     0.00004     0.00007
46111    -0.00427    -0.00047    -0.00072
46139    -0.00380    -0.00035    -0.00098
46170    -0.00264    -0.00059    -0.00041
46200    -0.00154    -0.00043     0.00024
46231    -0.00038     0.00001     0.00133
46261     0.00109     0.00023     0.00155
46292     0.00167     0.00054     0.00127
46323     0.00168     0.00092     0.00107
46353     0.00066     0.00128     0.00083
46384    -0.00056     0.00110     0.00043
46414    -0.00230     0.00052    -0.00009
46445    -0.00170    -0.00008    -0.00088
46476    -0.00225    -0.00048    -0.00124
46504    -0.00242    -0.00095    -0.00128
46535    -0.00161    -0.00100    -0.00073
46565    -0.00084    -0.00079     0.00036
46596    -0.00005    -0.00061     0.00172
46626     0.00126     0.00021     0.00203
46657     0.00245     0.00062     0.00179
46688     0.00223     0.00062     0.00164
46718     0.00138     0.00048     0.00143
46749     0.00106     0.00028     0.00076
46779     0.00032    -0.00006     0.00012
46810    -0.00020    -0.00039    -0.00034
46841    -0.00029    -0.00053    -0.00076
46869    -0.00077    -0.00059    -0.00107
46900    -0.00020    -0.00082    -0.00062
46930     0.00060    -0.00061     0.00031
46961     0.00131    -0.00038     0.00104
46991     0.00211     0.00015     0.00177
47022     0.00263     0.00055     0.00162
47053     0.00293     0.00073     0.00111
47083     0.00298     0.00065     0.00063
47114     0.00192     0.00061     0.00035
47144     0.00111     0.00007     0.00001
47175     0.00018    -0.00037    -0.00054
47206     0.00015    -0.00076    -0.00107
47235     0.00073    -0.00109    -0.00138
47266     0.00106    -0.00099    -0.00076
47296     0.00169    -0.00073    -0.00011
47327     0.00271    -0.00051     0.00102
47357     0.00354    -0.00006     0.00121
47388     0.00403     0.00038     0.00065
47419     0.00391     0.00074     0.00011
47449     0.00349     0.00074     0.00000
47480     0.00270     0.00032    -0.00022
47510     0.00195    -0.00024    -0.00065
47541     0.00112    -0.00067    -0.00122
47572     0.00092    -0.00091    -0.00171
47600     0.00097    -0.00079    -0.00187
47631     0.00168    -0.00071    -0.00144
47661     0.00228    -0.00063    -0.00050
47692     0.00258    -0.00013     0.00086
47722     0.00364     0.00017     0.00140
47753     0.00422     0.00032     0.00133
47784     0.00390     0.00053     0.00106
47814     0.00364     0.00051     0.00051
47845     0.00312     0.00028     0.00003
47875     0.00302    -0.00063    -0.00071
47906     0.00247    -0.00120    -0.00132
47937     0.00188    -0.00142    -0.00190
47965     0.00164    -0.00116    -0.00198
47996     0.00208    -0.00095    -0.00136
48026     0.00228    -0.00080    -0.00031
48057     0.00264    -0.00024     0.00075
48087     0.00344     0.00026     0.00106
48118     0.00376     0.00065     0.00108
48149     0.00378     0.00072     0.00083
48179     0.00309     0.00090     0.00025
48210     0.00251     0.00069    -0.00040
48240     0.00197     0.00022    -0.00118
48271     0.00149    -0.00003    -0.00179
48302     0.00195    -0.00013    -0.00220
48330     0.00048    -0.00065    -0.00242
48361     0.00042    -0.00095    -0.00179
48391     0.00068    -0.00101    -0.00075
48422     0.00157    -0.00060     0.00045
48452     0.00245    -0.00013     0.00113
48483     0.00326     0.00033     0.00096
48514     0.00289     0.00070     0.00087
48544     0.00253     0.00071     0.00047
48575     0.00161     0.00072     0.00006
48605     0.00048     0.00067    -0.00058
48636    -0.00079     0.00030    -0.00115
48667    -0.00182    -0.00004    -0.00143
48696    -0.00267    -0.00014    -0.00137
48727    -0.00224    -0.00042    -0.00098
48757    -0.00106    -0.00022    -0.00002
48788    -0.00030     0.00009     0.00113
48818     0.00060     0.00048     0.00158
48849     0.00131     0.00090     0.00128
48880     0.00141     0.00093     0.00099
48910     0.00145     0.00098     0.00049
48941     0.00062     0.00061    -0.00015
48971    -0.00045     0.00023    -0.00033
49002    -0.00288     0.00006    -0.00064
49033    -0.00418    -0.00007    -0.00111
49061    -0.00411    -0.00023    -0.00140
49092    -0.00343    -0.00043    -0.00106
49122    -0.00227    -0.00022    -0.00044
49153    -0.00140     0.00009     0.00061
49183    -0.00071     0.00069     0.00087
49214     0.00036     0.00104     0.00060
49245     0.00050     0.00122     0.00017
49275     0.00044     0.00113    -0.00013
49306    -0.00008     0.00085    -0.00050
49336    -0.00060     0.00043    -0.00090
49367    -0.00069    -0.00037    -0.00148
49398    -0.00110    -0.00079    -0.00182
49426    -0.00110    -0.00071    -0.00191
49457    -0.00083    -0.00078    -0.00141
49487    -0.00050    -0.00074    -0.00058
49518     0.00026    -0.00056     0.00026
49548     0.00119    -0.00002     0.00025
49579     0.00212     0.00019    -0.00008
49610     0.00217     0.00036    -0.00053
49640     0.00154     0.00012    -0.00073
49671     0.00072    -0.00026    -0.00128
49701    -0.00006    -0.00039    -0.00202
49732    -0.00147    -0.00049    -0.00246
49763    -0.00191    -0.00052    -0.00295
49791    -0.00229    -0.00068    -0.00300
49822    -0.00204    -0.00092    -0.00224
49852    -0.00177    -0.00083    -0.00116
49883    -0.00124    -0.00039    -0.00015
49913     0.00008     0.00016     0.00010
49944     0.00110     0.00056    -0.00048
49975     0.00132     0.00084    -0.00092
50005     0.00104     0.00074    -0.00119
50036     0.00048     0.00047    -0.00160
50066    -0.00002    -0.00033    -0.00179
50097    -0.00033    -0.00091    -0.00245
50128    -0.00080    -0.00124    -0.00303
50157    -0.00079    -0.00128    -0.00334
50188    -0.00048    -0.00134    -0.00283
50218    -0.00011    -0.00135    -0.00121
50249     0.00064    -0.00137     0.00051
50279     0.00115    -0.00138     0.00209
50310     0.00179    -0.00129     0.00302
50341     0.00193    -0.00144     0.00325
50371     0.00198    -0.00149     0.00281
50402     0.00122    -0.00169     0.00222
50432     0.00059    -0.00181     0.00129
50463    -0.00029    -0.00195     0.00036
50494    -0.00105    -0.00187    -0.00068
50522    -0.00121    -0.00192    -0.00152
50553    -0.00096    -0.00198    -0.00150
50583    -0.00071    -0.00173    -0.00113
50614    -0.00031    -0.00127    -0.00022
50644     0.00043    -0.00048     0.00009
50675     0.00101     0.00026     0.00000
50706     0.00052     0.00071    -0.00046
50736    -0.00044     0.00071    -0.00128
50767    -0.00134     0.00040    -0.00227
50797    -0.00232    -0.00012    -0.00307
50828    -0.00341    -0.00036    -0.00352
50859    -0.00518    -0.00049    -0.00354
50887    -0.00557    -0.00040    -0.00373
50918    -0.00523    -0.00038    -0.00318
50948    -0.00430    -0.00014    -0.00198
50979    -0.00338     0.00020    -0.00074
51009    -0.00190     0.00089    -0.00075
51040    -0.00045     0.00116    -0.00107
51071    -0.00007     0.00132    -0.00154
51101    -0.00060     0.00134    -0.00205
51132    -0.00158     0.00114    -0.00226
51162    -0.00224     0.00059    -0.00245
51193    -0.00247     0.00005    -0.00278
51224    -0.00300    -0.00033    -0.00284
51252    -0.00244    -0.00052    -0.00278
51283    -0.00233    -0.00057    -0.00200
51313    -0.00195    -0.00030    -0.00107
51344    -0.00131     0.00027    -0.00010
51374    -0.00087     0.00069     0.00033
51405     0.00029     0.00088     0.00001
51436     0.00042     0.00098    -0.00021
51466     0.00046     0.00093    -0.00057
51497     0.00047     0.00066    -0.00078
51527     0.00020     0.00011    -0.00095
51558     0.00037    -0.00111    -0.00108
51589     0.00022    -0.00172    -0.00115
51618    -0.00040    -0.00175    -0.00112
51649    -0.00005    -0.00182    -0.00107
51679     0.00064    -0.00127    -0.00079
51710     0.00073    -0.00042    -0.00020
51740     0.00116     0.00010     0.00038
51771     0.00190     0.00050     0.00033
51802     0.00195     0.00047     0.00023
51832     0.00147     0.00051    -0.00028
51863     0.00037     0.00032    -0.00047
51893     0.00054    -0.00024    -0.00074
51924    -0.00021    -0.00052    -0.00094
51955    -0.00095    -0.00030    -0.00111
51983    -0.00172    -0.00044    -0.00112
52014    -0.00111    -0.00062    -0.00088
52044    -0.00037    -0.00030    -0.00009
52075     0.00038     0.00013     0.00057
52105     0.00122     0.00065     0.00110
52136     0.00194     0.00117     0.00110
52167     0.00183     0.00133     0.00095
52197     0.00178     0.00136     0.00052
52228     0.00158     0.00105     0.00004
52258     0.00067     0.00043    -0.00009
52289     0.00047    -0.00027    -0.00039
52320     0.00043    -0.00044    -0.00062
52348     0.00040    -0.00043    -0.00077
52379     0.00039    -0.00069    -0.00044
52409     0.00054    -0.00038     0.00034
52440     0.00094     0.00004     0.00141
52470     0.00165     0.00067     0.00180
52501     0.00232     0.00100     0.00171
52532     0.00217     0.00117     0.00138
52562     0.00168     0.00106     0.00068
52593     0.00108     0.00055     0.00012
52623     0.00056     0.00010    -0.00009
52654     0.00031    -0.00054    -0.00023
52685    -0.00025    -0.00088    -0.00030
52713    -0.00105    -0.00099    -0.00010
52744    -0.00080    -0.00120     0.00024
52774    -0.00071    -0.00089     0.00096
52805    -0.00015    -0.00049     0.00172
52835     0.00094     0.00022     0.00186
52866     0.00186     0.00064     0.00158
52897     0.00197     0.00097     0.00101
52927     0.00166     0.00106     0.00058
52958     0.00095     0.00072     0.00014
52988     0.00057     0.00031    -0.00012
53019     0.00032    -0.00036    -0.00025
53050     0.00021    -0.00082    -0.00035
53079    -0.00040    -0.00097    -0.00036
53110     0.00011    -0.00116    -0.00032
53140     0.00044    -0.00088     0.00024
53171     0.00066    -0.00022     0.00093
53201     0.00130     0.00029     0.00135
53232     0.00201     0.00072     0.00111
53263     0.00186     0.00110     0.00069
53293     0.00098     0.00106     0.00035
53324    -0.00075     0.00065     0.00018
53354    -0.00113     0.00004    -0.00023
53385    -0.00314    -0.00048    -0.00024
53416    -0.00415    -0.00083    -0.00028
53444    -0.00464    -0.00117    -0.00034
53475    -0.00379    -0.00115    -0.00003
53505    -0.00295    -0.00102     0.00041
53536    -0.00207    -0.00055     0.00130
53566    -0.00072     0.00026     0.00166
53597     0.00003     0.00101     0.00144
53628     0.00042     0.00134     0.00113
53658    -0.00011     0.00139     0.00098
53689    -0.00044     0.00122     0.00078
53719    -0.00087     0.00027     0.00081
53750    -0.00140    -0.00053     0.00089
53781    -0.00134    -0.00085     0.00059
53809    -0.00148    -0.00124     0.00042
53840    -0.00135    -0.00144     0.00068
53870    -0.00084    -0.00098     0.00106
53901    -0.00009    -0.00028     0.00164
53931     0.00087     0.00060     0.00205
53962     0.00152     0.00095     0.00179
53993     0.00142     0.00122     0.00128
54023     0.00086     0.00098     0.00112
54054     0.00052     0.00026     0.00069
54084     0.00020    -0.00024     0.00043
54115    -0.00023    -0.00048     0.00030
54146    -0.00016    -0.00071    -0.00004
54174    -0.00020    -0.00081    -0.00001
54205    -0.00028    -0.00089     0.00044
54235     0.00011    -0.00073     0.00083
54266     0.00077    -0.00011     0.00136
54296     0.00168     0.00063     0.00134
54327     0.00247     0.00082     0.00095
54358     0.00249     0.00100     0.00037
54388     0.00194     0.00097     0.00024
54419     0.00187     0.00038     0.00000
54449     0.00092    -0.00020    -0.00017
54480    -0.00004    -0.00096    -0.00014
54511    -0.00107    -0.00130    -0.00015
54540    -0.00118    -0.00153    -0.00021
54571    -0.00079    -0.00145    -0.00017
54601    -0.00037    -0.00109     0.00050
54632     0.00019    -0.00047     0.00110
54662     0.00116     0.00014     0.00120
54693     0.00197     0.00054     0.00077
54724     0.00173     0.00083     0.00021
54754     0.00142     0.00083    -0.00018
54785     0.00101     0.00076    -0.00055
54815    -0.00001     0.00014    -0.00061
54846    -0.00057    -0.00030    -0.00072
54877    -0.00094    -0.00080    -0.00092
54905    -0.00121    -0.00107    -0.00100
54936    -0.00104    -0.00110    -0.00078
54966    -0.00071    -0.00074    -0.00014
54997    -0.00007    -0.00025     0.00077
55027     0.00090     0.00031     0.00103
55058     0.00167     0.00065     0.00082
55089     0.00188     0.00083     0.00046
55119     0.00119     0.00090     0.00017
55150     0.00074     0.00018    -0.00028
55180     0.00003    -0.00047    -0.00051
55211    -0.00089    -0.00091    -0.00079
55242    -0.00285    -0.00082    -0.00083
55270    -0.00259    -0.00102    -0.00093
55301    -0.00203    -0.00104    -0.00060
55331    -0.00154    -0.00078    -0.00009
55362    -0.00088    -0.00028     0.00060
55392     0.00015     0.00042     0.00101
55423     0.00134     0.00091     0.00070
55454     0.00162     0.00135     0.00000
55484     0.00118     0.00152    -0.00043
55515     0.00055     0.00105    -0.00068
55545    -0.00073     0.00044    -0.00091
55576    -0.00234    -0.00026    -0.00077
55607    -0.00234    -0.00058    -0.00090
55635    -0.00283    -0.00088    -0.00078
55666    -0.00286    -0.00093    -0.00030
55696    -0.00235    -0.00064     0.00035
55727    -0.00151     0.00007     0.00114
55757    -0.00041     0.00084     0.00142
55788     0.00064     0.00131     0.00118
55819     0.00107     0.00155     0.00064
55849     0.00098     0.00117     0.00030
55880     0.00065     0.00068     0.00007
55910     0.00008     0.00034    -0.00011
55941    -0.00014    -0.00015    -0.00034
55972    -0.00064    -0.00035    -0.00035
56001    -0.00073    -0.00028    -0.00018
56032    -0.00096    -0.00044     0.00014
56062    -0.00050    -0.00032     0.00049
56093     0.00033     0.00005     0.00127
56123     0.00146     0.00055     0.00142
56154     0.00228     0.00102     0.00095
56185     0.00259     0.00139     0.00015
56215     0.00211     0.00116    -0.00014
56246     0.00183     0.00074    -0.00068
56276     0.00113     0.00018    -0.00089
56307     0.00022    -0.00022    -0.00101
56338    -0.00012    -0.00051    -0.00119
56366    -0.00020    -0.00062    -0.00112
56397     0.00009    -0.00084    -0.00083
56427     0.00042    -0.00062    -0.00007
56458     0.00050    -0.00006     0.00075
56488     0.00124     0.00069     0.00110
56519     0.00169     0.00121     0.00102
56550     0.00142     0.00146     0.00089
56580     0.00091     0.00142     0.00068
56611     0.00035     0.00094     0.00064
56641    -0.00021     0.00049     0.00055
56672    -0.00019    -0.00005     0.00043
56703    -0.00029    -0.00045     0.00046
56731    -0.00073    -0.00095     0.00075
56762    -0.00048    -0.00099     0.00111
56792    -0.00014    -0.00092     0.00142
56823     0.00009    -0.00043     0.00192
56853     0.00077     0.00020     0.00205
56884     0.00161     0.00063     0.00164
56915     0.00145     0.00096     0.00100
56945     0.00090     0.00089     0.00050
56976     0.00040     0.00051     0.00015
57006    -0.00072     0.00001     0.00015
57037    -0.00114    -0.00007    -0.00017
57068    -0.00152    -0.00035    -0.00041
57096    -0.00167    -0.00053    -0.00048
57127    -0.00129    -0.00060    -0.00035
57157    -0.00136    -0.00039     0.00037
57188    -0.00103     0.00004     0.00114
57218    -0.00028     0.00039     0.00157
57249     0.00065     0.00081     0.00124
57280     0.00084     0.00110     0.00074
57310     0.00037     0.00123     0.00026
57341    -0.00031     0.00122    -0.00038
57371    -0.00089     0.00114    -0.00096
57402    -0.00168     0.00057    -0.00115
57433    -0.00177     0.00005    -0.00117
57462    -0.00175    -0.00051    -0.00115
57493    -0.00147    -0.00076    -0.00096
57523    -0.00107    -0.00052    -0.00055
57554    -0.00032    -0.00004     0.00008
