# Hydrology loading displacements computed from the monthly GLDAS NOAH model
# This is a product of the Hydrology loading service: http://lacerta.gsfc.nasa.gov/hydlo/
# Displacements are with respect to the center of mass of the total earth
#
# Created for VieVS on 17.03.2017 at 11:46:08 local time
# OFFSET + TREND REMOVED!!! - Hana 
# mjd up (meters) eastwest (meters) northsouth (meters)
43888    -0.00255    -0.00011    -0.00020
43919    -0.00323    -0.00013    -0.00085
43947    -0.00335    -0.00007    -0.00073
43978    -0.00289    -0.00022    -0.00036
44008    -0.00173    -0.00037     0.00072
44039     0.00005    -0.00045     0.00156
44069     0.00202    -0.00002     0.00162
44100     0.00299     0.00029     0.00122
44131     0.00317     0.00025     0.00102
44161     0.00280     0.00024     0.00091
44192     0.00146    -0.00007     0.00067
44222     0.00076    -0.00062     0.00027
44253    -0.00153    -0.00059     0.00030
44284    -0.00278    -0.00025    -0.00007
44313    -0.00302    -0.00006    -0.00049
44344    -0.00208    -0.00033    -0.00008
44374    -0.00080    -0.00027     0.00076
44405     0.00067    -0.00005     0.00151
44435     0.00256     0.00022     0.00145
44466     0.00362     0.00040     0.00107
44497     0.00335     0.00047     0.00079
44527     0.00270     0.00035     0.00071
44558     0.00215    -0.00000     0.00025
44588     0.00099    -0.00027     0.00002
44619     0.00082    -0.00054    -0.00024
44650    -0.00037    -0.00049    -0.00027
44678    -0.00069    -0.00066    -0.00061
44709    -0.00061    -0.00070    -0.00032
44739     0.00018    -0.00087     0.00036
44770     0.00097    -0.00052     0.00155
44800     0.00246    -0.00001     0.00146
44831     0.00351     0.00036     0.00103
44862     0.00360     0.00046     0.00077
44892     0.00256     0.00065     0.00044
44923     0.00077     0.00079     0.00041
44953    -0.00128     0.00057     0.00038
44984    -0.00290     0.00026    -0.00017
45015    -0.00314     0.00021    -0.00081
45043    -0.00311     0.00021    -0.00094
45074    -0.00340     0.00004    -0.00021
45104    -0.00156    -0.00036     0.00041
45135    -0.00024    -0.00053     0.00168
45165     0.00109    -0.00053     0.00244
45196     0.00243    -0.00011     0.00175
45227     0.00253     0.00022     0.00133
45257     0.00170     0.00017     0.00097
45288     0.00013     0.00041     0.00032
45318    -0.00264     0.00061    -0.00013
45349    -0.00377     0.00053    -0.00057
45380    -0.00529     0.00055    -0.00098
45408    -0.00586     0.00088    -0.00094
45439    -0.00493     0.00066    -0.00023
45469    -0.00371     0.00083     0.00059
45500    -0.00140     0.00065     0.00155
45530     0.00053     0.00102     0.00195
45561     0.00209     0.00136     0.00148
45592     0.00238     0.00171     0.00105
45622     0.00157     0.00192     0.00065
45653    -0.00064     0.00189     0.00076
45683    -0.00381     0.00177     0.00061
45714    -0.00401     0.00155    -0.00013
45745    -0.00382     0.00123    -0.00034
45774    -0.00355     0.00094    -0.00027
45805    -0.00273     0.00018     0.00023
45835    -0.00157     0.00004     0.00114
45866    -0.00032     0.00022     0.00183
45896     0.00123     0.00074     0.00204
45927     0.00229     0.00114     0.00175
45958     0.00257     0.00116     0.00147
45988     0.00178     0.00104     0.00110
46019    -0.00039     0.00079     0.00109
46049    -0.00232     0.00066     0.00076
46080    -0.00298    -0.00006     0.00020
46111    -0.00304    -0.00043    -0.00051
46139    -0.00312    -0.00024    -0.00069
46170    -0.00229    -0.00054    -0.00015
46200    -0.00093    -0.00063     0.00034
46231     0.00049    -0.00037     0.00129
46261     0.00227    -0.00029     0.00135
46292     0.00300    -0.00005     0.00101
46323     0.00279     0.00037     0.00084
46353     0.00181     0.00064     0.00065
46384     0.00050     0.00056     0.00034
46414    -0.00139     0.00034     0.00001
46445    -0.00142    -0.00010    -0.00069
46476    -0.00272    -0.00017    -0.00091
46504    -0.00325    -0.00035    -0.00100
46535    -0.00226    -0.00055    -0.00057
46565    -0.00130    -0.00063     0.00046
46596     0.00018    -0.00081     0.00163
46626     0.00179    -0.00014     0.00183
46657     0.00303     0.00025     0.00150
46688     0.00289     0.00018     0.00132
46718     0.00206     0.00002     0.00112
46749     0.00164    -0.00018     0.00049
46779     0.00074    -0.00048    -0.00009
46810    -0.00003    -0.00065    -0.00050
46841    -0.00086    -0.00059    -0.00076
46869    -0.00161    -0.00048    -0.00103
46900    -0.00094    -0.00083    -0.00062
46930     0.00017    -0.00082     0.00023
46961     0.00125    -0.00072     0.00085
46991     0.00228    -0.00030     0.00152
47022     0.00294     0.00005     0.00134
47053     0.00322     0.00025     0.00082
47083     0.00322     0.00019     0.00036
47114     0.00236     0.00027     0.00005
47144     0.00081    -0.00009    -0.00008
47175    -0.00055    -0.00029    -0.00054
47206    -0.00064    -0.00066    -0.00105
47235    -0.00001    -0.00101    -0.00142
47266     0.00051    -0.00101    -0.00085
47296     0.00118    -0.00075    -0.00024
47327     0.00233    -0.00066     0.00086
47357     0.00349    -0.00033     0.00097
47388     0.00427     0.00004     0.00034
47419     0.00424     0.00036    -0.00021
47449     0.00372     0.00033    -0.00027
47480     0.00254    -0.00002    -0.00037
47510     0.00135    -0.00038    -0.00068
47541     0.00027    -0.00059    -0.00117
47572    -0.00001    -0.00076    -0.00166
47600    -0.00055    -0.00055    -0.00164
47631     0.00015    -0.00054    -0.00120
47661     0.00112    -0.00062    -0.00038
47692     0.00186    -0.00031     0.00084
47722     0.00328    -0.00012     0.00124
47753     0.00414    -0.00002     0.00108
47784     0.00376     0.00022     0.00083
47814     0.00323     0.00024     0.00036
47845     0.00247     0.00003    -0.00001
47875     0.00214    -0.00081    -0.00072
47906     0.00134    -0.00123    -0.00126
47937     0.00037    -0.00128    -0.00175
47965     0.00004    -0.00101    -0.00179
47996     0.00084    -0.00097    -0.00126
48026     0.00135    -0.00094    -0.00030
48057     0.00180    -0.00040     0.00073
48087     0.00312    -0.00008     0.00094
48118     0.00375     0.00021     0.00091
48149     0.00380     0.00025     0.00066
48179     0.00315     0.00039     0.00013
48210     0.00232     0.00021    -0.00044
48240     0.00151    -0.00021    -0.00113
48271     0.00104    -0.00039    -0.00174
48302     0.00103    -0.00036    -0.00205
48330    -0.00027    -0.00046    -0.00229
48361    -0.00030    -0.00076    -0.00173
48391     0.00010    -0.00097    -0.00077
48422     0.00134    -0.00070     0.00029
48452     0.00248    -0.00037     0.00093
48483     0.00352     0.00001     0.00070
48514     0.00324     0.00030     0.00063
48544     0.00277     0.00028     0.00029
48575     0.00159     0.00036    -0.00007
48605     0.00048     0.00031    -0.00060
48636    -0.00071     0.00010    -0.00115
48667    -0.00175    -0.00004    -0.00138
48696    -0.00243    -0.00003    -0.00131
48727    -0.00178    -0.00045    -0.00098
48757    -0.00050    -0.00047    -0.00007
48788     0.00057    -0.00037     0.00095
48818     0.00148    -0.00002     0.00135
48849     0.00244     0.00031     0.00099
48880     0.00252     0.00031     0.00069
48910     0.00235     0.00039     0.00025
48941     0.00126     0.00011    -0.00035
48971     0.00018    -0.00018    -0.00044
49002    -0.00192     0.00011    -0.00067
49033    -0.00276     0.00029    -0.00118
49061    -0.00316     0.00022    -0.00143
49092    -0.00291    -0.00003    -0.00106
49122    -0.00165    -0.00007    -0.00050
49153    -0.00073     0.00011     0.00051
49183     0.00043     0.00045     0.00069
49214     0.00157     0.00073     0.00034
49245     0.00178     0.00082    -0.00010
49275     0.00153     0.00072    -0.00038
49306     0.00094     0.00043    -0.00072
49336    -0.00003     0.00014    -0.00102
49367    -0.00057    -0.00055    -0.00151
49398    -0.00113    -0.00073    -0.00184
49426    -0.00135    -0.00055    -0.00189
49457    -0.00110    -0.00069    -0.00141
49487    -0.00068    -0.00072    -0.00063
49518     0.00029    -0.00070     0.00016
49548     0.00147    -0.00027     0.00007
49579     0.00257    -0.00011    -0.00031
49610     0.00268     0.00002    -0.00076
49640     0.00202    -0.00021    -0.00097
49671     0.00074    -0.00050    -0.00137
49701    -0.00046    -0.00047    -0.00197
49732    -0.00203    -0.00018    -0.00239
49763    -0.00261     0.00006    -0.00286
49791    -0.00316     0.00013    -0.00294
49822    -0.00303    -0.00017    -0.00222
49852    -0.00260    -0.00024    -0.00119
49883    -0.00163    -0.00005    -0.00027
49913     0.00002     0.00030    -0.00008
49944     0.00133     0.00058    -0.00071
49975     0.00166     0.00078    -0.00114
50005     0.00138     0.00062    -0.00139
50036     0.00071     0.00032    -0.00175
50066    -0.00056    -0.00022    -0.00178
50097    -0.00176    -0.00049    -0.00228
50128    -0.00328    -0.00037    -0.00271
50157    -0.00382    -0.00016    -0.00298
50188    -0.00363    -0.00021    -0.00249
50218    -0.00314    -0.00043    -0.00086
50249    -0.00189    -0.00067     0.00073
50279    -0.00116    -0.00082     0.00226
50310     0.00013    -0.00102     0.00308
50341     0.00017    -0.00118     0.00337
50371     0.00022    -0.00125     0.00296
50402    -0.00144    -0.00102     0.00247
50432    -0.00249    -0.00088     0.00158
50463    -0.00347    -0.00076     0.00064
50494    -0.00380    -0.00063    -0.00050
50522    -0.00344    -0.00083    -0.00141
50553    -0.00275    -0.00104    -0.00148
50583    -0.00204    -0.00100    -0.00118
50614    -0.00126    -0.00080    -0.00030
50644    -0.00008    -0.00027    -0.00004
50675     0.00084     0.00030    -0.00017
50706     0.00074     0.00065    -0.00065
50736     0.00003     0.00063    -0.00149
50767    -0.00106     0.00048    -0.00241
50797    -0.00226     0.00027    -0.00315
50828    -0.00408     0.00045    -0.00345
50859    -0.00598     0.00084    -0.00346
50887    -0.00594     0.00080    -0.00372
50918    -0.00563     0.00075    -0.00318
50948    -0.00487     0.00085    -0.00195
50979    -0.00395     0.00101    -0.00072
51009    -0.00191     0.00138    -0.00084
51040     0.00005     0.00140    -0.00129
51071     0.00077     0.00141    -0.00181
51101     0.00011     0.00140    -0.00227
51132    -0.00131     0.00125    -0.00236
51162    -0.00277     0.00095    -0.00232
51193    -0.00341     0.00051    -0.00256
51224    -0.00472     0.00048    -0.00249
51252    -0.00443     0.00028    -0.00239
51283    -0.00392     0.00014    -0.00172
51313    -0.00294     0.00011    -0.00093
51344    -0.00168     0.00041    -0.00009
51374    -0.00038     0.00051     0.00021
51405     0.00095     0.00066    -0.00021
51436     0.00125     0.00068    -0.00046
51466     0.00124     0.00061    -0.00082
51497     0.00074     0.00043    -0.00090
51527     0.00006    -0.00006    -0.00094
51558    -0.00020    -0.00115    -0.00102
51589    -0.00159    -0.00132    -0.00096
51618    -0.00244    -0.00100    -0.00098
51649    -0.00160    -0.00128    -0.00102
51679    -0.00067    -0.00089    -0.00074
51710     0.00013    -0.00034    -0.00020
51740     0.00117    -0.00006     0.00027
51771     0.00219     0.00025     0.00017
51802     0.00225     0.00022     0.00005
51832     0.00182     0.00024    -0.00043
51863     0.00070     0.00005    -0.00062
51893     0.00057    -0.00043    -0.00085
51924    -0.00037    -0.00059    -0.00099
51955    -0.00162    -0.00016    -0.00103
51983    -0.00253    -0.00012    -0.00099
52014    -0.00186    -0.00039    -0.00079
52044    -0.00074    -0.00029    -0.00006
52075     0.00044    -0.00006     0.00049
52105     0.00150     0.00038     0.00095
52136     0.00231     0.00089     0.00090
52167     0.00228     0.00099     0.00075
52197     0.00214     0.00102     0.00033
52228     0.00161     0.00084    -0.00009
52258    -0.00019     0.00045     0.00002
52289    -0.00125    -0.00003    -0.00009
52320    -0.00138    -0.00022    -0.00027
52348    -0.00141    -0.00025    -0.00038
52379    -0.00099    -0.00069    -0.00012
52409    -0.00042    -0.00053     0.00058
52440     0.00044    -0.00027     0.00153
52470     0.00158     0.00027     0.00180
52501     0.00238     0.00063     0.00162
52532     0.00244     0.00076     0.00124
52562     0.00195     0.00065     0.00054
52593     0.00119     0.00026    -0.00000
52623     0.00017    -0.00004    -0.00006
52654    -0.00113    -0.00044     0.00011
52685    -0.00145    -0.00072     0.00003
52713    -0.00154    -0.00085     0.00015
52744    -0.00123    -0.00111     0.00049
52774    -0.00108    -0.00090     0.00120
52805     0.00002    -0.00076     0.00179
52835     0.00144    -0.00013     0.00180
52866     0.00251     0.00029     0.00143
52897     0.00268     0.00061     0.00085
52927     0.00234     0.00066     0.00045
52958     0.00145     0.00036     0.00009
52988     0.00046     0.00007    -0.00000
53019    -0.00049    -0.00041     0.00004
53050    -0.00091    -0.00076     0.00002
53079    -0.00134    -0.00082    -0.00002
53110    -0.00029    -0.00121    -0.00012
53140     0.00035    -0.00111     0.00035
53171     0.00081    -0.00054     0.00097
53201     0.00177    -0.00011     0.00125
53232     0.00260     0.00034     0.00093
53263     0.00239     0.00073     0.00053
53293     0.00161     0.00075     0.00021
53324     0.00020     0.00048     0.00002
53354    -0.00040    -0.00004    -0.00034
53385    -0.00224    -0.00006    -0.00036
53416    -0.00297    -0.00036    -0.00045
53444    -0.00334    -0.00061    -0.00053
53475    -0.00304    -0.00067    -0.00014
53505    -0.00225    -0.00067     0.00030
53536    -0.00116    -0.00046     0.00115
53566     0.00050     0.00016     0.00143
53597     0.00157     0.00080     0.00113
53628     0.00185     0.00112     0.00081
53658     0.00132     0.00114     0.00065
53689     0.00066     0.00098     0.00057
53719    -0.00050     0.00016     0.00079
53750    -0.00246    -0.00019     0.00118
53781    -0.00249    -0.00051     0.00090
53809    -0.00280    -0.00073     0.00078
53840    -0.00290    -0.00075     0.00101
53870    -0.00178    -0.00056     0.00125
53901    -0.00042    -0.00014     0.00171
53931     0.00117     0.00051     0.00197
53962     0.00219     0.00075     0.00159
53993     0.00228     0.00094     0.00105
54023     0.00173     0.00067     0.00088
54054     0.00113    -0.00003     0.00052
54084     0.00038    -0.00044     0.00040
54115    -0.00026    -0.00066     0.00035
54146    -0.00052    -0.00078     0.00006
54174    -0.00079    -0.00086     0.00017
54205    -0.00053    -0.00108     0.00054
54235     0.00009    -0.00100     0.00086
54266     0.00105    -0.00046     0.00129
54296     0.00215     0.00025     0.00121
54327     0.00303     0.00047     0.00077
54358     0.00310     0.00068     0.00017
54388     0.00227     0.00070     0.00014
54419     0.00195     0.00016    -0.00006
54449     0.00086    -0.00033    -0.00014
54480    -0.00069    -0.00071     0.00000
54511    -0.00197    -0.00073     0.00008
54540    -0.00217    -0.00104     0.00005
54571    -0.00151    -0.00116     0.00003
54601    -0.00063    -0.00104     0.00059
54632     0.00029    -0.00057     0.00109
54662     0.00162    -0.00008     0.00108
54693     0.00259     0.00030     0.00058
54724     0.00248     0.00054     0.00002
54754     0.00203     0.00057    -0.00032
54785     0.00121     0.00066    -0.00059
54815     0.00051     0.00005    -0.00065
54846    -0.00031    -0.00030    -0.00065
54877    -0.00085    -0.00054    -0.00083
54905    -0.00187    -0.00060    -0.00073
54936    -0.00150    -0.00082    -0.00056
54966    -0.00092    -0.00063     0.00001
54997     0.00008    -0.00030     0.00079
55027     0.00143     0.00013     0.00093
55058     0.00235     0.00043     0.00063
55089     0.00260     0.00060     0.00027
55119     0.00169     0.00073     0.00003
55150     0.00099     0.00007    -0.00037
55180     0.00023    -0.00043    -0.00057
55211    -0.00107    -0.00054    -0.00072
55242    -0.00300    -0.00017    -0.00062
55270    -0.00313    -0.00025    -0.00069
55301    -0.00275    -0.00036    -0.00032
55331    -0.00206    -0.00028     0.00012
55362    -0.00105    -0.00002     0.00074
55392     0.00066     0.00042     0.00096
55423     0.00214     0.00084     0.00051
55454     0.00240     0.00127    -0.00018
55484     0.00193     0.00147    -0.00059
55515     0.00084     0.00114    -0.00071
55545    -0.00083     0.00088    -0.00086
55576    -0.00242     0.00056    -0.00078
55607    -0.00273     0.00028    -0.00084
55635    -0.00373     0.00020    -0.00058
55666    -0.00376     0.00006    -0.00011
55696    -0.00282     0.00003     0.00045
55727    -0.00176     0.00057     0.00117
55757    -0.00009     0.00106     0.00134
55788     0.00131     0.00139     0.00099
55819     0.00188     0.00156     0.00039
55849     0.00165     0.00121     0.00008
55880     0.00128     0.00073    -0.00012
55910     0.00061     0.00037    -0.00022
55941     0.00004    -0.00006    -0.00035
55972    -0.00084    -0.00017    -0.00021
56001    -0.00120    -0.00004     0.00006
56032    -0.00184    -0.00008     0.00051
56062    -0.00091    -0.00017     0.00073
56093     0.00035     0.00002     0.00136
56123     0.00185     0.00042     0.00138
56154     0.00291     0.00087     0.00079
56185     0.00332     0.00124    -0.00004
56215     0.00280     0.00098    -0.00032
56246     0.00218     0.00064    -0.00078
56276     0.00056     0.00031    -0.00068
56307    -0.00038    -0.00003    -0.00071
56338    -0.00048    -0.00038    -0.00092
56366    -0.00042    -0.00057    -0.00088
56397    -0.00005    -0.00087    -0.00065
56427     0.00071    -0.00081    -0.00005
56458     0.00099    -0.00034     0.00072
56488     0.00198     0.00034     0.00100
56519     0.00262     0.00085     0.00084
56550     0.00250     0.00106     0.00071
56580     0.00184     0.00103     0.00054
56611     0.00132     0.00052     0.00051
56641     0.00081     0.00007     0.00042
56672     0.00072    -0.00045     0.00029
56703     0.00018    -0.00076     0.00042
56731    -0.00044    -0.00116     0.00080
56762    -0.00024    -0.00124     0.00117
56792     0.00036    -0.00125     0.00137
56823     0.00086    -0.00087     0.00179
56853     0.00172    -0.00027     0.00188
56884     0.00264     0.00021     0.00139
56915     0.00252     0.00054     0.00076
56945     0.00185     0.00047     0.00033
56976     0.00112     0.00013     0.00008
57006    -0.00059    -0.00015     0.00034
57037    -0.00124    -0.00016     0.00010
57068    -0.00178    -0.00046    -0.00007
57096    -0.00168    -0.00073    -0.00019
57127    -0.00111    -0.00091    -0.00012
57157    -0.00070    -0.00081     0.00045
57188    -0.00005    -0.00047     0.00110
57218     0.00095    -0.00016     0.00143
57249     0.00185     0.00032     0.00104
57280     0.00193     0.00066     0.00057
57310     0.00143     0.00082     0.00009
57341     0.00054     0.00087    -0.00049
57371    -0.00049     0.00089    -0.00091
57402    -0.00168     0.00053    -0.00090
57433    -0.00220     0.00011    -0.00083
57462    -0.00249    -0.00043    -0.00072
57493    -0.00195    -0.00077    -0.00063
57523    -0.00115    -0.00064    -0.00036
57554     0.00002    -0.00030     0.00017
