# Hydrology loading displacements computed from the monthly GLDAS NOAH model
# This is a product of the Hydrology loading service: http://lacerta.gsfc.nasa.gov/hydlo/
# Displacements are with respect to the center of mass of the total earth
#
# Created for VieVS on 17.03.2017 at 11:46:08 local time
# OFFSET + TREND REMOVED!!! - Hana 
# mjd up (meters) eastwest (meters) northsouth (meters)
43888    -0.00483    -0.00063    -0.00061
43919    -0.00616    -0.00074    -0.00131
43947    -0.00634    -0.00062    -0.00111
43978    -0.00501    -0.00065    -0.00061
44008    -0.00317    -0.00059     0.00059
44039     0.00037    -0.00038     0.00160
44069     0.00376     0.00022     0.00172
44100     0.00564     0.00064     0.00132
44131     0.00614     0.00062     0.00117
44161     0.00555     0.00058     0.00105
44192     0.00284     0.00001     0.00071
44222     0.00126    -0.00071     0.00030
44253    -0.00376    -0.00110    -0.00011
44284    -0.00559    -0.00090    -0.00056
44313    -0.00562    -0.00073    -0.00093
44344    -0.00388    -0.00078    -0.00033
44374    -0.00179    -0.00045     0.00064
44405     0.00066     0.00002     0.00155
44435     0.00391     0.00044     0.00153
44466     0.00613     0.00070     0.00118
44497     0.00624     0.00084     0.00093
44527     0.00560     0.00073     0.00090
44558     0.00472     0.00037     0.00051
44588     0.00190    -0.00019     0.00021
44619     0.00116    -0.00059    -0.00009
44650    -0.00192    -0.00095    -0.00044
44678    -0.00256    -0.00115    -0.00083
44709    -0.00236    -0.00113    -0.00053
44739    -0.00070    -0.00102     0.00034
44770     0.00106    -0.00042     0.00167
44800     0.00412     0.00023     0.00162
44831     0.00617     0.00068     0.00117
44862     0.00670     0.00081     0.00090
44892     0.00493     0.00096     0.00060
44923     0.00030     0.00073     0.00025
44953    -0.00421     0.00014     0.00003
44984    -0.00645    -0.00028    -0.00063
45015    -0.00637    -0.00033    -0.00116
45043    -0.00608    -0.00038    -0.00129
45074    -0.00679    -0.00055    -0.00067
45104    -0.00287    -0.00064     0.00026
45135    -0.00012    -0.00049     0.00170
45165     0.00238    -0.00029     0.00254
45196     0.00479     0.00021     0.00186
45227     0.00509     0.00059     0.00143
45257     0.00339     0.00058     0.00101
45288    -0.00005     0.00059     0.00010
45318    -0.00508     0.00029    -0.00067
45349    -0.00670    -0.00001    -0.00106
45380    -0.00876    -0.00019    -0.00152
45408    -0.00931     0.00006    -0.00150
45439    -0.00773     0.00006    -0.00059
45469    -0.00568     0.00036     0.00025
45500    -0.00167     0.00053     0.00142
45530     0.00166     0.00115     0.00198
45561     0.00421     0.00161     0.00153
45592     0.00478     0.00199     0.00110
45622     0.00381     0.00226     0.00071
45653    -0.00106     0.00192     0.00046
45683    -0.00740     0.00132    -0.00002
45714    -0.00728     0.00113    -0.00056
45745    -0.00706     0.00088    -0.00067
45774    -0.00671     0.00067    -0.00049
45805    -0.00552     0.00005     0.00010
45835    -0.00344     0.00010     0.00116
45866    -0.00079     0.00048     0.00200
45896     0.00242     0.00111     0.00221
45927     0.00452     0.00156     0.00186
45958     0.00519     0.00158     0.00163
45988     0.00408     0.00145     0.00124
46019    -0.00010     0.00084     0.00109
46049    -0.00389     0.00037     0.00057
46080    -0.00484    -0.00035     0.00002
46111    -0.00565    -0.00076    -0.00077
46139    -0.00589    -0.00053    -0.00099
46170    -0.00460    -0.00072    -0.00039
46200    -0.00183    -0.00057     0.00029
46231     0.00098    -0.00014     0.00137
46261     0.00425     0.00005     0.00144
46292     0.00570     0.00034     0.00111
46323     0.00537     0.00076     0.00095
46353     0.00428     0.00104     0.00077
46384     0.00212     0.00086     0.00042
46414    -0.00205     0.00029    -0.00028
46445    -0.00277    -0.00024    -0.00095
46476    -0.00561    -0.00057    -0.00127
46504    -0.00624    -0.00084    -0.00137
46535    -0.00423    -0.00084    -0.00080
46565    -0.00247    -0.00070     0.00044
46596     0.00065    -0.00062     0.00174
46626     0.00358     0.00017     0.00196
46657     0.00567     0.00062     0.00160
46688     0.00575     0.00058     0.00145
46718     0.00466     0.00045     0.00131
46749     0.00402     0.00023     0.00073
46779     0.00260    -0.00016     0.00020
46810     0.00093    -0.00051    -0.00019
46841    -0.00115    -0.00071    -0.00048
46869    -0.00267    -0.00072    -0.00084
46900    -0.00154    -0.00089    -0.00038
46930     0.00058    -0.00065     0.00054
46961     0.00256    -0.00038     0.00113
46991     0.00463     0.00010     0.00175
47022     0.00584     0.00047     0.00152
47053     0.00640     0.00067     0.00097
47083     0.00648     0.00061     0.00050
47114     0.00511     0.00063     0.00012
47144     0.00176    -0.00007    -0.00000
47175    -0.00118    -0.00050    -0.00048
47206    -0.00154    -0.00086    -0.00092
47235    -0.00055    -0.00110    -0.00123
47266     0.00037    -0.00097    -0.00059
47296     0.00130    -0.00068    -0.00001
47327     0.00334    -0.00051     0.00112
47357     0.00562    -0.00007     0.00118
47388     0.00714     0.00036     0.00047
47419     0.00739     0.00071    -0.00010
47449     0.00689     0.00070    -0.00014
47480     0.00471     0.00026    -0.00016
47510     0.00193    -0.00023    -0.00046
47541    -0.00049    -0.00067    -0.00100
47572    -0.00112    -0.00082    -0.00146
47600    -0.00290    -0.00072    -0.00150
47631    -0.00202    -0.00061    -0.00104
47661    -0.00001    -0.00051    -0.00016
47692     0.00189    -0.00001     0.00107
47722     0.00478     0.00024     0.00144
47753     0.00646     0.00039     0.00123
47784     0.00621     0.00062     0.00097
47814     0.00528     0.00056     0.00050
47845     0.00400     0.00032     0.00018
47875     0.00322    -0.00054    -0.00050
47906     0.00146    -0.00114    -0.00103
47937    -0.00067    -0.00136    -0.00156
47965    -0.00119    -0.00109    -0.00160
47996     0.00033    -0.00087    -0.00100
48026     0.00158    -0.00071     0.00001
48057     0.00247    -0.00014     0.00102
48087     0.00507     0.00025     0.00118
48118     0.00645     0.00059     0.00107
48149     0.00676     0.00063     0.00082
48179     0.00612     0.00079     0.00030
48210     0.00494     0.00057    -0.00021
48240     0.00365     0.00008    -0.00086
48271     0.00273    -0.00015    -0.00145
48302     0.00199    -0.00025    -0.00178
48330    -0.00097    -0.00069    -0.00223
48361    -0.00102    -0.00097    -0.00165
48391    -0.00021    -0.00093    -0.00059
48422     0.00207    -0.00046     0.00051
48452     0.00430    -0.00005     0.00112
48483     0.00614     0.00037     0.00084
48514     0.00615     0.00069     0.00077
48544     0.00576     0.00069     0.00044
48575     0.00400     0.00075     0.00010
48605     0.00212     0.00065    -0.00034
48636    -0.00001     0.00022    -0.00093
48667    -0.00209    -0.00020    -0.00122
48696    -0.00336    -0.00034    -0.00121
48727    -0.00235    -0.00062    -0.00082
48757    -0.00011    -0.00042     0.00017
48788     0.00210    -0.00013     0.00119
48818     0.00357     0.00030     0.00154
48849     0.00525     0.00068     0.00112
48880     0.00552     0.00071     0.00082
48910     0.00537     0.00078     0.00041
48941     0.00352     0.00044    -0.00013
48971     0.00124    -0.00003    -0.00023
49002    -0.00363    -0.00017    -0.00071
49033    -0.00571    -0.00017    -0.00138
49061    -0.00629    -0.00025    -0.00169
49092    -0.00554    -0.00043    -0.00128
49122    -0.00328    -0.00026    -0.00058
49153    -0.00186     0.00003     0.00044
49183     0.00094     0.00062     0.00073
49214     0.00314     0.00102     0.00042
49245     0.00391     0.00116    -0.00001
49275     0.00366     0.00109    -0.00024
49306     0.00287     0.00080    -0.00055
49336     0.00091     0.00034    -0.00087
49367    -0.00039    -0.00047    -0.00130
49398    -0.00178    -0.00085    -0.00170
49426    -0.00255    -0.00073    -0.00173
49457    -0.00213    -0.00077    -0.00121
49487    -0.00137    -0.00070    -0.00046
49518     0.00049    -0.00055     0.00036
49548     0.00278    -0.00002     0.00027
49579     0.00465     0.00019    -0.00016
49610     0.00510     0.00033    -0.00062
49640     0.00437     0.00013    -0.00084
49671     0.00199    -0.00028    -0.00123
49701    -0.00043    -0.00042    -0.00184
49732    -0.00394    -0.00048    -0.00236
49763    -0.00538    -0.00033    -0.00289
49791    -0.00670    -0.00033    -0.00311
49822    -0.00611    -0.00054    -0.00236
49852    -0.00528    -0.00043    -0.00131
49883    -0.00327    -0.00001    -0.00035
49913    -0.00035     0.00049    -0.00009
49944     0.00210     0.00086    -0.00069
49975     0.00305     0.00110    -0.00110
50005     0.00299     0.00098    -0.00129
50036     0.00220     0.00069    -0.00156
50066    -0.00051    -0.00008    -0.00159
50097    -0.00335    -0.00062    -0.00215
50128    -0.00697    -0.00079    -0.00278
50157    -0.00782    -0.00072    -0.00324
50188    -0.00739    -0.00081    -0.00276
50218    -0.00646    -0.00097    -0.00109
50249    -0.00425    -0.00106     0.00055
50279    -0.00330    -0.00113     0.00219
50310    -0.00079    -0.00107     0.00315
50341    -0.00238    -0.00124     0.00338
50371    -0.00209    -0.00140     0.00302
50402    -0.00495    -0.00152     0.00232
50432    -0.00615    -0.00146     0.00131
50463    -0.00748    -0.00143     0.00024
50494    -0.00738    -0.00129    -0.00089
50522    -0.00650    -0.00139    -0.00171
50553    -0.00549    -0.00150    -0.00173
50583    -0.00426    -0.00132    -0.00137
50614    -0.00260    -0.00091    -0.00038
50644    -0.00022    -0.00018    -0.00001
50675     0.00176     0.00050    -0.00012
50706     0.00195     0.00090    -0.00058
50736     0.00094     0.00087    -0.00139
50767    -0.00110     0.00053    -0.00233
50797    -0.00358    -0.00001    -0.00320
50828    -0.00750    -0.00015    -0.00373
50859    -0.01061    -0.00000    -0.00403
50887    -0.00986     0.00012    -0.00415
50918    -0.00939     0.00016    -0.00361
50948    -0.00825     0.00044    -0.00232
50979    -0.00681     0.00073    -0.00103
51009    -0.00308     0.00133    -0.00100
51040     0.00026     0.00152    -0.00136
51071     0.00166     0.00163    -0.00185
51101     0.00079     0.00169    -0.00227
51132    -0.00176     0.00139    -0.00236
51162    -0.00528     0.00079    -0.00236
51193    -0.00654     0.00030    -0.00257
51224    -0.00870    -0.00005    -0.00276
51252    -0.00800    -0.00031    -0.00269
51283    -0.00686    -0.00037    -0.00202
51313    -0.00483    -0.00010    -0.00102
51344    -0.00226     0.00046    -0.00007
51374     0.00042     0.00072     0.00027
51405     0.00249     0.00093    -0.00016
51436     0.00325     0.00099    -0.00041
51466     0.00337     0.00095    -0.00075
51497     0.00219     0.00062    -0.00082
51527     0.00079    -0.00002    -0.00083
51558    -0.00022    -0.00129    -0.00091
51589    -0.00290    -0.00188    -0.00123
51618    -0.00488    -0.00167    -0.00142
51649    -0.00372    -0.00161    -0.00126
51679    -0.00237    -0.00099    -0.00089
51710    -0.00038    -0.00021    -0.00023
51740     0.00206     0.00020     0.00028
51771     0.00405     0.00055     0.00018
51802     0.00430     0.00055     0.00010
51832     0.00382     0.00055    -0.00038
51863     0.00220     0.00028    -0.00060
51893     0.00155    -0.00023    -0.00080
51924     0.00007    -0.00052    -0.00095
51955    -0.00188    -0.00035    -0.00116
51983    -0.00366    -0.00053    -0.00119
52014    -0.00291    -0.00062    -0.00083
52044    -0.00092    -0.00029     0.00002
52075     0.00144     0.00013     0.00063
52105     0.00335     0.00065     0.00105
52136     0.00471     0.00118     0.00096
52167     0.00493     0.00130     0.00080
52197     0.00481     0.00134     0.00039
52228     0.00374     0.00103    -0.00001
52258     0.00022     0.00025     0.00003
52289    -0.00196    -0.00056    -0.00020
52320    -0.00231    -0.00074    -0.00031
52348    -0.00262    -0.00071    -0.00035
52379    -0.00184    -0.00093     0.00003
52409    -0.00063    -0.00056     0.00079
52440     0.00132    -0.00014     0.00174
52470     0.00350     0.00050     0.00195
52501     0.00485     0.00092     0.00171
52532     0.00513     0.00108     0.00131
52562     0.00465     0.00099     0.00063
52593     0.00341     0.00048     0.00006
52623     0.00145    -0.00011    -0.00009
52654    -0.00165    -0.00099    -0.00003
52685    -0.00232    -0.00126     0.00000
52713    -0.00250    -0.00135     0.00020
52744    -0.00222    -0.00155     0.00064
52774    -0.00193    -0.00122     0.00137
52805     0.00049    -0.00077     0.00200
52835     0.00302     0.00001     0.00194
52866     0.00468     0.00051     0.00149
52897     0.00513     0.00087     0.00090
52927     0.00491     0.00094     0.00053
52958     0.00366     0.00056     0.00017
52988     0.00168     0.00004     0.00010
53019    -0.00054    -0.00072     0.00008
53050    -0.00175    -0.00121     0.00004
53079    -0.00271    -0.00130    -0.00002
53110    -0.00092    -0.00145     0.00001
53140     0.00043    -0.00111     0.00059
53171     0.00167    -0.00039     0.00121
53201     0.00354     0.00014     0.00139
53232     0.00493     0.00062     0.00100
53263     0.00489     0.00104     0.00061
53293     0.00382     0.00100     0.00027
53324     0.00166     0.00061     0.00002
53354     0.00053    -0.00007    -0.00034
53385    -0.00294    -0.00051    -0.00062
53416    -0.00403    -0.00083    -0.00073
53444    -0.00455    -0.00114    -0.00083
53475    -0.00443    -0.00113    -0.00035
53505    -0.00356    -0.00093     0.00024
53536    -0.00174    -0.00049     0.00119
53566     0.00121     0.00028     0.00148
53597     0.00329     0.00102     0.00114
53628     0.00399     0.00140     0.00082
53658     0.00348     0.00145     0.00071
53689     0.00230     0.00120     0.00071
53719    -0.00028     0.00014     0.00089
53750    -0.00514    -0.00066     0.00099
53781    -0.00539    -0.00091     0.00074
53809    -0.00636    -0.00126     0.00048
53840    -0.00646    -0.00133     0.00060
53870    -0.00393    -0.00084     0.00099
53901    -0.00129    -0.00017     0.00163
53931     0.00182     0.00067     0.00192
53962     0.00387     0.00099     0.00154
53993     0.00443     0.00123     0.00101
54023     0.00393     0.00100     0.00088
54054     0.00291     0.00024     0.00060
54084     0.00136    -0.00036     0.00049
54115     0.00006    -0.00068     0.00048
54146    -0.00069    -0.00091     0.00016
54174    -0.00144    -0.00106     0.00028
54205    -0.00090    -0.00110     0.00074
54235     0.00021    -0.00090     0.00109
54266     0.00217    -0.00024     0.00149
54296     0.00409     0.00048     0.00131
54327     0.00546     0.00069     0.00078
54358     0.00571     0.00092     0.00016
54388     0.00436     0.00090     0.00016
54419     0.00362     0.00033     0.00003
54449     0.00159    -0.00024    -0.00004
54480    -0.00186    -0.00086    -0.00005
54511    -0.00466    -0.00105    -0.00007
54540    -0.00518    -0.00124    -0.00002
54571    -0.00401    -0.00117     0.00013
54601    -0.00206    -0.00085     0.00080
54632     0.00002    -0.00028     0.00130
54662     0.00271     0.00024     0.00120
54693     0.00446     0.00062     0.00063
54724     0.00467     0.00085     0.00006
54754     0.00402     0.00087    -0.00028
54785     0.00232     0.00087    -0.00059
54815     0.00123     0.00023    -0.00059
54846    -0.00058    -0.00020    -0.00052
54877    -0.00222    -0.00053    -0.00082
54905    -0.00492    -0.00074    -0.00086
54936    -0.00394    -0.00082    -0.00056
54966    -0.00270    -0.00050     0.00011
54997    -0.00058    -0.00003     0.00091
55027     0.00209     0.00046     0.00102
55058     0.00388     0.00078     0.00068
55089     0.00449     0.00093     0.00027
55119     0.00329     0.00103    -0.00005
55150     0.00214     0.00033    -0.00040
55180     0.00058    -0.00026    -0.00059
55211    -0.00242    -0.00062    -0.00081
55242    -0.00627    -0.00049    -0.00090
55270    -0.00673    -0.00066    -0.00106
55301    -0.00609    -0.00077    -0.00066
55331    -0.00474    -0.00054    -0.00012
55362    -0.00291    -0.00008     0.00065
55392     0.00049     0.00057     0.00092
55423     0.00317     0.00107     0.00046
55454     0.00389     0.00153    -0.00021
55484     0.00334     0.00173    -0.00059
55515     0.00123     0.00123    -0.00070
55545    -0.00234     0.00069    -0.00094
55576    -0.00544     0.00013    -0.00099
55607    -0.00621    -0.00012    -0.00105
55635    -0.00857    -0.00032    -0.00093
55666    -0.00810    -0.00036    -0.00038
55696    -0.00613    -0.00016     0.00032
55727    -0.00437     0.00050     0.00104
55757    -0.00102     0.00117     0.00126
55788     0.00179     0.00161     0.00092
55819     0.00313     0.00183     0.00032
55849     0.00268     0.00143     0.00001
55880     0.00200     0.00091    -0.00016
55910     0.00097     0.00052    -0.00023
55941    -0.00022    -0.00001    -0.00031
55972    -0.00219    -0.00027    -0.00020
56001    -0.00337    -0.00022     0.00006
56032    -0.00514    -0.00044     0.00033
56062    -0.00312    -0.00030     0.00065
56093    -0.00048     0.00010     0.00141
56123     0.00227     0.00061     0.00140
56154     0.00431     0.00111     0.00076
56185     0.00522     0.00150    -0.00010
56215     0.00476     0.00125    -0.00035
56246     0.00358     0.00079    -0.00075
56276    -0.00017    -0.00010    -0.00077
56307    -0.00178    -0.00057    -0.00087
56338    -0.00176    -0.00080    -0.00102
56366    -0.00156    -0.00088    -0.00088
56397    -0.00102    -0.00107    -0.00056
56427     0.00073    -0.00076     0.00011
56458     0.00182    -0.00018     0.00084
56488     0.00358     0.00055     0.00105
56519     0.00472     0.00111     0.00081
56550     0.00474     0.00133     0.00065
56580     0.00397     0.00129     0.00054
56611     0.00329     0.00079     0.00055
56641     0.00249     0.00032     0.00048
56672     0.00234    -0.00018     0.00039
56703     0.00107    -0.00062     0.00052
56731    -0.00052    -0.00125     0.00093
56762    -0.00031    -0.00129     0.00132
56792     0.00089    -0.00114     0.00157
56823     0.00226    -0.00065     0.00194
56853     0.00375    -0.00000     0.00194
56884     0.00497     0.00048     0.00135
56915     0.00493     0.00081     0.00070
56945     0.00394     0.00068     0.00031
56976     0.00282     0.00027     0.00013
57006    -0.00056    -0.00053     0.00021
57037    -0.00170    -0.00065    -0.00005
57068    -0.00268    -0.00096    -0.00019
57096    -0.00242    -0.00109    -0.00023
57127    -0.00147    -0.00110    -0.00005
57157    -0.00047    -0.00077     0.00055
57188     0.00095    -0.00029     0.00117
57218     0.00270     0.00009     0.00142
57249     0.00405     0.00058     0.00099
57280     0.00429     0.00092     0.00051
57310     0.00371     0.00111     0.00003
57341     0.00234     0.00112    -0.00055
57371     0.00031     0.00096    -0.00089
57402    -0.00253     0.00020    -0.00093
57433    -0.00397    -0.00033    -0.00087
57462    -0.00494    -0.00096    -0.00083
57493    -0.00419    -0.00109    -0.00070
57523    -0.00280    -0.00073    -0.00038
57554    -0.00041    -0.00023     0.00019
