# Hydrology loading displacements computed from the monthly GLDAS NOAH model
# This is a product of the Hydrology loading service: http://lacerta.gsfc.nasa.gov/hydlo/
# Displacements are with respect to the center of mass of the total earth
#
# Created for VieVS on 17.03.2017 at 11:46:08 local time
# OFFSET + TREND REMOVED!!! - Hana 
# mjd up (meters) eastwest (meters) northsouth (meters)
43888     0.00074     0.00041    -0.00102
43919     0.00043     0.00072    -0.00162
43947     0.00031     0.00048    -0.00161
43978     0.00022     0.00004    -0.00137
44008     0.00059    -0.00040    -0.00038
44039     0.00142    -0.00058     0.00064
44069     0.00048    -0.00031     0.00195
44100     0.00018     0.00005     0.00235
44131    -0.00008    -0.00003     0.00224
44161    -0.00043    -0.00018     0.00203
44192    -0.00001    -0.00009     0.00108
44222     0.00040     0.00019     0.00016
44253     0.00063     0.00022    -0.00059
44284     0.00052     0.00032    -0.00100
44313     0.00019     0.00045    -0.00122
44344     0.00004     0.00010    -0.00083
44374     0.00037    -0.00022     0.00015
44405     0.00045    -0.00040     0.00128
44435     0.00003     0.00003     0.00228
44466    -0.00018     0.00041     0.00262
44497    -0.00039     0.00035     0.00238
44527    -0.00039    -0.00002     0.00190
44558    -0.00021    -0.00003     0.00102
44588    -0.00003     0.00012     0.00025
44619     0.00033     0.00042    -0.00018
44650     0.00063     0.00057    -0.00058
44678     0.00045     0.00069    -0.00099
44709     0.00036     0.00052    -0.00084
44739     0.00086     0.00017    -0.00031
44770     0.00129    -0.00046     0.00085
44800     0.00026    -0.00026     0.00199
44831     0.00001     0.00029     0.00248
44862    -0.00033     0.00034     0.00249
44892    -0.00084     0.00010     0.00193
44923    -0.00091    -0.00002     0.00122
44953    -0.00040    -0.00005     0.00015
44984    -0.00002     0.00012    -0.00105
45015    -0.00009     0.00036    -0.00162
45043    -0.00028     0.00039    -0.00164
45074     0.00012     0.00006    -0.00133
45104     0.00076    -0.00007    -0.00056
45135     0.00150    -0.00060     0.00058
45165     0.00185    -0.00068     0.00165
45196     0.00072    -0.00014     0.00221
45227     0.00001    -0.00002     0.00227
45257     0.00032     0.00010     0.00155
45288    -0.00010     0.00026     0.00068
45318    -0.00023     0.00021    -0.00050
45349    -0.00025     0.00018    -0.00135
45380    -0.00029     0.00017    -0.00209
45408    -0.00066    -0.00016    -0.00203
45439    -0.00039    -0.00066    -0.00151
45469    -0.00015    -0.00091    -0.00048
45500     0.00049    -0.00100     0.00084
45530    -0.00033    -0.00087     0.00235
45561    -0.00054    -0.00010     0.00300
45592    -0.00123     0.00000     0.00310
45622    -0.00174    -0.00026     0.00260
45653    -0.00125    -0.00050     0.00165
45683    -0.00069    -0.00048     0.00024
45714    -0.00054    -0.00010    -0.00050
45745    -0.00068    -0.00017    -0.00083
45774    -0.00086    -0.00031    -0.00085
45805    -0.00004    -0.00048    -0.00090
45835     0.00057    -0.00081    -0.00011
45866     0.00054    -0.00111     0.00094
45896    -0.00019    -0.00108     0.00227
45927    -0.00009    -0.00069     0.00277
45958    -0.00036    -0.00063     0.00271
45988    -0.00028    -0.00064     0.00199
46019    -0.00003    -0.00079     0.00100
46049    -0.00007    -0.00074     0.00004
46080     0.00033    -0.00065    -0.00105
46111     0.00018    -0.00014    -0.00172
46139    -0.00054    -0.00023    -0.00171
46170     0.00002    -0.00022    -0.00128
46200     0.00051    -0.00040    -0.00067
46231     0.00061    -0.00076     0.00063
46261     0.00044    -0.00038     0.00163
46292     0.00077     0.00003     0.00175
46323     0.00015    -0.00004     0.00184
46353    -0.00057    -0.00034     0.00162
46384    -0.00049    -0.00047     0.00078
46414    -0.00019    -0.00030    -0.00028
46445     0.00002     0.00018    -0.00111
46476     0.00009     0.00025    -0.00181
46504     0.00002     0.00027    -0.00210
46535     0.00002     0.00010    -0.00158
46565     0.00048    -0.00038    -0.00070
46596     0.00130    -0.00085     0.00043
46626     0.00042    -0.00072     0.00181
46657     0.00043    -0.00007     0.00233
46688     0.00053    -0.00008     0.00209
46718     0.00098    -0.00014     0.00141
46749     0.00078    -0.00004     0.00066
46779     0.00071    -0.00004    -0.00030
46810     0.00054     0.00001    -0.00095
46841     0.00053     0.00008    -0.00147
46869     0.00017     0.00004    -0.00183
46900     0.00052    -0.00017    -0.00165
46930     0.00079    -0.00055    -0.00072
46961     0.00115    -0.00060     0.00017
46991     0.00089    -0.00078     0.00138
47022     0.00041    -0.00045     0.00192
47053    -0.00012    -0.00010     0.00194
47083    -0.00041     0.00004     0.00161
47114    -0.00073    -0.00013     0.00107
47144    -0.00028    -0.00018     0.00007
47175    -0.00002    -0.00003    -0.00092
47206     0.00010     0.00023    -0.00158
47235     0.00003     0.00053    -0.00178
47266     0.00017     0.00031    -0.00119
47296     0.00017     0.00016    -0.00035
47327     0.00037    -0.00012     0.00095
47357     0.00010     0.00012     0.00187
47388    -0.00027     0.00072     0.00211
47419    -0.00100     0.00081     0.00201
47449    -0.00087     0.00060     0.00161
47480    -0.00028     0.00040     0.00066
47510     0.00003     0.00037    -0.00031
47541    -0.00001     0.00050    -0.00121
47572    -0.00034     0.00060    -0.00173
47600    -0.00062     0.00052    -0.00182
47631    -0.00030     0.00052    -0.00130
47661    -0.00007     0.00024    -0.00040
47692     0.00033    -0.00031     0.00086
47722     0.00013    -0.00013     0.00200
47753     0.00026     0.00032     0.00237
47784    -0.00047     0.00026     0.00234
47814    -0.00037     0.00039     0.00173
47845    -0.00042     0.00019     0.00090
47875     0.00024     0.00055    -0.00033
47906     0.00043     0.00075    -0.00133
47937    -0.00000     0.00084    -0.00200
47965    -0.00032     0.00058    -0.00209
47996    -0.00014     0.00037    -0.00144
48026     0.00041     0.00003    -0.00061
48057     0.00047    -0.00039     0.00054
48087     0.00007    -0.00029     0.00159
48118     0.00024    -0.00002     0.00206
48149    -0.00031    -0.00001     0.00208
48179    -0.00101    -0.00014     0.00161
48210    -0.00114    -0.00020     0.00066
48240    -0.00101    -0.00010    -0.00049
48271    -0.00091     0.00011    -0.00126
48302    -0.00098     0.00043    -0.00144
48330    -0.00109     0.00055    -0.00202
48361    -0.00068     0.00032    -0.00185
48391     0.00022    -0.00004    -0.00135
48422     0.00038    -0.00024     0.00005
48452    -0.00007    -0.00036     0.00135
48483    -0.00031     0.00011     0.00196
48514    -0.00070    -0.00003     0.00206
48544    -0.00110    -0.00019     0.00164
48575    -0.00089    -0.00031     0.00081
48605    -0.00088    -0.00035    -0.00014
48636    -0.00078    -0.00034    -0.00113
48667    -0.00063    -0.00040    -0.00181
48696    -0.00090    -0.00075    -0.00206
48727    -0.00063    -0.00085    -0.00189
48757    -0.00020    -0.00103    -0.00083
48788     0.00041    -0.00124     0.00032
48818     0.00011    -0.00112     0.00130
48849    -0.00008    -0.00061     0.00176
48880     0.00013    -0.00045     0.00149
48910    -0.00056    -0.00041     0.00127
48941    -0.00043    -0.00037     0.00019
48971    -0.00010    -0.00042    -0.00052
49002    -0.00008    -0.00023    -0.00116
49033    -0.00015     0.00016    -0.00160
49061    -0.00022     0.00020    -0.00199
49092     0.00025    -0.00000    -0.00198
49122     0.00021    -0.00018    -0.00116
49153     0.00052    -0.00041    -0.00002
49183    -0.00031    -0.00052     0.00097
49214    -0.00081    -0.00016     0.00144
49245    -0.00106     0.00004     0.00132
49275    -0.00093    -0.00000     0.00085
49306    -0.00091    -0.00018     0.00007
49336    -0.00084    -0.00021    -0.00075
49367    -0.00026     0.00006    -0.00183
49398    -0.00019     0.00026    -0.00236
49426    -0.00036     0.00025    -0.00238
49457    -0.00016    -0.00003    -0.00214
49487     0.00021    -0.00029    -0.00150
49518     0.00057    -0.00048    -0.00064
49548     0.00003    -0.00021     0.00015
49579    -0.00018     0.00034     0.00056
49610    -0.00090     0.00050     0.00060
49640    -0.00102     0.00027     0.00007
49671    -0.00058     0.00032    -0.00100
49701    -0.00082     0.00035    -0.00194
49732    -0.00107     0.00045    -0.00254
49763    -0.00120     0.00069    -0.00294
49791    -0.00111     0.00081    -0.00312
49822    -0.00085     0.00047    -0.00275
49852    -0.00054     0.00000    -0.00196
49883    -0.00032    -0.00034    -0.00090
49913    -0.00101    -0.00022     0.00028
49944    -0.00109     0.00045     0.00051
49975    -0.00139     0.00070     0.00055
50005    -0.00135     0.00054     0.00003
50036    -0.00134     0.00032    -0.00078
50066    -0.00067     0.00032    -0.00171
50097    -0.00035     0.00064    -0.00267
50128    -0.00031     0.00094    -0.00339
50157    -0.00039     0.00115    -0.00356
50188    -0.00003     0.00108    -0.00315
50218     0.00103     0.00045    -0.00210
50249     0.00245     0.00020    -0.00075
50279     0.00335    -0.00022     0.00051
50310     0.00421    -0.00035     0.00133
50341     0.00449    -0.00032     0.00146
50371     0.00441    -0.00017     0.00112
50402     0.00418     0.00000     0.00039
50432     0.00372     0.00030    -0.00044
50463     0.00333     0.00065    -0.00133
50494     0.00276     0.00095    -0.00218
50522     0.00219     0.00119    -0.00285
50553     0.00204     0.00141    -0.00271
50583     0.00176     0.00122    -0.00218
50614     0.00158     0.00062    -0.00120
50644     0.00083     0.00041    -0.00023
50675     0.00028     0.00048     0.00043
50706    -0.00063     0.00044     0.00041
50736    -0.00065     0.00069    -0.00053
50767    -0.00101     0.00100    -0.00158
50797    -0.00071     0.00142    -0.00268
50828    -0.00089     0.00153    -0.00338
50859    -0.00103     0.00131    -0.00381
50887    -0.00123     0.00108    -0.00415
50918    -0.00137     0.00067    -0.00370
50948    -0.00124     0.00002    -0.00260
50979    -0.00116    -0.00048    -0.00135
51009    -0.00151    -0.00011    -0.00037
51040    -0.00211     0.00047     0.00035
51071    -0.00232     0.00084     0.00038
51101    -0.00252     0.00067    -0.00030
51132    -0.00199     0.00036    -0.00124
51162    -0.00166     0.00027    -0.00203
51193    -0.00117     0.00030    -0.00284
51224    -0.00081     0.00037    -0.00325
51252    -0.00084     0.00042    -0.00314
51283    -0.00080     0.00014    -0.00250
51313    -0.00044    -0.00025    -0.00178
51344    -0.00053    -0.00070    -0.00060
51374    -0.00073    -0.00062     0.00036
51405    -0.00091     0.00004     0.00079
51436    -0.00115     0.00015     0.00083
51466    -0.00084     0.00030     0.00038
51497    -0.00100     0.00026     0.00004
51527    -0.00027     0.00030    -0.00070
51558     0.00060     0.00064    -0.00150
51589     0.00084     0.00083    -0.00188
51618     0.00071     0.00091    -0.00190
51649     0.00078     0.00096    -0.00188
51679     0.00051     0.00092    -0.00113
51710     0.00017     0.00039    -0.00024
51740     0.00001     0.00013     0.00066
51771    -0.00054     0.00019     0.00125
51802    -0.00069     0.00020     0.00120
51832    -0.00085     0.00028     0.00071
51863    -0.00056     0.00022     0.00006
51893     0.00021     0.00056    -0.00056
51924    -0.00006     0.00036    -0.00106
51955    -0.00060     0.00022    -0.00118
51983    -0.00054     0.00018    -0.00144
52014     0.00018     0.00029    -0.00144
52044     0.00040    -0.00010    -0.00063
52075     0.00025    -0.00036     0.00027
52105     0.00012    -0.00038     0.00132
52136    -0.00038    -0.00012     0.00205
52167    -0.00078    -0.00012     0.00213
52197    -0.00097    -0.00004     0.00178
52228    -0.00080     0.00019     0.00113
52258    -0.00027     0.00009     0.00027
52289    -0.00005     0.00024    -0.00040
52320     0.00006     0.00022    -0.00078
52348     0.00020     0.00013    -0.00108
52379     0.00043    -0.00018    -0.00113
52409     0.00047    -0.00071    -0.00049
52440     0.00093    -0.00111     0.00053
52470    -0.00014    -0.00110     0.00182
52501    -0.00024    -0.00065     0.00230
52532    -0.00030    -0.00033     0.00222
52562    -0.00066    -0.00022     0.00155
52593    -0.00030    -0.00010     0.00056
52623    -0.00013    -0.00012    -0.00006
52654     0.00013     0.00001    -0.00058
52685     0.00018     0.00003    -0.00088
52713     0.00025    -0.00011    -0.00090
52744     0.00076    -0.00019    -0.00085
52774     0.00120    -0.00068    -0.00044
52805     0.00132    -0.00105     0.00042
52835     0.00048    -0.00081     0.00159
52866    -0.00021    -0.00033     0.00224
52897    -0.00054    -0.00006     0.00211
52927    -0.00065    -0.00014     0.00166
52958    -0.00076    -0.00025     0.00088
52988    -0.00052    -0.00023     0.00023
53019     0.00023    -0.00010    -0.00046
53050     0.00053     0.00004    -0.00081
53079     0.00066     0.00003    -0.00101
53110     0.00093     0.00017    -0.00103
53140     0.00069    -0.00032    -0.00051
53171     0.00054    -0.00065     0.00040
53201     0.00040    -0.00063     0.00128
53232    -0.00007    -0.00021     0.00180
53263    -0.00086    -0.00019     0.00180
53293    -0.00109    -0.00018     0.00140
53324    -0.00044    -0.00024     0.00046
53354     0.00017     0.00013    -0.00036
53385     0.00042     0.00021    -0.00094
53416     0.00035     0.00002    -0.00140
53444     0.00033    -0.00004    -0.00171
53475     0.00062    -0.00022    -0.00153
53505     0.00102    -0.00034    -0.00115
53536     0.00128    -0.00063    -0.00016
53566     0.00018    -0.00064     0.00130
53597    -0.00053    -0.00033     0.00202
53628    -0.00092    -0.00018     0.00212
53658    -0.00082    -0.00035     0.00170
53689    -0.00073    -0.00053     0.00119
53719    -0.00007    -0.00076     0.00032
53750     0.00042    -0.00078    -0.00027
53781     0.00058    -0.00059    -0.00070
53809     0.00091    -0.00034    -0.00106
53840     0.00124    -0.00028    -0.00094
53870     0.00110    -0.00053    -0.00031
53901     0.00073    -0.00076     0.00077
53931    -0.00019    -0.00079     0.00217
53962    -0.00006    -0.00022     0.00253
53993    -0.00051    -0.00008     0.00240
54023    -0.00023    -0.00021     0.00182
54054     0.00034    -0.00012     0.00080
54084     0.00047    -0.00014     0.00012
54115     0.00077    -0.00016    -0.00034
54146     0.00104     0.00007    -0.00077
54174     0.00096    -0.00018    -0.00095
54205     0.00135    -0.00041    -0.00083
54235     0.00150    -0.00048    -0.00036
54266     0.00112    -0.00059     0.00071
54296     0.00008    -0.00033     0.00180
54327     0.00015     0.00034     0.00205
54358    -0.00050     0.00061     0.00191
54388    -0.00051     0.00045     0.00154
54419     0.00003     0.00068     0.00092
54449     0.00059     0.00067     0.00009
54480     0.00102     0.00065    -0.00060
54511     0.00124     0.00051    -0.00110
54540     0.00135     0.00024    -0.00154
54571     0.00117     0.00011    -0.00146
54601     0.00125    -0.00026    -0.00077
54632     0.00084    -0.00051     0.00025
54662     0.00043    -0.00031     0.00120
54693    -0.00003     0.00024     0.00162
54724    -0.00065     0.00034     0.00147
54754    -0.00070     0.00031     0.00099
54785    -0.00085     0.00032     0.00048
54815    -0.00034     0.00020    -0.00024
54846     0.00010     0.00021    -0.00083
54877     0.00036     0.00053    -0.00122
54905     0.00034     0.00044    -0.00159
54936     0.00071     0.00024    -0.00167
54966     0.00073    -0.00011    -0.00100
54997     0.00074    -0.00046     0.00009
55027    -0.00029    -0.00044     0.00127
55058    -0.00060     0.00000     0.00172
55089    -0.00034     0.00036     0.00165
55119    -0.00065     0.00023     0.00126
55150    -0.00036     0.00036     0.00030
55180     0.00014     0.00046    -0.00050
55211     0.00042     0.00071    -0.00108
55242     0.00032     0.00054    -0.00143
55270     0.00035     0.00066    -0.00156
55301     0.00045     0.00043    -0.00133
55331     0.00055     0.00014    -0.00085
55362     0.00047    -0.00015     0.00004
55392    -0.00014    -0.00013     0.00130
55423    -0.00028     0.00048     0.00189
55454    -0.00088     0.00079     0.00180
55484    -0.00167     0.00067     0.00153
55515    -0.00131     0.00057     0.00074
55545    -0.00105     0.00055    -0.00016
55576    -0.00058     0.00046    -0.00087
55607    -0.00027     0.00045    -0.00127
55635     0.00013     0.00031    -0.00160
55666     0.00076     0.00001    -0.00156
55696     0.00053    -0.00038    -0.00084
55727     0.00018    -0.00055     0.00043
55757    -0.00021    -0.00051     0.00154
55788    -0.00059    -0.00003     0.00220
55819    -0.00132     0.00027     0.00229
55849    -0.00091     0.00047     0.00169
55880    -0.00060     0.00046     0.00104
55910    -0.00026     0.00030     0.00039
55941     0.00011     0.00035    -0.00024
55972     0.00002     0.00021    -0.00047
56001    -0.00001     0.00000    -0.00041
56032     0.00039    -0.00020    -0.00047
56062     0.00061    -0.00035    -0.00016
56093     0.00067    -0.00056     0.00086
56123    -0.00020    -0.00034     0.00199
56154    -0.00050     0.00028     0.00236
56185    -0.00124     0.00075     0.00232
56215    -0.00133     0.00065     0.00180
56246    -0.00142     0.00076     0.00100
56276    -0.00115     0.00074     0.00024
56307    -0.00082     0.00064    -0.00038
56338    -0.00057     0.00057    -0.00088
56366    -0.00017     0.00041    -0.00111
56397     0.00024     0.00041    -0.00106
56427     0.00073     0.00008    -0.00048
56458     0.00070    -0.00048     0.00037
56488    -0.00034    -0.00053     0.00164
56519    -0.00061    -0.00013     0.00226
56550    -0.00077    -0.00010     0.00229
56580    -0.00073    -0.00016     0.00187
56611    -0.00047    -0.00040     0.00124
56641    -0.00002    -0.00045     0.00061
56672     0.00056    -0.00028     0.00011
56703     0.00090    -0.00025    -0.00020
56731     0.00119    -0.00040    -0.00041
56762     0.00150    -0.00058    -0.00026
56792     0.00156    -0.00073     0.00005
56823     0.00127    -0.00096     0.00083
56853     0.00058    -0.00088     0.00173
56884     0.00001    -0.00027     0.00223
56915    -0.00027     0.00004     0.00198
56945    -0.00045     0.00012     0.00144
56976    -0.00016    -0.00003     0.00062
57006    -0.00014    -0.00031     0.00004
57037    -0.00011    -0.00025    -0.00040
57068     0.00016    -0.00035    -0.00105
57096     0.00031    -0.00049    -0.00138
57127     0.00044    -0.00053    -0.00127
57157     0.00094    -0.00087    -0.00081
57188     0.00090    -0.00117     0.00011
57218     0.00043    -0.00111     0.00112
57249     0.00015    -0.00054     0.00156
57280    -0.00085    -0.00030     0.00172
57310    -0.00080    -0.00021     0.00120
57341    -0.00102    -0.00017     0.00045
57371    -0.00125    -0.00007    -0.00023
57402    -0.00056     0.00009    -0.00096
57433    -0.00038    -0.00003    -0.00141
57462     0.00018    -0.00009    -0.00189
57493     0.00044    -0.00010    -0.00189
57523     0.00046    -0.00019    -0.00134
57554     0.00042    -0.00038    -0.00034
