# Hydrology loading displacements computed from the monthly GLDAS NOAH model
# This is a product of the Hydrology loading service: http://lacerta.gsfc.nasa.gov/hydlo/
# Displacements are with respect to the center of mass of the total earth
#
# Created for VieVS on 17.03.2017 at 11:46:08 local time
# OFFSET + TREND REMOVED!!! - Hana 
# mjd up (meters) eastwest (meters) northsouth (meters)
43888    -0.00217    -0.00034    -0.00032
43919    -0.00322    -0.00046    -0.00089
43947    -0.00337    -0.00051    -0.00073
43978    -0.00332    -0.00051    -0.00032
44008    -0.00202    -0.00048     0.00069
44039    -0.00063    -0.00031     0.00162
44069     0.00117     0.00023     0.00176
44100     0.00199     0.00063     0.00142
44131     0.00226     0.00062     0.00119
44161     0.00216     0.00058     0.00100
44192     0.00149     0.00014     0.00057
44222     0.00128    -0.00052     0.00004
44253    -0.00054    -0.00086    -0.00000
44284    -0.00285    -0.00051    -0.00014
44313    -0.00378    -0.00042    -0.00033
44344    -0.00251    -0.00059     0.00000
44374    -0.00142    -0.00034     0.00087
44405    -0.00002    -0.00000     0.00162
44435     0.00173     0.00039     0.00162
44466     0.00268     0.00066     0.00128
44497     0.00241     0.00078     0.00099
44527     0.00187     0.00070     0.00084
44558     0.00153     0.00033     0.00033
44588     0.00092    -0.00009    -0.00008
44619     0.00097    -0.00042    -0.00041
44650     0.00021    -0.00067    -0.00050
44678    -0.00041    -0.00086    -0.00078
44709    -0.00026    -0.00093    -0.00049
44739     0.00033    -0.00093     0.00024
44770     0.00084    -0.00040     0.00147
44800     0.00203     0.00025     0.00149
44831     0.00293     0.00068     0.00114
44862     0.00297     0.00082     0.00089
44892     0.00216     0.00098     0.00047
44923     0.00144     0.00083     0.00016
44953     0.00028     0.00038    -0.00017
44984    -0.00097    -0.00019    -0.00071
45015    -0.00145    -0.00025    -0.00125
45043    -0.00161    -0.00029    -0.00128
45074    -0.00226    -0.00053    -0.00041
45104    -0.00098    -0.00062     0.00031
45135    -0.00018    -0.00053     0.00169
45165     0.00078    -0.00036     0.00253
45196     0.00190     0.00016     0.00191
45227     0.00202     0.00050     0.00151
45257     0.00149     0.00032     0.00110
45288     0.00036     0.00035     0.00033
45318    -0.00199     0.00031    -0.00028
45349    -0.00294     0.00009    -0.00075
45380    -0.00511    -0.00006    -0.00096
45408    -0.00619     0.00025    -0.00077
45439    -0.00518     0.00019    -0.00013
45469    -0.00400     0.00046     0.00067
45500    -0.00205     0.00058     0.00169
45530    -0.00038     0.00116     0.00211
45561     0.00082     0.00163     0.00172
45592     0.00116     0.00202     0.00126
45622     0.00018     0.00229     0.00086
45653    -0.00097     0.00196     0.00069
45683    -0.00317     0.00146     0.00031
45714    -0.00339     0.00113    -0.00033
45745    -0.00300     0.00079    -0.00059
45774    -0.00257     0.00053    -0.00057
45805    -0.00189    -0.00011    -0.00005
45835    -0.00098    -0.00006     0.00091
45866    -0.00010     0.00029     0.00169
45896     0.00101     0.00099     0.00201
45927     0.00173     0.00151     0.00181
45958     0.00201     0.00155     0.00153
45988     0.00144     0.00139     0.00112
46019     0.00009     0.00093     0.00088
46049    -0.00177     0.00070     0.00048
46080    -0.00303     0.00009     0.00003
46111    -0.00293    -0.00041    -0.00071
46139    -0.00272    -0.00031    -0.00095
46170    -0.00177    -0.00060    -0.00040
46200    -0.00077    -0.00051     0.00018
46231     0.00030    -0.00011     0.00124
46261     0.00176     0.00008     0.00142
46292     0.00238     0.00036     0.00114
46323     0.00231     0.00075     0.00093
46353     0.00138     0.00105     0.00070
46384     0.00023     0.00091     0.00034
46414    -0.00122     0.00044    -0.00010
46445    -0.00085    -0.00013    -0.00088
46476    -0.00192    -0.00040    -0.00116
46504    -0.00266    -0.00077    -0.00113
46535    -0.00199    -0.00085    -0.00062
46565    -0.00115    -0.00075     0.00039
46596    -0.00017    -0.00066     0.00167
46626     0.00124     0.00011     0.00195
46657     0.00246     0.00052     0.00167
46688     0.00232     0.00049     0.00149
46718     0.00154     0.00033     0.00127
46749     0.00120     0.00013     0.00061
46779     0.00041    -0.00019    -0.00001
46810    -0.00025    -0.00046    -0.00044
46841    -0.00054    -0.00059    -0.00081
46869    -0.00114    -0.00062    -0.00108
46900    -0.00059    -0.00089    -0.00066
46930     0.00030    -0.00072     0.00022
46961     0.00112    -0.00052     0.00091
46991     0.00197    -0.00001     0.00163
47022     0.00258     0.00038     0.00147
47053     0.00289     0.00058     0.00095
47083     0.00293     0.00052     0.00047
47114     0.00190     0.00057     0.00021
47144     0.00095     0.00004    -0.00009
47175    -0.00012    -0.00032    -0.00060
47206    -0.00008    -0.00071    -0.00114
47235     0.00040    -0.00103    -0.00147
47266     0.00076    -0.00095    -0.00087
47296     0.00133    -0.00069    -0.00022
47327     0.00239    -0.00051     0.00089
47357     0.00332    -0.00008     0.00106
47388     0.00396     0.00033     0.00049
47419     0.00389     0.00068    -0.00006
47449     0.00345     0.00066    -0.00016
47480     0.00260     0.00023    -0.00036
47510     0.00174    -0.00027    -0.00076
47541     0.00084    -0.00062    -0.00129
47572     0.00053    -0.00083    -0.00177
47600     0.00047    -0.00072    -0.00191
47631     0.00122    -0.00066    -0.00150
47661     0.00189    -0.00061    -0.00059
47692     0.00228    -0.00017     0.00073
47722     0.00341     0.00011     0.00124
47753     0.00409     0.00025     0.00117
47784     0.00375     0.00047     0.00090
47814     0.00344     0.00044     0.00038
47845     0.00290     0.00020    -0.00009
47875     0.00278    -0.00069    -0.00084
47906     0.00220    -0.00122    -0.00143
47937     0.00150    -0.00139    -0.00198
47965     0.00119    -0.00113    -0.00205
47996     0.00172    -0.00096    -0.00146
48026     0.00197    -0.00084    -0.00043
48057     0.00234    -0.00029     0.00064
48087     0.00329     0.00016     0.00093
48118     0.00370     0.00052     0.00095
48149     0.00373     0.00058     0.00070
48179     0.00308     0.00073     0.00014
48210     0.00245     0.00053    -0.00050
48240     0.00190     0.00006    -0.00127
48271     0.00141    -0.00015    -0.00189
48302     0.00178    -0.00023    -0.00228
48330     0.00027    -0.00052    -0.00241
48361     0.00006    -0.00083    -0.00178
48391     0.00038    -0.00094    -0.00080
48422     0.00137    -0.00057     0.00034
48452     0.00230    -0.00013     0.00101
48483     0.00322     0.00031     0.00082
48514     0.00290     0.00065     0.00074
48544     0.00252     0.00064     0.00035
48575     0.00160     0.00065    -0.00006
48605     0.00065     0.00058    -0.00068
48636    -0.00078     0.00028    -0.00117
48667    -0.00200     0.00007    -0.00138
48696    -0.00284     0.00007    -0.00130
48727    -0.00232    -0.00025    -0.00097
48757    -0.00110    -0.00014    -0.00006
48788    -0.00022     0.00008     0.00103
48818     0.00071     0.00045     0.00146
48849     0.00160     0.00082     0.00114
48880     0.00173     0.00082     0.00084
48910     0.00170     0.00088     0.00035
48941     0.00083     0.00052    -0.00029
48971    -0.00010     0.00017    -0.00046
49002    -0.00237     0.00022    -0.00064
49033    -0.00352     0.00028    -0.00105
49061    -0.00375     0.00007    -0.00128
49092    -0.00331    -0.00022    -0.00094
49122    -0.00208    -0.00011    -0.00041
49153    -0.00118     0.00016     0.00061
49183    -0.00034     0.00068     0.00083
49214     0.00076     0.00102     0.00052
49245     0.00099     0.00115     0.00007
49275     0.00087     0.00105    -0.00023
49306     0.00036     0.00076    -0.00061
49336    -0.00027     0.00036    -0.00099
49367    -0.00046    -0.00044    -0.00155
49398    -0.00101    -0.00077    -0.00184
49426    -0.00118    -0.00066    -0.00189
49457    -0.00094    -0.00076    -0.00142
49487    -0.00057    -0.00074    -0.00062
49518     0.00024    -0.00060     0.00019
49548     0.00124    -0.00008     0.00015
49579     0.00224     0.00014    -0.00019
49610     0.00231     0.00028    -0.00064
49640     0.00167     0.00005    -0.00084
49671     0.00083    -0.00035    -0.00137
49701     0.00003    -0.00048    -0.00205
49732    -0.00188    -0.00040    -0.00237
49763    -0.00252    -0.00031    -0.00279
49791    -0.00314    -0.00038    -0.00280
49822    -0.00296    -0.00068    -0.00206
49852    -0.00253    -0.00066    -0.00104
49883    -0.00183    -0.00028    -0.00009
49913    -0.00037     0.00023     0.00011
49944     0.00079     0.00062    -0.00050
49975     0.00110     0.00088    -0.00096
50005     0.00087     0.00076    -0.00124
50036     0.00035     0.00046    -0.00165
50066    -0.00038    -0.00030    -0.00178
50097    -0.00091    -0.00085    -0.00238
50128    -0.00172    -0.00110    -0.00287
50157    -0.00199    -0.00110    -0.00311
50188    -0.00176    -0.00116    -0.00260
50218    -0.00130    -0.00126    -0.00101
50249    -0.00048    -0.00131     0.00066
50279     0.00003    -0.00135     0.00223
50310     0.00078    -0.00130     0.00311
50341     0.00103    -0.00144     0.00332
50371     0.00114    -0.00149     0.00288
50402    -0.00004    -0.00163     0.00240
50432    -0.00088    -0.00169     0.00153
50463    -0.00190    -0.00175     0.00066
50494    -0.00261    -0.00162    -0.00037
50522    -0.00251    -0.00170    -0.00126
50553    -0.00201    -0.00180    -0.00130
50583    -0.00152    -0.00161    -0.00099
50614    -0.00096    -0.00120    -0.00013
50644    -0.00007    -0.00045     0.00012
50675     0.00065     0.00026    -0.00000
50706     0.00046     0.00069    -0.00049
50736    -0.00025     0.00067    -0.00134
50767    -0.00122     0.00039    -0.00228
50797    -0.00252    -0.00004    -0.00296
50828    -0.00394    -0.00019    -0.00331
50859    -0.00621    -0.00008    -0.00316
50887    -0.00630     0.00001    -0.00338
50918    -0.00602     0.00000    -0.00284
50948    -0.00517     0.00018    -0.00166
50979    -0.00414     0.00044    -0.00048
51009    -0.00241     0.00107    -0.00059
51040    -0.00075     0.00129    -0.00099
51071    -0.00017     0.00143    -0.00151
51101    -0.00070     0.00142    -0.00202
51132    -0.00168     0.00118    -0.00222
51162    -0.00254     0.00065    -0.00235
51193    -0.00287     0.00012    -0.00266
51224    -0.00376    -0.00020    -0.00259
51252    -0.00328    -0.00042    -0.00254
51283    -0.00324    -0.00047    -0.00177
51313    -0.00265    -0.00025    -0.00093
51344    -0.00182     0.00027    -0.00001
51374    -0.00097     0.00061     0.00035
51405     0.00030     0.00080    -0.00001
51436     0.00057     0.00087    -0.00025
51466     0.00063     0.00082    -0.00064
51497     0.00052     0.00056    -0.00083
51527     0.00018     0.00001    -0.00098
51558     0.00030    -0.00119    -0.00112
51589    -0.00031    -0.00175    -0.00109
51618    -0.00142    -0.00167    -0.00094
51649    -0.00085    -0.00176    -0.00096
51679     0.00001    -0.00122    -0.00073
51710     0.00043    -0.00043    -0.00019
51740     0.00110     0.00004     0.00035
51771     0.00194     0.00044     0.00029
51802     0.00203     0.00042     0.00018
51832     0.00163     0.00042    -0.00031
51863     0.00057     0.00018    -0.00049
51893     0.00071    -0.00036    -0.00078
51924    -0.00034    -0.00059    -0.00092
51955    -0.00165    -0.00030    -0.00100
51983    -0.00300    -0.00038    -0.00092
52014    -0.00234    -0.00061    -0.00073
52044    -0.00139    -0.00035     0.00000
52075    -0.00038     0.00003     0.00060
52105     0.00062     0.00053     0.00110
52136     0.00144     0.00106     0.00109
52167     0.00146     0.00120     0.00093
52197     0.00143     0.00122     0.00049
52228     0.00107     0.00094     0.00004
52258    -0.00011     0.00033    -0.00003
52289    -0.00050    -0.00037    -0.00029
52320    -0.00054    -0.00056    -0.00052
52348    -0.00050    -0.00056    -0.00069
52379    -0.00036    -0.00085    -0.00039
52409    -0.00009    -0.00056     0.00037
52440     0.00045    -0.00016     0.00142
52470     0.00130     0.00046     0.00179
52501     0.00203     0.00083     0.00169
52532     0.00205     0.00100     0.00133
52562     0.00159     0.00089     0.00063
52593     0.00088     0.00041     0.00010
52623     0.00019    -0.00002    -0.00006
52654    -0.00026    -0.00065    -0.00015
52685    -0.00075    -0.00088    -0.00024
52713    -0.00128    -0.00093    -0.00006
52744    -0.00102    -0.00113     0.00026
52774    -0.00103    -0.00086     0.00097
52805    -0.00028    -0.00054     0.00168
52835     0.00091     0.00015     0.00180
52866     0.00190     0.00058     0.00151
52897     0.00211     0.00092     0.00094
52927     0.00182     0.00098     0.00052
52958     0.00105     0.00064     0.00010
52988     0.00061     0.00023    -0.00014
53019     0.00023    -0.00042    -0.00024
53050     0.00005    -0.00087    -0.00032
53079    -0.00065    -0.00097    -0.00031
53110     0.00004    -0.00120    -0.00034
53140     0.00042    -0.00097     0.00019
53171     0.00068    -0.00033     0.00087
53201     0.00139     0.00017     0.00127
53232     0.00214     0.00061     0.00102
53263     0.00200     0.00100     0.00060
53293     0.00117     0.00100     0.00028
53324    -0.00031     0.00066     0.00011
53354    -0.00059     0.00005    -0.00031
53385    -0.00303    -0.00022    -0.00018
53416    -0.00401    -0.00054    -0.00021
53444    -0.00456    -0.00087    -0.00023
53475    -0.00385    -0.00095     0.00007
53505    -0.00301    -0.00087     0.00046
53536    -0.00201    -0.00048     0.00128
53566    -0.00055     0.00029     0.00160
53597     0.00036     0.00101     0.00136
53628     0.00069     0.00134     0.00105
53658     0.00010     0.00139     0.00088
53689    -0.00035     0.00122     0.00070
53719    -0.00088     0.00024     0.00076
53750    -0.00191    -0.00053     0.00097
53781    -0.00178    -0.00087     0.00066
53809    -0.00198    -0.00121     0.00051
53840    -0.00219    -0.00137     0.00083
53870    -0.00153    -0.00097     0.00115
53901    -0.00059    -0.00032     0.00168
53931     0.00062     0.00053     0.00204
53962     0.00143     0.00086     0.00176
53993     0.00145     0.00111     0.00123
54023     0.00092     0.00086     0.00106
54054     0.00061     0.00014     0.00062
54084     0.00026    -0.00035     0.00038
54115    -0.00015    -0.00061     0.00026
54146    -0.00023    -0.00085    -0.00006
54174    -0.00029    -0.00096    -0.00002
54205    -0.00028    -0.00106     0.00040
54235     0.00016    -0.00090     0.00078
54266     0.00089    -0.00027     0.00129
54296     0.00186     0.00048     0.00128
54327     0.00272     0.00070     0.00088
54358     0.00278     0.00091     0.00029
54388     0.00220     0.00088     0.00018
54419     0.00210     0.00030    -0.00006
54449     0.00124    -0.00028    -0.00021
54480    -0.00030    -0.00092    -0.00008
54511    -0.00187    -0.00115     0.00003
54540    -0.00185    -0.00142    -0.00007
54571    -0.00128    -0.00139    -0.00010
54601    -0.00063    -0.00107     0.00052
54632     0.00012    -0.00048     0.00108
54662     0.00125     0.00011     0.00116
54693     0.00216     0.00052     0.00072
54724     0.00202     0.00080     0.00015
54754     0.00171     0.00080    -0.00023
54785     0.00121     0.00076    -0.00058
54815     0.00042     0.00015    -0.00063
54846    -0.00006    -0.00029    -0.00073
54877    -0.00074    -0.00068    -0.00089
54905    -0.00138    -0.00094    -0.00090
54936    -0.00108    -0.00103    -0.00073
54966    -0.00062    -0.00071    -0.00014
54997     0.00010    -0.00024     0.00074
55027     0.00120     0.00030     0.00098
55058     0.00202     0.00064     0.00075
55089     0.00227     0.00082     0.00039
55119     0.00143     0.00089     0.00013
55150     0.00094     0.00018    -0.00032
55180     0.00018    -0.00044    -0.00052
55211    -0.00087    -0.00079    -0.00073
55242    -0.00288    -0.00060    -0.00067
55270    -0.00269    -0.00082    -0.00076
55301    -0.00222    -0.00088    -0.00044
55331    -0.00167    -0.00066     0.00002
55362    -0.00084    -0.00020     0.00065
55392     0.00040     0.00046     0.00101
55423     0.00169     0.00095     0.00066
55454     0.00200     0.00140    -0.00004
55484     0.00159     0.00159    -0.00047
55515     0.00085     0.00114    -0.00070
55545    -0.00079     0.00066    -0.00087
55576    -0.00286     0.00016    -0.00067
55607    -0.00300    -0.00021    -0.00077
55635    -0.00376    -0.00047    -0.00058
55666    -0.00388    -0.00056    -0.00010
55696    -0.00298    -0.00036     0.00045
55727    -0.00201     0.00029     0.00120
55757    -0.00063     0.00100     0.00143
55788     0.00061     0.00144     0.00115
55819     0.00115     0.00167     0.00059
55849     0.00104     0.00129     0.00026
55880     0.00078     0.00079     0.00002
55910     0.00026     0.00042    -0.00014
55941    -0.00001    -0.00007    -0.00036
55972    -0.00054    -0.00029    -0.00034
56001    -0.00071    -0.00022    -0.00014
56032    -0.00115    -0.00036     0.00022
56062    -0.00054    -0.00028     0.00052
56093     0.00042     0.00007     0.00126
56123     0.00167     0.00056     0.00139
56154     0.00258     0.00104     0.00090
56185     0.00296     0.00142     0.00010
56215     0.00250     0.00118    -0.00020
56246     0.00218     0.00078    -0.00074
56276     0.00144     0.00023    -0.00091
56307     0.00074    -0.00018    -0.00101
56338     0.00053    -0.00048    -0.00121
56366     0.00042    -0.00061    -0.00114
56397     0.00067    -0.00084    -0.00088
56427     0.00100    -0.00065    -0.00014
56458     0.00108    -0.00012     0.00068
56488     0.00184     0.00061     0.00103
56519     0.00232     0.00114     0.00095
56550     0.00214     0.00138     0.00082
56580     0.00157     0.00134     0.00062
56611     0.00107     0.00084     0.00057
56641     0.00061     0.00038     0.00046
56672     0.00059    -0.00016     0.00033
56703     0.00041    -0.00056     0.00037
56731    -0.00019    -0.00101     0.00068
56762     0.00004    -0.00107     0.00104
56792     0.00041    -0.00101     0.00134
56823     0.00066    -0.00055     0.00183
56853     0.00136     0.00008     0.00197
56884     0.00222     0.00053     0.00155
56915     0.00210     0.00086     0.00092
56945     0.00155     0.00077     0.00043
56976     0.00099     0.00040     0.00010
57006    -0.00010    -0.00004     0.00014
57037    -0.00054    -0.00011    -0.00017
57068    -0.00094    -0.00042    -0.00040
57096    -0.00102    -0.00061    -0.00050
57127    -0.00064    -0.00070    -0.00038
57157    -0.00061    -0.00052     0.00032
57188    -0.00026    -0.00011     0.00108
57218     0.00050     0.00023     0.00151
57249     0.00136     0.00068     0.00117
57280     0.00148     0.00100     0.00068
57310     0.00101     0.00115     0.00020
57341     0.00032     0.00113    -0.00042
57371    -0.00031     0.00107    -0.00098
57402    -0.00104     0.00056    -0.00113
57433    -0.00128     0.00004    -0.00113
57462    -0.00142    -0.00054    -0.00110
57493    -0.00107    -0.00081    -0.00094
57523    -0.00060    -0.00058    -0.00056
57554     0.00019    -0.00012     0.00006
