# Hydrology loading displacements computed from the monthly GLDAS NOAH model
# This is a product of the Hydrology loading service: http://lacerta.gsfc.nasa.gov/hydlo/
# Displacements are with respect to the center of mass of the total earth
#
# Created for VieVS on 17.03.2017 at 11:46:08 local time
# OFFSET + TREND REMOVED!!! - Hana 
# mjd up (meters) eastwest (meters) northsouth (meters)
43888     0.00064    -0.00058    -0.00051
43919     0.00109    -0.00079    -0.00092
43947     0.00115    -0.00059    -0.00087
43978     0.00086    -0.00029    -0.00074
44008    -0.00047     0.00011    -0.00004
44039    -0.00101     0.00025     0.00090
44069    -0.00088     0.00022     0.00192
44100    -0.00128    -0.00002     0.00196
44131    -0.00108    -0.00001     0.00168
44161    -0.00056     0.00019     0.00139
44192     0.00008    -0.00001     0.00074
44222     0.00003    -0.00032     0.00019
44253     0.00056    -0.00055    -0.00014
44284     0.00122    -0.00059    -0.00043
44313     0.00121    -0.00057    -0.00061
44344     0.00008    -0.00020    -0.00046
44374    -0.00156     0.00027     0.00013
44405    -0.00241     0.00051     0.00102
44435    -0.00263     0.00026     0.00178
44466    -0.00202    -0.00010     0.00204
44497    -0.00084    -0.00019     0.00183
44527    -0.00069     0.00005     0.00135
44558    -0.00001    -0.00001     0.00077
44588     0.00053    -0.00016     0.00033
44619     0.00053    -0.00032     0.00024
44650     0.00017    -0.00035     0.00016
44678     0.00024    -0.00060    -0.00008
44709     0.00007    -0.00047    -0.00004
44739    -0.00166    -0.00012     0.00009
44770    -0.00297     0.00052     0.00089
44800    -0.00216     0.00037     0.00168
44831    -0.00127    -0.00000     0.00205
44862    -0.00043    -0.00016     0.00197
44892     0.00068    -0.00002     0.00142
44923     0.00114     0.00019     0.00090
44953     0.00147     0.00013     0.00027
44984     0.00201    -0.00026    -0.00059
45015     0.00239    -0.00044    -0.00103
45043     0.00221    -0.00035    -0.00095
45074     0.00146    -0.00015    -0.00075
45104     0.00018    -0.00009    -0.00017
45135    -0.00165     0.00034     0.00064
45165    -0.00320     0.00046     0.00139
45196    -0.00262     0.00011     0.00167
45227    -0.00189     0.00010     0.00154
45257    -0.00125    -0.00000     0.00105
45288     0.00020    -0.00022     0.00042
45318     0.00137    -0.00033    -0.00047
45349     0.00173    -0.00025    -0.00107
45380     0.00182    -0.00026    -0.00164
45408     0.00202     0.00014    -0.00169
45439     0.00151     0.00054    -0.00133
45469     0.00070     0.00093    -0.00047
45500    -0.00053     0.00104     0.00069
45530    -0.00110     0.00107     0.00172
45561    -0.00057     0.00063     0.00236
45592     0.00009     0.00061     0.00231
45622     0.00107     0.00081     0.00175
45653     0.00156     0.00098     0.00110
45683     0.00252     0.00059     0.00004
45714     0.00289     0.00027    -0.00040
45745     0.00252     0.00037    -0.00063
45774     0.00173     0.00062    -0.00073
45805    -0.00015     0.00072    -0.00054
45835    -0.00100     0.00095     0.00016
45866    -0.00201     0.00118     0.00075
45896    -0.00393     0.00138     0.00131
45927    -0.00336     0.00120     0.00178
45958    -0.00251     0.00113     0.00176
45988    -0.00150     0.00103     0.00118
46019    -0.00117     0.00105     0.00034
46049    -0.00034     0.00082    -0.00026
46080    -0.00054     0.00056    -0.00097
46111    -0.00034     0.00004    -0.00136
46139     0.00045     0.00010    -0.00136
46170    -0.00009     0.00006    -0.00091
46200    -0.00048     0.00024    -0.00031
46231    -0.00117     0.00060     0.00070
46261    -0.00178     0.00036     0.00145
46292    -0.00160     0.00022     0.00166
46323    -0.00051     0.00026     0.00163
46353     0.00028     0.00054     0.00114
46384     0.00064     0.00063     0.00036
46414     0.00133     0.00024    -0.00037
46445     0.00194    -0.00029    -0.00077
46476     0.00213    -0.00042    -0.00126
46504     0.00193    -0.00054    -0.00147
46535     0.00107    -0.00035    -0.00101
46565    -0.00040     0.00010    -0.00041
46596    -0.00283     0.00041     0.00036
46626    -0.00261     0.00049     0.00140
46657    -0.00186     0.00024     0.00191
46688    -0.00170     0.00019     0.00160
46718    -0.00103     0.00014     0.00109
46749     0.00002    -0.00010     0.00056
46779     0.00045    -0.00022    -0.00018
46810     0.00095    -0.00029    -0.00049
46841     0.00142    -0.00030    -0.00077
46869     0.00170    -0.00024    -0.00122
46900     0.00066     0.00001    -0.00103
46930    -0.00051     0.00050    -0.00023
46961    -0.00116     0.00047     0.00049
46991    -0.00299     0.00071     0.00118
47022    -0.00448     0.00050     0.00124
47053    -0.00303     0.00012     0.00112
47083    -0.00169    -0.00010     0.00088
47114    -0.00105     0.00011     0.00053
47144    -0.00039     0.00001    -0.00000
47175     0.00033    -0.00017    -0.00062
47206     0.00085    -0.00051    -0.00095
47235     0.00089    -0.00080    -0.00102
47266     0.00060    -0.00056    -0.00052
47296     0.00039    -0.00037     0.00022
47327    -0.00027    -0.00015     0.00134
47357    -0.00017    -0.00030     0.00192
47388     0.00060    -0.00080     0.00195
47419     0.00136    -0.00093     0.00156
47449     0.00187    -0.00072     0.00120
47480     0.00248    -0.00076     0.00055
47510     0.00283    -0.00087    -0.00011
47541     0.00326    -0.00113    -0.00064
47572     0.00355    -0.00130    -0.00100
47600     0.00369    -0.00108    -0.00116
47631     0.00329    -0.00088    -0.00062
47661     0.00243    -0.00067     0.00011
47692     0.00153    -0.00009     0.00115
47722     0.00108    -0.00022     0.00202
47753     0.00040    -0.00053     0.00215
47784     0.00065    -0.00049     0.00182
47814     0.00182    -0.00059     0.00140
47845     0.00234    -0.00049     0.00075
47875     0.00243    -0.00091    -0.00005
47906     0.00267    -0.00124    -0.00065
47937     0.00256    -0.00123    -0.00127
47965     0.00246    -0.00079    -0.00140
47996     0.00161    -0.00047    -0.00088
48026     0.00067    -0.00017    -0.00026
48057     0.00018     0.00028     0.00078
48087     0.00008     0.00026     0.00164
48118     0.00048     0.00009     0.00199
48149     0.00049     0.00005     0.00177
48179     0.00118     0.00017     0.00115
48210     0.00168     0.00026     0.00036
48240     0.00237    -0.00001    -0.00049
48271     0.00292    -0.00022    -0.00101
48302     0.00323    -0.00037    -0.00104
48330     0.00336    -0.00064    -0.00148
48361     0.00254    -0.00054    -0.00130
48391     0.00134    -0.00026    -0.00090
48422    -0.00089    -0.00004     0.00012
48452    -0.00180     0.00014     0.00099
48483    -0.00136    -0.00014     0.00142
48514    -0.00081     0.00007     0.00128
48544    -0.00014     0.00014     0.00079
48575     0.00075     0.00029     0.00019
48605     0.00148     0.00033    -0.00052
48636     0.00130     0.00040    -0.00122
48667     0.00139     0.00047    -0.00161
48696     0.00115     0.00077    -0.00182
48727     0.00021     0.00086    -0.00169
48757    -0.00181     0.00109    -0.00109
48788    -0.00388     0.00120    -0.00038
48818    -0.00395     0.00111     0.00040
48849    -0.00278     0.00073     0.00092
48880    -0.00291     0.00068     0.00071
48910    -0.00176     0.00068     0.00047
48941    -0.00074     0.00052    -0.00036
48971    -0.00063     0.00055    -0.00073
49002    -0.00010     0.00043    -0.00102
49033     0.00069     0.00015    -0.00117
49061     0.00120    -0.00004    -0.00150
49092     0.00053     0.00008    -0.00149
49122    -0.00062     0.00026    -0.00107
49153    -0.00160     0.00048    -0.00024
49183    -0.00199     0.00055     0.00019
49214    -0.00092     0.00022     0.00064
49245    -0.00008     0.00006     0.00046
49275     0.00065     0.00013     0.00019
49306     0.00088     0.00022    -0.00042
49336     0.00123     0.00017    -0.00098
49367     0.00153    -0.00026    -0.00157
49398     0.00152    -0.00046    -0.00182
49426     0.00166    -0.00028    -0.00185
49457     0.00100    -0.00007    -0.00168
49487    -0.00003     0.00009    -0.00123
49518    -0.00120     0.00024    -0.00058
49548    -0.00134     0.00010    -0.00013
49579    -0.00113    -0.00037     0.00010
49610     0.00002    -0.00064    -0.00007
49640     0.00011    -0.00060    -0.00066
49671     0.00064    -0.00072    -0.00136
49701     0.00151    -0.00078    -0.00201
49732     0.00216    -0.00075    -0.00235
49763     0.00279    -0.00081    -0.00252
49791     0.00270    -0.00078    -0.00265
49822     0.00198    -0.00064    -0.00239
49852     0.00096    -0.00035    -0.00184
49883     0.00028    -0.00008    -0.00106
49913    -0.00026    -0.00012    -0.00038
49944     0.00027    -0.00063    -0.00023
49975     0.00129    -0.00081    -0.00029
50005     0.00153    -0.00070    -0.00071
50036     0.00215    -0.00061    -0.00133
50066     0.00228    -0.00084    -0.00177
50097     0.00277    -0.00120    -0.00235
50128     0.00346    -0.00150    -0.00284
50157     0.00381    -0.00154    -0.00293
50188     0.00326    -0.00136    -0.00248
50218     0.00165    -0.00068    -0.00147
50249     0.00007    -0.00031    -0.00006
50279    -0.00184     0.00034     0.00112
50310    -0.00266     0.00064     0.00196
50341    -0.00294     0.00060     0.00217
50371    -0.00251     0.00049     0.00190
50402    -0.00166     0.00022     0.00129
50432    -0.00031    -0.00022     0.00051
50463     0.00015    -0.00046    -0.00033
50494     0.00047    -0.00053    -0.00113
50522     0.00041    -0.00067    -0.00181
50553    -0.00002    -0.00098    -0.00175
50583    -0.00122    -0.00091    -0.00155
50614    -0.00360    -0.00038    -0.00120
50644    -0.00372    -0.00011    -0.00064
50675    -0.00299    -0.00004    -0.00018
50706    -0.00245     0.00001    -0.00044
50736    -0.00242    -0.00006    -0.00135
50767    -0.00164    -0.00040    -0.00220
50797    -0.00129    -0.00069    -0.00285
50828    -0.00015    -0.00085    -0.00327
50859     0.00037    -0.00062    -0.00355
50887     0.00048    -0.00034    -0.00383
50918    -0.00003    -0.00004    -0.00356
50948    -0.00090     0.00053    -0.00278
50979    -0.00163     0.00089    -0.00176
51009    -0.00087     0.00071    -0.00094
51040     0.00004     0.00015    -0.00036
51071     0.00084    -0.00019    -0.00039
51101     0.00162    -0.00017    -0.00106
51132     0.00191     0.00003    -0.00173
51162     0.00214    -0.00006    -0.00217
51193     0.00259    -0.00031    -0.00261
51224     0.00273    -0.00043    -0.00278
51252     0.00233    -0.00040    -0.00264
51283     0.00112    -0.00003    -0.00217
51313     0.00031     0.00037    -0.00159
51344    -0.00058     0.00079    -0.00079
51374    -0.00153     0.00084    -0.00028
51405    -0.00097     0.00024     0.00007
51436    -0.00126    -0.00002    -0.00016
51466    -0.00018    -0.00019    -0.00037
51497     0.00006    -0.00009    -0.00055
51527     0.00040    -0.00025    -0.00087
51558    -0.00013    -0.00081    -0.00102
51589    -0.00051    -0.00103    -0.00101
51618    -0.00075    -0.00088    -0.00091
51649    -0.00076    -0.00093    -0.00088
51679    -0.00098    -0.00055    -0.00039
51710    -0.00245    -0.00005    -0.00015
51740    -0.00517     0.00014     0.00016
51771    -0.00399     0.00012     0.00078
51802    -0.00436     0.00010     0.00066
51832    -0.00357    -0.00000     0.00037
51863    -0.00236    -0.00004     0.00003
51893    -0.00121    -0.00048    -0.00009
51924    -0.00070    -0.00038    -0.00051
51955     0.00016    -0.00016    -0.00073
51983     0.00000     0.00001    -0.00101
52014    -0.00087     0.00018    -0.00092
52044    -0.00184     0.00069    -0.00032
52075    -0.00260     0.00100     0.00019
52105    -0.00296     0.00109     0.00097
52136    -0.00303     0.00096     0.00138
52167    -0.00260     0.00101     0.00123
52197    -0.00206     0.00113     0.00093
52228    -0.00100     0.00080     0.00065
52258    -0.00030     0.00049     0.00021
52289     0.00014     0.00011    -0.00017
52320     0.00044     0.00008    -0.00034
52348     0.00057     0.00012    -0.00058
52379    -0.00044     0.00039    -0.00073
52409    -0.00144     0.00086    -0.00029
52440    -0.00432     0.00131     0.00031
52470    -0.00427     0.00138     0.00122
52501    -0.00417     0.00107     0.00158
52532    -0.00336     0.00084     0.00145
52562    -0.00185     0.00058     0.00073
52593    -0.00108     0.00031     0.00008
52623    -0.00100     0.00032    -0.00020
52654    -0.00090     0.00009    -0.00042
52685    -0.00053    -0.00009    -0.00054
52713    -0.00076     0.00004    -0.00047
52744    -0.00124     0.00011    -0.00029
52774    -0.00176     0.00058     0.00007
52805    -0.00260     0.00088     0.00062
52835    -0.00222     0.00082     0.00141
52866    -0.00112     0.00052     0.00189
52897     0.00020     0.00029     0.00177
52927     0.00088     0.00034     0.00135
52958     0.00137     0.00022     0.00060
52988     0.00136     0.00012     0.00017
53019     0.00123    -0.00014    -0.00009
53050     0.00095    -0.00027    -0.00029
53079     0.00126    -0.00044    -0.00046
53110     0.00057    -0.00055    -0.00042
53140    -0.00038     0.00005    -0.00015
53171    -0.00073     0.00059     0.00045
53201    -0.00093     0.00063     0.00115
53232    -0.00070     0.00035     0.00148
53263     0.00073     0.00029     0.00127
53293     0.00129     0.00030     0.00080
53324     0.00113     0.00020     0.00010
53354     0.00114    -0.00024    -0.00028
53385     0.00130    -0.00039    -0.00056
53416     0.00115    -0.00036    -0.00098
53444     0.00083    -0.00037    -0.00126
53475     0.00040    -0.00010    -0.00100
53505    -0.00015    -0.00001    -0.00062
53536    -0.00134     0.00041     0.00006
53566    -0.00191     0.00063     0.00088
53597    -0.00121     0.00056     0.00131
53628    -0.00127     0.00057     0.00127
53658    -0.00060     0.00072     0.00090
53689     0.00009     0.00079     0.00065
53719    -0.00021     0.00062     0.00012
53750    -0.00029     0.00039    -0.00013
53781    -0.00013     0.00015    -0.00034
53809    -0.00001    -0.00015    -0.00050
53840    -0.00025    -0.00021    -0.00021
53870     0.00001     0.00001     0.00021
53901    -0.00078     0.00043     0.00090
53931    -0.00131     0.00068     0.00176
53962    -0.00120     0.00029     0.00198
53993    -0.00025     0.00015     0.00174
54023    -0.00030     0.00028     0.00120
54054    -0.00040     0.00007     0.00052
54084    -0.00036     0.00001     0.00022
54115    -0.00045     0.00007     0.00004
54146    -0.00043    -0.00003    -0.00007
54174    -0.00099     0.00033    -0.00025
54205    -0.00188     0.00065    -0.00025
54235    -0.00199     0.00064     0.00015
54266    -0.00229     0.00085     0.00095
54296    -0.00247     0.00079     0.00159
54327    -0.00219     0.00024     0.00178
54358    -0.00105    -0.00005     0.00148
54388    -0.00037     0.00001     0.00114
54419     0.00047    -0.00048     0.00085
54449     0.00101    -0.00079     0.00039
54480     0.00093    -0.00100     0.00003
54511     0.00069    -0.00082    -0.00025
54540     0.00038    -0.00063    -0.00065
54571     0.00049    -0.00055    -0.00066
54601    -0.00035    -0.00019    -0.00027
54632    -0.00211     0.00020     0.00017
54662    -0.00207     0.00016     0.00087
54693    -0.00231    -0.00020     0.00111
54724    -0.00138    -0.00035     0.00074
54754    -0.00008    -0.00034     0.00049
54785     0.00115    -0.00035     0.00020
54815     0.00147    -0.00044    -0.00030
54846     0.00177    -0.00057    -0.00062
54877     0.00227    -0.00102    -0.00081
54905     0.00237    -0.00106    -0.00106
54936     0.00227    -0.00095    -0.00108
54966     0.00177    -0.00060    -0.00064
54997     0.00058    -0.00010     0.00018
55027    -0.00054    -0.00001     0.00084
55058    -0.00054    -0.00028     0.00108
55089    -0.00063    -0.00040     0.00100
55119     0.00030    -0.00029     0.00062
55150     0.00091    -0.00071    -0.00013
55180     0.00088    -0.00085    -0.00052
55211     0.00137    -0.00112    -0.00082
55242     0.00188    -0.00097    -0.00115
55270     0.00200    -0.00110    -0.00113
55301     0.00189    -0.00098    -0.00089
55331     0.00128    -0.00070    -0.00055
55362     0.00023    -0.00023     0.00007
55392    -0.00068    -0.00009     0.00082
55423    -0.00015    -0.00043     0.00132
55454     0.00118    -0.00057     0.00119
55484     0.00227    -0.00043     0.00090
55515     0.00284    -0.00051     0.00031
55545     0.00334    -0.00071    -0.00034
55576     0.00311    -0.00078    -0.00077
55607     0.00289    -0.00072    -0.00097
55635     0.00263    -0.00065    -0.00116
55666     0.00214    -0.00043    -0.00109
55696     0.00148    -0.00009    -0.00069
55727     0.00094     0.00027     0.00039
55757     0.00049     0.00049     0.00128
55788     0.00044     0.00029     0.00169
55819     0.00126    -0.00001     0.00157
55849     0.00175    -0.00034     0.00128
55880     0.00197    -0.00048     0.00087
55910     0.00240    -0.00053     0.00047
55941     0.00257    -0.00072     0.00013
55972     0.00246    -0.00067    -0.00014
56001     0.00228    -0.00039    -0.00012
56032     0.00202    -0.00025    -0.00008
56062     0.00136    -0.00004     0.00015
56093    -0.00028     0.00032     0.00079
56123    -0.00059     0.00016     0.00159
56154     0.00015    -0.00021     0.00192
56185     0.00122    -0.00050     0.00180
56215     0.00140    -0.00045     0.00119
56246     0.00192    -0.00066     0.00063
56276     0.00189    -0.00080     0.00015
56307     0.00190    -0.00089    -0.00028
56338     0.00198    -0.00091    -0.00055
56366     0.00179    -0.00071    -0.00068
56397     0.00117    -0.00064    -0.00059
56427     0.00037    -0.00031    -0.00005
56458    -0.00080     0.00027     0.00052
56488    -0.00086     0.00048     0.00142
56519    -0.00011     0.00031     0.00186
56550     0.00060     0.00025     0.00184
56580     0.00110     0.00033     0.00147
56611     0.00063     0.00044     0.00105
56641     0.00076     0.00027     0.00072
56672     0.00084    -0.00006     0.00053
56703     0.00001     0.00003     0.00033
56731    -0.00116     0.00024     0.00024
56762    -0.00194     0.00051     0.00026
56792    -0.00238     0.00061     0.00051
56823    -0.00314     0.00093     0.00093
56853    -0.00301     0.00104     0.00160
56884    -0.00206     0.00058     0.00201
56915    -0.00135     0.00035     0.00163
56945    -0.00038     0.00020     0.00102
56976     0.00009     0.00019     0.00047
57006    -0.00001     0.00028     0.00003
57037     0.00036     0.00029    -0.00019
57068     0.00027     0.00036    -0.00065
57096     0.00001     0.00046    -0.00089
57127     0.00002     0.00035    -0.00077
57157    -0.00075     0.00075    -0.00028
57188    -0.00133     0.00106     0.00040
57218    -0.00186     0.00110     0.00106
57249    -0.00226     0.00083     0.00120
57280    -0.00129     0.00065     0.00104
57310    -0.00076     0.00068     0.00045
57341     0.00016     0.00065    -0.00009
57371     0.00113     0.00055    -0.00055
57402     0.00089     0.00046    -0.00089
57433     0.00059     0.00046    -0.00115
57462     0.00027     0.00033    -0.00134
57493    -0.00049     0.00024    -0.00140
57523    -0.00146     0.00046    -0.00118
57554    -0.00229     0.00078    -0.00040
