# Hydrology loading displacements computed from the monthly GLDAS NOAH model
# This is a product of the Hydrology loading service: http://lacerta.gsfc.nasa.gov/hydlo/
# Displacements are with respect to the center of mass of the total earth
#
# Created for VieVS on 17.03.2017 at 11:46:08 local time
# OFFSET + TREND REMOVED!!! - Hana 
# mjd up (meters) eastwest (meters) northsouth (meters)
43888    -0.00243    -0.00021    -0.00107
43919    -0.00347    -0.00025    -0.00184
43947    -0.00355    -0.00012    -0.00159
43978    -0.00321    -0.00016    -0.00094
44008    -0.00194    -0.00020     0.00032
44039     0.00031    -0.00028     0.00154
44069     0.00286     0.00007     0.00183
44100     0.00454     0.00027     0.00156
44131     0.00458     0.00025     0.00145
44161     0.00411     0.00024     0.00139
44192     0.00228    -0.00008     0.00068
44222     0.00044    -0.00055    -0.00007
44253    -0.00130    -0.00071    -0.00063
44284    -0.00229    -0.00052    -0.00111
44313    -0.00258    -0.00035    -0.00141
44344    -0.00198    -0.00042    -0.00075
44374    -0.00039    -0.00030     0.00032
44405     0.00089     0.00013     0.00122
44435     0.00325     0.00035     0.00146
44466     0.00484     0.00047     0.00137
44497     0.00450     0.00055     0.00126
44527     0.00358     0.00047     0.00133
44558     0.00200     0.00019     0.00079
44588    -0.00008    -0.00004    -0.00003
44619    -0.00064    -0.00021    -0.00038
44650    -0.00121    -0.00032    -0.00080
44678    -0.00138    -0.00049    -0.00108
44709    -0.00138    -0.00052    -0.00078
44739    -0.00070    -0.00055     0.00014
44770     0.00019    -0.00009     0.00142
44800     0.00237     0.00030     0.00159
44831     0.00420     0.00054     0.00134
44862     0.00462     0.00055     0.00124
44892     0.00294     0.00076     0.00081
44923     0.00119     0.00076     0.00027
44953    -0.00123     0.00054    -0.00051
44984    -0.00303     0.00021    -0.00124
45015    -0.00402     0.00032    -0.00168
45043    -0.00388     0.00031    -0.00162
45074    -0.00349    -0.00001    -0.00088
45104    -0.00171    -0.00026     0.00009
45135     0.00013    -0.00035     0.00162
45165     0.00187    -0.00032     0.00261
45196     0.00361     0.00001     0.00213
45227     0.00371     0.00030     0.00181
45257     0.00249     0.00025     0.00132
45288     0.00063     0.00035     0.00026
45318    -0.00229     0.00037    -0.00087
45349    -0.00387     0.00039    -0.00139
45380    -0.00502     0.00027    -0.00187
45408    -0.00547     0.00060    -0.00173
45439    -0.00487     0.00058    -0.00084
45469    -0.00329     0.00079     0.00013
45500    -0.00071     0.00067     0.00139
45530     0.00092     0.00117     0.00198
45561     0.00299     0.00138     0.00165
45592     0.00333     0.00170     0.00131
45622     0.00246     0.00188     0.00107
45653    -0.00019     0.00177     0.00061
45683    -0.00309     0.00152    -0.00045
45714    -0.00390     0.00139    -0.00115
45745    -0.00428     0.00122    -0.00122
45774    -0.00444     0.00111    -0.00106
45805    -0.00383     0.00049    -0.00047
45835    -0.00284     0.00049     0.00063
45866    -0.00149     0.00071     0.00155
45896     0.00108     0.00103     0.00211
45927     0.00330     0.00119     0.00202
45958     0.00357     0.00120     0.00195
45988     0.00244     0.00107     0.00160
46019    -0.00053     0.00080     0.00094
46049    -0.00263     0.00062     0.00022
46080    -0.00354    -0.00006    -0.00019
46111    -0.00387    -0.00041    -0.00099
46139    -0.00392    -0.00021    -0.00110
46170    -0.00301    -0.00049    -0.00048
46200    -0.00156    -0.00052     0.00028
46231     0.00030    -0.00022     0.00137
46261     0.00327    -0.00033     0.00168
46292     0.00453    -0.00012     0.00142
46323     0.00412     0.00037     0.00130
46353     0.00260     0.00069     0.00120
46384     0.00016     0.00061     0.00066
46414    -0.00136     0.00019    -0.00021
46445    -0.00193    -0.00019    -0.00101
46476    -0.00316    -0.00028    -0.00160
46504    -0.00334    -0.00052    -0.00171
46535    -0.00252    -0.00061    -0.00096
46565    -0.00177    -0.00052     0.00023
46596     0.00047    -0.00074     0.00172
46626     0.00255    -0.00008     0.00214
46657     0.00432     0.00025     0.00196
46688     0.00437     0.00018     0.00183
46718     0.00304     0.00009     0.00162
46749     0.00173    -0.00010     0.00090
46779    -0.00027    -0.00037     0.00012
46810    -0.00145    -0.00055    -0.00046
46841    -0.00223    -0.00050    -0.00094
46869    -0.00277    -0.00044    -0.00127
46900    -0.00197    -0.00072    -0.00065
46930    -0.00044    -0.00072     0.00047
46961     0.00144    -0.00070     0.00117
46991     0.00330    -0.00031     0.00198
47022     0.00435     0.00003     0.00188
47053     0.00485     0.00020     0.00147
47083     0.00488     0.00012     0.00112
47114     0.00387     0.00010     0.00079
47144     0.00138    -0.00027     0.00006
47175    -0.00027    -0.00056    -0.00083
47206    -0.00101    -0.00084    -0.00133
47235    -0.00072    -0.00111    -0.00154
47266    -0.00050    -0.00103    -0.00089
47296     0.00060    -0.00079    -0.00026
47327     0.00219    -0.00070     0.00094
47357     0.00409    -0.00043     0.00131
47388     0.00554    -0.00013     0.00085
47419     0.00572     0.00018     0.00043
47449     0.00487     0.00020     0.00049
47480     0.00276    -0.00010     0.00019
47510     0.00094    -0.00049    -0.00047
47541    -0.00061    -0.00072    -0.00127
47572    -0.00117    -0.00084    -0.00171
47600    -0.00186    -0.00058    -0.00189
47631    -0.00105    -0.00047    -0.00141
47661     0.00040    -0.00052    -0.00038
47692     0.00185    -0.00021     0.00099
47722     0.00401    -0.00010     0.00155
47753     0.00542    -0.00010     0.00151
47784     0.00508     0.00020     0.00134
47814     0.00458     0.00018     0.00094
47845     0.00287     0.00004     0.00064
47875     0.00146    -0.00076    -0.00017
47906    -0.00009    -0.00119    -0.00097
47937    -0.00143    -0.00124    -0.00169
47965    -0.00157    -0.00096    -0.00165
47996    -0.00050    -0.00087    -0.00095
48026     0.00020    -0.00076     0.00002
48057     0.00094    -0.00015     0.00100
48087     0.00329     0.00003     0.00143
48118     0.00487     0.00022     0.00147
48149     0.00512     0.00022     0.00134
48179     0.00413     0.00034     0.00091
48210     0.00212     0.00021     0.00031
48240    -0.00002    -0.00012    -0.00047
48271    -0.00105    -0.00022    -0.00112
48302    -0.00123    -0.00018    -0.00157
48330    -0.00185    -0.00049    -0.00199
48361    -0.00162    -0.00080    -0.00145
48391    -0.00101    -0.00088    -0.00050
48422     0.00060    -0.00052     0.00054
48452     0.00251    -0.00023     0.00133
48483     0.00441     0.00003     0.00121
48514     0.00433     0.00027     0.00134
48544     0.00381     0.00025     0.00119
48575     0.00178     0.00036     0.00073
48605    -0.00064     0.00037    -0.00008
48636    -0.00201     0.00005    -0.00074
48667    -0.00308    -0.00016    -0.00108
48696    -0.00334    -0.00019    -0.00100
48727    -0.00276    -0.00053    -0.00057
48757    -0.00121    -0.00048     0.00050
48788     0.00079    -0.00040     0.00165
48818     0.00237    -0.00002     0.00202
48849     0.00402     0.00021     0.00170
48880     0.00414     0.00021     0.00149
48910     0.00359     0.00031     0.00115
48941     0.00172     0.00003     0.00041
48971     0.00019    -0.00034    -0.00010
49002    -0.00125    -0.00040    -0.00095
49033    -0.00181    -0.00037    -0.00169
49061    -0.00219    -0.00048    -0.00196
49092    -0.00227    -0.00060    -0.00155
49122    -0.00126    -0.00044    -0.00082
49153     0.00016    -0.00023     0.00018
49183     0.00147     0.00025     0.00073
49214     0.00280     0.00060     0.00058
49245     0.00315     0.00070     0.00033
49275     0.00277     0.00061     0.00019
49306     0.00175     0.00032    -0.00003
49336    -0.00003     0.00000    -0.00059
49367    -0.00150    -0.00061    -0.00131
49398    -0.00212    -0.00088    -0.00176
49426    -0.00249    -0.00070    -0.00194
49457    -0.00205    -0.00076    -0.00139
49487    -0.00113    -0.00077    -0.00057
49518    -0.00001    -0.00064     0.00036
49548     0.00157    -0.00023     0.00049
49579     0.00331    -0.00016     0.00023
49610     0.00352    -0.00009    -0.00009
49640     0.00268    -0.00033    -0.00019
49671     0.00035    -0.00061    -0.00103
49701    -0.00159    -0.00059    -0.00192
49732    -0.00280    -0.00042    -0.00260
49763    -0.00352    -0.00018    -0.00322
49791    -0.00377    -0.00018    -0.00336
49822    -0.00356    -0.00039    -0.00257
49852    -0.00290    -0.00035    -0.00154
49883    -0.00148    -0.00010    -0.00044
49913     0.00053     0.00028     0.00001
49944     0.00193     0.00056    -0.00038
49975     0.00238     0.00073    -0.00063
50005     0.00159     0.00065    -0.00079
50036    -0.00029     0.00045    -0.00117
50066    -0.00246    -0.00006    -0.00167
50097    -0.00361    -0.00037    -0.00246
50128    -0.00461    -0.00040    -0.00323
50157    -0.00479    -0.00026    -0.00359
50188    -0.00442    -0.00032    -0.00315
50218    -0.00375    -0.00046    -0.00151
50249    -0.00206    -0.00070     0.00018
50279    -0.00087    -0.00094     0.00162
50310     0.00044    -0.00107     0.00255
50341     0.00084    -0.00135     0.00270
50371     0.00059    -0.00136     0.00230
50402    -0.00074    -0.00130     0.00154
50432    -0.00204    -0.00114     0.00059
50463    -0.00327    -0.00103    -0.00038
50494    -0.00406    -0.00082    -0.00133
50522    -0.00440    -0.00090    -0.00207
50553    -0.00383    -0.00103    -0.00216
50583    -0.00299    -0.00091    -0.00178
50614    -0.00206    -0.00062    -0.00069
50644    -0.00071    -0.00004    -0.00008
50675     0.00072     0.00045     0.00009
50706     0.00056     0.00079    -0.00024
50736    -0.00093     0.00078    -0.00113
50767    -0.00268     0.00059    -0.00236
50797    -0.00378     0.00025    -0.00337
50828    -0.00529     0.00030    -0.00407
50859    -0.00634     0.00045    -0.00430
50887    -0.00679     0.00056    -0.00433
50918    -0.00623     0.00054    -0.00370
50948    -0.00515     0.00068    -0.00240
50979    -0.00395     0.00095    -0.00113
51009    -0.00192     0.00145    -0.00092
51040     0.00052     0.00140    -0.00116
51071     0.00150     0.00133    -0.00151
51101     0.00046     0.00135    -0.00185
51132    -0.00156     0.00118    -0.00213
51162    -0.00392     0.00090    -0.00266
51193    -0.00534     0.00062    -0.00297
51224    -0.00618     0.00047    -0.00310
51252    -0.00571     0.00033    -0.00298
51283    -0.00469     0.00017    -0.00220
51313    -0.00379     0.00024    -0.00125
51344    -0.00216     0.00054    -0.00013
51374    -0.00037     0.00058     0.00048
51405     0.00155     0.00063     0.00017
51436     0.00205     0.00061     0.00007
51466     0.00185     0.00056    -0.00019
51497     0.00026     0.00042    -0.00060
51527    -0.00141     0.00008    -0.00093
51558    -0.00212    -0.00083    -0.00117
51589    -0.00267    -0.00111    -0.00143
51618    -0.00324    -0.00090    -0.00165
51649    -0.00280    -0.00103    -0.00144
51679    -0.00176    -0.00063    -0.00105
51710    -0.00089    -0.00009    -0.00014
51740     0.00095     0.00009     0.00070
51771     0.00284     0.00024     0.00081
51802     0.00293     0.00019     0.00082
51832     0.00226     0.00019     0.00034
51863     0.00068     0.00000    -0.00001
51893    -0.00028    -0.00035    -0.00045
51924    -0.00168    -0.00046    -0.00071
51955    -0.00273    -0.00009    -0.00096
51983    -0.00318    -0.00014    -0.00110
52014    -0.00300    -0.00026    -0.00089
52044    -0.00183    -0.00011     0.00009
52075    -0.00031     0.00012     0.00095
52105     0.00157     0.00045     0.00157
52136     0.00293     0.00085     0.00159
52167     0.00325     0.00088     0.00152
52197     0.00292     0.00095     0.00119
52228     0.00172     0.00080     0.00061
52258    -0.00063     0.00036     0.00007
52289    -0.00160    -0.00016    -0.00038
52320    -0.00219    -0.00023    -0.00053
52348    -0.00252    -0.00014    -0.00059
52379    -0.00230    -0.00048    -0.00012
52409    -0.00138    -0.00031     0.00078
52440     0.00014    -0.00007     0.00197
52470     0.00219     0.00033     0.00237
52501     0.00364     0.00060     0.00226
52532     0.00387     0.00071     0.00196
52562     0.00311     0.00062     0.00138
52593     0.00214     0.00018     0.00082
52623     0.00082    -0.00011     0.00050
52654    -0.00083    -0.00046    -0.00002
52685    -0.00194    -0.00062    -0.00030
52713    -0.00243    -0.00068    -0.00018
52744    -0.00226    -0.00085     0.00014
52774    -0.00161    -0.00065     0.00095
52805     0.00016    -0.00058     0.00196
52835     0.00246    -0.00010     0.00218
52866     0.00429     0.00018     0.00185
52897     0.00451     0.00049     0.00135
52927     0.00367     0.00058     0.00114
52958     0.00213     0.00034     0.00082
52988     0.00047     0.00009     0.00031
53019    -0.00063    -0.00040    -0.00012
53050    -0.00131    -0.00070    -0.00039
53079    -0.00160    -0.00078    -0.00047
53110    -0.00073    -0.00109    -0.00034
53140     0.00007    -0.00095     0.00038
53171     0.00081    -0.00039     0.00113
53201     0.00274    -0.00008     0.00158
53232     0.00412     0.00030     0.00132
53263     0.00347     0.00077     0.00106
53293     0.00247     0.00073     0.00076
53324     0.00087     0.00036     0.00042
53354    -0.00032    -0.00014    -0.00016
53385    -0.00157    -0.00043    -0.00056
53416    -0.00232    -0.00076    -0.00058
53444    -0.00239    -0.00109    -0.00061
53475    -0.00247    -0.00105    -0.00034
53505    -0.00166    -0.00095    -0.00003
53536    -0.00061    -0.00057     0.00098
53566     0.00139     0.00006     0.00154
53597     0.00314     0.00060     0.00147
53628     0.00342     0.00096     0.00131
53658     0.00231     0.00106     0.00123
53689     0.00085     0.00097     0.00095
53719    -0.00047     0.00013     0.00081
53750    -0.00241    -0.00029     0.00041
53781    -0.00280    -0.00045     0.00022
53809    -0.00284    -0.00071     0.00002
53840    -0.00232    -0.00084     0.00018
53870    -0.00109    -0.00062     0.00081
53901     0.00017    -0.00012     0.00150
53931     0.00259     0.00042     0.00203
53962     0.00421     0.00056     0.00181
53993     0.00448     0.00071     0.00140
54023     0.00367     0.00049     0.00135
54054     0.00157    -0.00013     0.00077
54084    -0.00006    -0.00046     0.00034
54115    -0.00121    -0.00056     0.00016
54146    -0.00139    -0.00068    -0.00015
54174    -0.00175    -0.00072    -0.00007
54205    -0.00139    -0.00091     0.00045
54235    -0.00039    -0.00086     0.00092
54266     0.00118    -0.00037     0.00157
54296     0.00303     0.00019     0.00155
54327     0.00448     0.00028     0.00112
54358     0.00459     0.00047     0.00064
54388     0.00302     0.00060     0.00053
54419     0.00188     0.00017     0.00029
54449    -0.00037    -0.00015    -0.00016
54480    -0.00210    -0.00052    -0.00042
54511    -0.00322    -0.00057    -0.00055
54540    -0.00354    -0.00081    -0.00049
54571    -0.00310    -0.00085    -0.00035
54601    -0.00181    -0.00076     0.00050
54632    -0.00031    -0.00033     0.00112
54662     0.00216    -0.00003     0.00134
54693     0.00368     0.00024     0.00094
54724     0.00360     0.00046     0.00052
54754     0.00282     0.00053     0.00019
54785     0.00116     0.00070    -0.00029
54815    -0.00030     0.00017    -0.00040
54846    -0.00226     0.00003    -0.00074
54877    -0.00239    -0.00031    -0.00102
54905    -0.00316    -0.00043    -0.00122
54936    -0.00302    -0.00055    -0.00091
54966    -0.00209    -0.00038    -0.00023
54997    -0.00003    -0.00020     0.00073
55027     0.00221     0.00013     0.00109
55058     0.00373     0.00039     0.00088
55089     0.00405     0.00052     0.00059
55119     0.00295     0.00065     0.00037
55150     0.00062     0.00018    -0.00013
55180    -0.00089    -0.00027    -0.00052
55211    -0.00251    -0.00035    -0.00116
55242    -0.00368    -0.00012    -0.00139
55270    -0.00351    -0.00030    -0.00153
55301    -0.00301    -0.00041    -0.00117
55331    -0.00214    -0.00030    -0.00060
55362    -0.00126     0.00009     0.00006
55392     0.00126     0.00043     0.00064
55423     0.00351     0.00073     0.00042
55454     0.00345     0.00123    -0.00014
55484     0.00237     0.00148    -0.00051
55515     0.00044     0.00121    -0.00096
55545    -0.00184     0.00100    -0.00152
55576    -0.00365     0.00073    -0.00164
55607    -0.00428     0.00055    -0.00153
55635    -0.00511     0.00040    -0.00151
55666    -0.00472     0.00021    -0.00100
55696    -0.00364     0.00024    -0.00029
55727    -0.00193     0.00075     0.00047
55757     0.00041     0.00111     0.00100
55788     0.00243     0.00130     0.00091
55819     0.00332     0.00139     0.00051
55849     0.00278     0.00107     0.00017
55880     0.00168     0.00066    -0.00010
55910     0.00018     0.00040    -0.00027
55941    -0.00130     0.00013    -0.00063
55972    -0.00240     0.00011    -0.00070
56001    -0.00290     0.00029    -0.00052
56032    -0.00278     0.00014    -0.00028
56062    -0.00160     0.00004     0.00022
56093    -0.00014     0.00024     0.00109
56123     0.00211     0.00051     0.00126
56154     0.00402     0.00080     0.00081
56185     0.00480     0.00108     0.00011
56215     0.00401     0.00083    -0.00006
56246     0.00220     0.00060    -0.00072
56276     0.00035     0.00027    -0.00122
56307    -0.00068    -0.00002    -0.00130
56338    -0.00114    -0.00029    -0.00139
56366    -0.00136    -0.00042    -0.00123
56397    -0.00102    -0.00068    -0.00095
56427     0.00020    -0.00066    -0.00006
56458     0.00084    -0.00022     0.00085
56488     0.00272     0.00033     0.00122
56519     0.00416     0.00070     0.00110
56550     0.00413     0.00085     0.00094
56580     0.00279     0.00084     0.00068
56611     0.00183     0.00040     0.00072
56641     0.00086    -0.00001     0.00061
56672     0.00014    -0.00044     0.00054
56703    -0.00067    -0.00069     0.00041
56731    -0.00137    -0.00102     0.00054
56762    -0.00104    -0.00107     0.00095
56792    -0.00021    -0.00110     0.00135
56823     0.00102    -0.00080     0.00204
56853     0.00278    -0.00033     0.00219
56884     0.00446     0.00003     0.00168
56915     0.00444     0.00036     0.00112
56945     0.00341     0.00028     0.00070
56976     0.00176     0.00003     0.00039
57006    -0.00000    -0.00026     0.00019
57037    -0.00130    -0.00018    -0.00024
57068    -0.00222    -0.00039    -0.00039
57096    -0.00234    -0.00060    -0.00036
57127    -0.00187    -0.00075    -0.00014
57157    -0.00083    -0.00074     0.00059
57188     0.00076    -0.00051     0.00138
57218     0.00282    -0.00033     0.00183
57249     0.00407     0.00009     0.00150
57280     0.00395     0.00044     0.00112
57310     0.00320     0.00059     0.00075
57341     0.00135     0.00063    -0.00001
57371    -0.00090     0.00076    -0.00091
57402    -0.00222     0.00046    -0.00134
57433    -0.00293     0.00013    -0.00133
57462    -0.00326    -0.00036    -0.00124
57493    -0.00248    -0.00068    -0.00098
57523    -0.00115    -0.00061    -0.00057
57554     0.00054    -0.00032     0.00021
