# Hydrology loading displacements computed from the monthly GLDAS NOAH model
# This is a product of the Hydrology loading service: http://lacerta.gsfc.nasa.gov/hydlo/
# Displacements are with respect to the center of mass of the total earth
#
# Created for VieVS on 17.03.2017 at 11:46:08 local time
# OFFSET + TREND REMOVED!!! - Hana 
# mjd up (meters) eastwest (meters) northsouth (meters)
43888     0.00127     0.00077    -0.00079
43919     0.00109     0.00114    -0.00145
43947     0.00079     0.00084    -0.00157
43978     0.00004     0.00027    -0.00136
44008     0.00048    -0.00023    -0.00046
44039     0.00125    -0.00045     0.00064
44069    -0.00069    -0.00068     0.00204
44100    -0.00070    -0.00032     0.00252
44131    -0.00118    -0.00048     0.00225
44161     0.00007    -0.00033     0.00197
44192     0.00126     0.00016     0.00114
44222     0.00192     0.00067     0.00035
44253     0.00205     0.00081    -0.00034
44284     0.00163     0.00081    -0.00082
44313     0.00011     0.00059    -0.00117
44344     0.00014     0.00029    -0.00091
44374     0.00052    -0.00011    -0.00008
44405    -0.00008    -0.00060     0.00111
44435    -0.00120    -0.00056     0.00228
44466    -0.00197    -0.00042     0.00263
44497    -0.00175    -0.00033     0.00237
44527    -0.00091    -0.00044     0.00185
44558    -0.00009    -0.00015     0.00098
44588     0.00062     0.00027     0.00026
44619     0.00131     0.00073    -0.00011
44650     0.00134     0.00087    -0.00045
44678     0.00066     0.00091    -0.00096
44709    -0.00011     0.00056    -0.00088
44739     0.00119     0.00041    -0.00048
44770     0.00143    -0.00036     0.00058
44800    -0.00052    -0.00059     0.00189
44831    -0.00108    -0.00028     0.00246
44862    -0.00102    -0.00012     0.00239
44892    -0.00165    -0.00046     0.00175
44923    -0.00166    -0.00053     0.00105
44953    -0.00045    -0.00021     0.00009
44984     0.00060     0.00033    -0.00103
45015     0.00025     0.00051    -0.00162
45043    -0.00018     0.00046    -0.00171
45074     0.00062     0.00029    -0.00146
45104     0.00131     0.00022    -0.00073
45135     0.00202    -0.00030     0.00042
45165     0.00206    -0.00049     0.00173
45196     0.00012    -0.00039     0.00236
45227    -0.00021    -0.00036     0.00222
45257     0.00070    -0.00003     0.00156
45288     0.00007     0.00012     0.00066
45318    -0.00029     0.00015    -0.00048
45349     0.00000     0.00028    -0.00140
45380     0.00007     0.00038    -0.00218
45408    -0.00048    -0.00007    -0.00228
45439    -0.00002    -0.00052    -0.00183
45469    -0.00014    -0.00095    -0.00075
45500    -0.00019    -0.00127     0.00060
45530    -0.00122    -0.00144     0.00213
45561    -0.00052    -0.00059     0.00296
45592    -0.00199    -0.00072     0.00302
45622    -0.00283    -0.00120     0.00242
45653    -0.00146    -0.00109     0.00154
45683     0.00003    -0.00059     0.00019
45714     0.00012    -0.00013    -0.00054
45745    -0.00007    -0.00017    -0.00100
45774     0.00028    -0.00016    -0.00118
45805     0.00032    -0.00033    -0.00124
45835     0.00069    -0.00071    -0.00040
45866    -0.00032    -0.00136     0.00063
45896    -0.00085    -0.00153     0.00210
45927    -0.00083    -0.00122     0.00282
45958    -0.00173    -0.00135     0.00278
45988    -0.00101    -0.00119     0.00200
46019     0.00019    -0.00093     0.00101
46049     0.00039    -0.00069     0.00008
46080     0.00088    -0.00034    -0.00100
46111     0.00036     0.00018    -0.00173
46139    -0.00061    -0.00006    -0.00190
46170     0.00054     0.00014    -0.00145
46200     0.00073    -0.00014    -0.00068
46231     0.00045    -0.00077     0.00049
46261     0.00020    -0.00052     0.00161
46292    -0.00008    -0.00014     0.00202
46323    -0.00089    -0.00030     0.00210
46353    -0.00101    -0.00062     0.00171
46384    -0.00059    -0.00064     0.00086
46414     0.00006    -0.00020    -0.00020
46445     0.00068     0.00049    -0.00092
46476     0.00096     0.00068    -0.00166
46504     0.00080     0.00076    -0.00205
46535     0.00042     0.00047    -0.00170
46565     0.00126     0.00004    -0.00092
46596     0.00158    -0.00056     0.00026
46626    -0.00035    -0.00098     0.00170
46657     0.00009    -0.00040     0.00248
46688     0.00038    -0.00025     0.00225
46718     0.00160    -0.00003     0.00156
46749     0.00107     0.00003     0.00069
46779     0.00140     0.00023    -0.00024
46810     0.00140     0.00039    -0.00087
46841     0.00138     0.00046    -0.00133
46869     0.00037     0.00023    -0.00180
46900     0.00029     0.00000    -0.00170
46930     0.00062    -0.00045    -0.00081
46961     0.00069    -0.00061     0.00014
46991    -0.00079    -0.00124     0.00144
47022    -0.00129    -0.00099     0.00204
47053    -0.00144    -0.00063     0.00201
47083    -0.00092    -0.00034     0.00154
47114    -0.00138    -0.00049     0.00095
47144    -0.00030    -0.00020     0.00002
47175     0.00056     0.00024    -0.00089
47206     0.00061     0.00058    -0.00157
47235    -0.00030     0.00072    -0.00174
47266     0.00040     0.00061    -0.00125
47296     0.00017     0.00025    -0.00049
47327    -0.00006    -0.00022     0.00078
47357    -0.00020    -0.00008     0.00190
47388    -0.00102     0.00031     0.00235
47419    -0.00246     0.00008     0.00204
47449    -0.00113     0.00021     0.00159
47480     0.00035     0.00044     0.00077
47510     0.00127     0.00074    -0.00014
47541     0.00049     0.00082    -0.00105
47572    -0.00018     0.00087    -0.00159
47600    -0.00070     0.00065    -0.00169
47631    -0.00059     0.00051    -0.00135
47661    -0.00046     0.00016    -0.00054
47692    -0.00039    -0.00058     0.00074
47722    -0.00099    -0.00056     0.00196
47753    -0.00089    -0.00015     0.00253
47784    -0.00163    -0.00029     0.00228
47814    -0.00055     0.00004     0.00167
47845    -0.00032    -0.00002     0.00094
47875     0.00079     0.00071    -0.00013
47906     0.00066     0.00101    -0.00113
47937    -0.00041     0.00098    -0.00187
47965    -0.00079     0.00065    -0.00199
47996    -0.00061     0.00039    -0.00143
48026     0.00011     0.00011    -0.00061
48057    -0.00086    -0.00065     0.00052
48087    -0.00129    -0.00068     0.00181
48118    -0.00104    -0.00043     0.00245
48149    -0.00198    -0.00049     0.00232
48179    -0.00133    -0.00045     0.00158
48210    -0.00159    -0.00053     0.00060
48240    -0.00100    -0.00015    -0.00047
48271    -0.00108     0.00009    -0.00121
48302    -0.00117     0.00038    -0.00137
48330    -0.00168     0.00049    -0.00191
48361    -0.00116     0.00037    -0.00180
48391    -0.00011     0.00012    -0.00129
48422    -0.00105    -0.00046     0.00025
48452    -0.00152    -0.00071     0.00158
48483    -0.00145    -0.00028     0.00224
48514    -0.00100    -0.00037     0.00217
48544    -0.00055    -0.00031     0.00159
48575     0.00026    -0.00019     0.00082
48605     0.00042    -0.00007    -0.00007
48636     0.00006    -0.00003    -0.00105
48667    -0.00022    -0.00014    -0.00183
48696    -0.00125    -0.00070    -0.00222
48727    -0.00055    -0.00064    -0.00209
48757     0.00012    -0.00082    -0.00106
48788     0.00077    -0.00109     0.00004
48818    -0.00019    -0.00132     0.00101
48849    -0.00009    -0.00073     0.00184
48880    -0.00101    -0.00076     0.00168
48910    -0.00045    -0.00057     0.00129
48941     0.00063    -0.00018     0.00024
48971     0.00131     0.00002    -0.00041
49002     0.00072     0.00008    -0.00102
49033     0.00054     0.00043    -0.00144
49061    -0.00006     0.00037    -0.00186
49092     0.00018     0.00019    -0.00190
49122    -0.00007    -0.00010    -0.00122
49153    -0.00021    -0.00052    -0.00013
49183    -0.00117    -0.00085     0.00085
49214    -0.00241    -0.00075     0.00159
49245    -0.00172    -0.00045     0.00132
49275    -0.00126    -0.00038     0.00078
49306    -0.00130    -0.00045     0.00012
49336    -0.00082    -0.00022    -0.00069
49367     0.00011     0.00035    -0.00169
49398    -0.00017     0.00055    -0.00226
49426    -0.00055     0.00041    -0.00240
49457    -0.00046     0.00013    -0.00222
49487    -0.00007    -0.00013    -0.00162
49518    -0.00051    -0.00059    -0.00086
49548    -0.00149    -0.00059     0.00020
49579    -0.00179    -0.00004     0.00082
49610    -0.00224     0.00005     0.00068
49640    -0.00159     0.00015     0.00008
49671    -0.00066     0.00048    -0.00083
49701    -0.00152     0.00042    -0.00181
49732    -0.00171     0.00053    -0.00246
49763    -0.00170     0.00077    -0.00286
49791    -0.00156     0.00093    -0.00306
49822    -0.00125     0.00065    -0.00281
49852    -0.00068     0.00025    -0.00212
49883    -0.00135    -0.00046    -0.00114
49913    -0.00209    -0.00048     0.00013
49944    -0.00299    -0.00012     0.00073
49975    -0.00263     0.00017     0.00068
50005    -0.00227     0.00014     0.00010
50036    -0.00133     0.00024    -0.00071
50066    -0.00019     0.00060    -0.00152
50097     0.00043     0.00116    -0.00239
50128     0.00070     0.00157    -0.00305
50157     0.00107     0.00186    -0.00325
50188     0.00191     0.00192    -0.00288
50218     0.00367     0.00150    -0.00188
50249     0.00559     0.00139    -0.00045
50279     0.00732     0.00115     0.00082
50310     0.00877     0.00115     0.00173
50341     0.00947     0.00131     0.00189
50371     0.00954     0.00149     0.00157
50402     0.00937     0.00170     0.00086
50432     0.00893     0.00202     0.00002
50463     0.00796     0.00223    -0.00092
50494     0.00651     0.00226    -0.00188
50522     0.00460     0.00216    -0.00265
50553     0.00343     0.00214    -0.00263
50583     0.00230     0.00173    -0.00216
50614     0.00162     0.00095    -0.00125
50644     0.00041     0.00034    -0.00035
50675    -0.00043     0.00019     0.00038
50706    -0.00062     0.00028     0.00027
50736    -0.00068     0.00058    -0.00060
50767    -0.00170     0.00083    -0.00158
50797    -0.00175     0.00132    -0.00253
50828    -0.00203     0.00144    -0.00321
50859    -0.00195     0.00126    -0.00371
50887    -0.00222     0.00100    -0.00406
50918    -0.00189     0.00066    -0.00371
50948    -0.00187    -0.00007    -0.00269
50979    -0.00213    -0.00076    -0.00157
51009    -0.00356    -0.00088    -0.00032
51040    -0.00406    -0.00034     0.00054
51071    -0.00380     0.00014     0.00045
51101    -0.00320     0.00027    -0.00034
51132    -0.00214     0.00025    -0.00120
51162    -0.00177     0.00032    -0.00194
51193    -0.00094     0.00060    -0.00266
51224    -0.00060     0.00076    -0.00302
51252    -0.00095     0.00075    -0.00297
51283    -0.00103     0.00038    -0.00251
51313    -0.00076    -0.00010    -0.00189
51344    -0.00157    -0.00087    -0.00078
51374    -0.00171    -0.00098     0.00013
51405    -0.00258    -0.00054     0.00071
51436    -0.00233    -0.00030     0.00076
51466    -0.00148    -0.00002     0.00041
51497    -0.00096     0.00012     0.00005
51527     0.00012     0.00045    -0.00054
51558     0.00100     0.00111    -0.00119
51589     0.00125     0.00141    -0.00162
51618     0.00127     0.00150    -0.00182
51649     0.00170     0.00166    -0.00197
51679     0.00191     0.00159    -0.00132
51710    -0.00007     0.00036    -0.00048
51740    -0.00061    -0.00025     0.00054
51771    -0.00155    -0.00038     0.00104
51802    -0.00168    -0.00029     0.00105
51832    -0.00172    -0.00018     0.00053
51863    -0.00110    -0.00001    -0.00011
51893    -0.00033     0.00053    -0.00049
51924    -0.00028     0.00048    -0.00104
51955    -0.00066     0.00026    -0.00131
51983     0.00010     0.00041    -0.00166
52014     0.00097     0.00062    -0.00161
52044     0.00119     0.00018    -0.00088
52075     0.00024    -0.00043    -0.00013
52105    -0.00033    -0.00066     0.00111
52136    -0.00143    -0.00071     0.00197
52167    -0.00032    -0.00044     0.00183
52197     0.00046    -0.00010     0.00150
52228     0.00032     0.00010     0.00097
52258     0.00037     0.00007     0.00022
52289     0.00081     0.00041    -0.00047
52320     0.00108     0.00046    -0.00089
52348     0.00043     0.00019    -0.00106
52379     0.00055    -0.00005    -0.00123
52409    -0.00022    -0.00082    -0.00054
52440     0.00036    -0.00134     0.00052
52470    -0.00089    -0.00165     0.00150
52501    -0.00157    -0.00144     0.00211
52532    -0.00099    -0.00100     0.00201
52562    -0.00035    -0.00058     0.00124
52593    -0.00023    -0.00031     0.00029
52623    -0.00046    -0.00031    -0.00031
52654     0.00045     0.00010    -0.00083
52685     0.00065     0.00019    -0.00116
52713     0.00056     0.00002    -0.00121
52744     0.00116     0.00004    -0.00109
52774     0.00130    -0.00051    -0.00058
52805     0.00212    -0.00077     0.00022
52835    -0.00009    -0.00115     0.00159
52866    -0.00023    -0.00064     0.00226
52897    -0.00081    -0.00049     0.00224
52927    -0.00050    -0.00049     0.00185
52958     0.00024    -0.00025     0.00107
52988     0.00057    -0.00007     0.00044
53019     0.00108     0.00017    -0.00018
53050     0.00155     0.00046    -0.00063
53079     0.00162     0.00049    -0.00092
53110     0.00185     0.00067    -0.00101
53140     0.00102    -0.00003    -0.00066
53171     0.00054    -0.00066     0.00017
53201    -0.00025    -0.00089     0.00123
53232    -0.00060    -0.00062     0.00184
53263    -0.00097    -0.00057     0.00159
53293     0.00025    -0.00022     0.00116
53324     0.00087    -0.00004     0.00043
53354     0.00120     0.00050    -0.00022
53385     0.00130     0.00062    -0.00084
53416     0.00068     0.00033    -0.00146
53444     0.00112     0.00039    -0.00191
53475     0.00160     0.00029    -0.00175
53505     0.00126     0.00003    -0.00132
53536     0.00170    -0.00030    -0.00035
53566     0.00032    -0.00069     0.00121
53597    -0.00152    -0.00091     0.00206
53628    -0.00188    -0.00087     0.00210
53658    -0.00125    -0.00089     0.00172
53689    -0.00086    -0.00094     0.00113
53719     0.00050    -0.00070     0.00021
53750     0.00083    -0.00057    -0.00036
53781     0.00097    -0.00033    -0.00075
53809     0.00138     0.00004    -0.00116
53840     0.00175     0.00017    -0.00105
53870     0.00140    -0.00022    -0.00052
53901     0.00083    -0.00068     0.00043
53931    -0.00094    -0.00119     0.00202
53962    -0.00044    -0.00064     0.00254
53993    -0.00068    -0.00049     0.00233
54023     0.00063    -0.00035     0.00173
54054     0.00154     0.00008     0.00087
54084     0.00115     0.00009     0.00020
54115     0.00174     0.00023    -0.00032
54146     0.00196     0.00050    -0.00066
54174     0.00139     0.00017    -0.00085
54205     0.00211     0.00006    -0.00086
54235     0.00248     0.00004    -0.00044
54266     0.00165    -0.00042     0.00045
54296    -0.00065    -0.00078     0.00182
54327    -0.00071    -0.00014     0.00231
54358    -0.00159    -0.00004     0.00196
54388    -0.00105     0.00000     0.00162
54419     0.00037     0.00060     0.00111
54449     0.00135     0.00088     0.00031
54480     0.00172     0.00102    -0.00036
54511     0.00139     0.00082    -0.00095
54540     0.00226     0.00081    -0.00147
54571     0.00194     0.00061    -0.00152
54601     0.00212     0.00023    -0.00081
54632     0.00072    -0.00042     0.00004
54662    -0.00062    -0.00067     0.00119
54693    -0.00179    -0.00046     0.00179
54724    -0.00175    -0.00024     0.00148
54754    -0.00123    -0.00009     0.00098
54785    -0.00177    -0.00019     0.00040
54815     0.00001     0.00021    -0.00024
54846     0.00084     0.00047    -0.00077
54877     0.00115     0.00090    -0.00109
54905     0.00035     0.00066    -0.00157
54936     0.00076     0.00051    -0.00171
54966     0.00113     0.00016    -0.00107
54997     0.00068    -0.00042    -0.00004
55027    -0.00129    -0.00078     0.00123
55058    -0.00218    -0.00065     0.00170
55089    -0.00150    -0.00022     0.00181
55119    -0.00071    -0.00007     0.00126
55150    -0.00025     0.00033     0.00036
55180    -0.00001     0.00054    -0.00036
55211     0.00070     0.00100    -0.00101
55242     0.00026     0.00072    -0.00146
55270     0.00007     0.00086    -0.00150
55301    -0.00001     0.00056    -0.00131
55331     0.00037     0.00033    -0.00090
55362     0.00023    -0.00017    -0.00016
55392    -0.00124    -0.00060     0.00112
55423    -0.00140    -0.00002     0.00204
55454    -0.00276    -0.00012     0.00206
55484    -0.00268    -0.00013     0.00149
55515    -0.00130     0.00019     0.00072
55545    -0.00070     0.00043    -0.00023
55576     0.00008     0.00061    -0.00097
55607     0.00074     0.00075    -0.00138
55635     0.00130     0.00074    -0.00168
55666     0.00226     0.00060    -0.00161
55696     0.00258     0.00037    -0.00109
55727     0.00066    -0.00044     0.00006
55757    -0.00098    -0.00093     0.00143
55788    -0.00184    -0.00075     0.00231
55819    -0.00167    -0.00036     0.00227
55849    -0.00102     0.00001     0.00170
55880    -0.00054     0.00023     0.00108
55910    -0.00000     0.00027     0.00050
55941     0.00049     0.00047    -0.00016
55972     0.00041     0.00034    -0.00055
56001    -0.00006    -0.00001    -0.00055
56032     0.00061    -0.00005    -0.00054
56062     0.00070    -0.00030    -0.00034
56093     0.00052    -0.00063     0.00056
56123    -0.00099    -0.00072     0.00193
56154    -0.00234    -0.00048     0.00252
56185    -0.00303    -0.00012     0.00247
56215    -0.00140     0.00027     0.00186
56246    -0.00152     0.00052     0.00105
56276    -0.00165     0.00056     0.00025
56307    -0.00103     0.00067    -0.00033
56338    -0.00077     0.00070    -0.00076
56366    -0.00019     0.00063    -0.00100
56397     0.00064     0.00080    -0.00105
56427     0.00067     0.00032    -0.00048
56458    -0.00021    -0.00056     0.00042
56488    -0.00118    -0.00078     0.00181
56519    -0.00076    -0.00033     0.00254
56550    -0.00081    -0.00034     0.00249
56580    -0.00078    -0.00039     0.00207
56611     0.00016    -0.00031     0.00135
56641     0.00069    -0.00017     0.00070
56672     0.00138     0.00017     0.00025
56703     0.00156     0.00025     0.00002
56731     0.00134     0.00006    -0.00030
56762     0.00165    -0.00012    -0.00014
56792     0.00148    -0.00032     0.00012
56823     0.00148    -0.00067     0.00074
56853    -0.00027    -0.00112     0.00157
56884    -0.00119    -0.00071     0.00214
56915    -0.00176    -0.00060     0.00201
56945    -0.00052    -0.00017     0.00150
56976    -0.00007    -0.00014     0.00074
57006     0.00046    -0.00018     0.00007
57037     0.00102     0.00006    -0.00041
57068     0.00128     0.00005    -0.00100
57096     0.00057    -0.00022    -0.00138
57127     0.00053    -0.00026    -0.00119
57157     0.00092    -0.00061    -0.00078
57188    -0.00019    -0.00128     0.00011
57218    -0.00084    -0.00149     0.00108
57249    -0.00122    -0.00106     0.00164
57280    -0.00117    -0.00073     0.00158
57310    -0.00121    -0.00065     0.00112
57341    -0.00177    -0.00064     0.00035
57371    -0.00204    -0.00048    -0.00033
57402    -0.00123    -0.00012    -0.00096
57433    -0.00045     0.00001    -0.00146
57462     0.00054     0.00023    -0.00187
57493     0.00016     0.00013    -0.00188
57523    -0.00023    -0.00008    -0.00133
57554    -0.00127    -0.00065    -0.00027
