# Hydrology loading displacements computed from the monthly GLDAS NOAH model
# This is a product of the Hydrology loading service: http://lacerta.gsfc.nasa.gov/hydlo/
# Displacements are with respect to the center of mass of the total earth
#
# Created for VieVS on 17.03.2017 at 11:46:08 local time
# OFFSET + TREND REMOVED!!! - Hana 
# mjd up (meters) eastwest (meters) northsouth (meters)
43888    -0.00021     0.00035    -0.00096
43919    -0.00157     0.00072    -0.00152
43947    -0.00159     0.00047    -0.00144
43978    -0.00123     0.00008    -0.00127
44008     0.00059    -0.00034    -0.00052
44039     0.00236    -0.00053     0.00043
44069     0.00239    -0.00009     0.00145
44100     0.00269     0.00019     0.00181
44131     0.00206     0.00009     0.00178
44161     0.00102     0.00003     0.00157
44192     0.00042     0.00006     0.00084
44222     0.00012     0.00026     0.00004
44253    -0.00010     0.00023    -0.00062
44284    -0.00120     0.00035    -0.00088
44313    -0.00209     0.00054    -0.00098
44344    -0.00143     0.00026    -0.00074
44374    -0.00000    -0.00003     0.00011
44405     0.00164    -0.00024     0.00104
44435     0.00232     0.00023     0.00181
44466     0.00295     0.00062     0.00203
44497     0.00193     0.00056     0.00185
44527     0.00169     0.00014     0.00149
44558     0.00037     0.00009     0.00083
44588    -0.00046     0.00018     0.00018
44619    -0.00096     0.00044    -0.00016
44650    -0.00099     0.00057    -0.00049
44678    -0.00167     0.00072    -0.00088
44709    -0.00074     0.00060    -0.00083
44739     0.00101     0.00017    -0.00044
44770     0.00209    -0.00038     0.00059
44800     0.00184    -0.00010     0.00150
44831     0.00017     0.00048     0.00214
44862     0.00021     0.00053     0.00212
44892     0.00002     0.00027     0.00166
44923    -0.00091     0.00011     0.00118
44953    -0.00101    -0.00002     0.00030
44984    -0.00186     0.00011    -0.00075
45015    -0.00239     0.00033    -0.00122
45043    -0.00264     0.00038    -0.00122
45074    -0.00150     0.00007    -0.00105
45104     0.00034    -0.00009    -0.00047
45135     0.00229    -0.00059     0.00042
45165     0.00406    -0.00064     0.00125
45196     0.00394    -0.00005     0.00162
45227     0.00296     0.00007     0.00168
45257     0.00254     0.00009     0.00120
45288     0.00107     0.00025     0.00053
45318    -0.00047     0.00021    -0.00045
45349    -0.00138     0.00018    -0.00109
45380    -0.00190     0.00015    -0.00176
45408    -0.00245    -0.00015    -0.00168
45439    -0.00129    -0.00066    -0.00124
45469    -0.00035    -0.00092    -0.00027
45500     0.00110    -0.00096     0.00086
45530     0.00139    -0.00071     0.00197
45561     0.00156     0.00006     0.00261
45592     0.00036     0.00025     0.00279
45622    -0.00052     0.00000     0.00245
45653    -0.00085    -0.00036     0.00175
45683    -0.00124    -0.00046     0.00049
45714    -0.00171    -0.00009    -0.00015
45745    -0.00236    -0.00015    -0.00047
45774    -0.00274    -0.00032    -0.00057
45805    -0.00164    -0.00054    -0.00065
45835     0.00034    -0.00082     0.00001
45866     0.00187    -0.00108     0.00087
45896     0.00218    -0.00101     0.00194
45927     0.00261    -0.00074     0.00261
45958     0.00235    -0.00067     0.00255
45988     0.00180    -0.00070     0.00195
46019     0.00125    -0.00088     0.00106
46049     0.00041    -0.00081     0.00014
46080    -0.00008    -0.00078    -0.00095
46111    -0.00114    -0.00027    -0.00161
46139    -0.00195    -0.00032    -0.00157
46170    -0.00090    -0.00027    -0.00118
46200     0.00022    -0.00039    -0.00058
46231     0.00226    -0.00070     0.00049
46261     0.00282    -0.00027     0.00117
46292     0.00297    -0.00008     0.00157
46323     0.00199    -0.00007     0.00172
46353     0.00087    -0.00028     0.00141
46384     0.00009    -0.00041     0.00070
46414    -0.00060    -0.00028    -0.00023
46445    -0.00164     0.00015    -0.00090
46476    -0.00214     0.00013    -0.00151
46504    -0.00245     0.00015    -0.00179
46535    -0.00159     0.00007    -0.00136
46565     0.00002    -0.00039    -0.00064
46596     0.00222    -0.00084     0.00023
46626     0.00287    -0.00058     0.00127
46657     0.00279    -0.00005     0.00188
46688     0.00253    -0.00005     0.00171
46718     0.00244    -0.00013     0.00115
46749     0.00126    -0.00001     0.00052
46779     0.00066    -0.00003    -0.00035
46810    -0.00054     0.00005    -0.00097
46841    -0.00120     0.00009    -0.00134
46869    -0.00198     0.00007    -0.00162
46900    -0.00116    -0.00010    -0.00144
46930     0.00065    -0.00047    -0.00061
46961     0.00226    -0.00051     0.00010
46991     0.00267    -0.00061     0.00111
47022     0.00169    -0.00027     0.00159
47053     0.00126    -0.00006     0.00164
47083     0.00093     0.00005     0.00140
47114    -0.00017    -0.00006     0.00100
47144    -0.00055    -0.00022     0.00014
47175    -0.00133    -0.00016    -0.00069
47206    -0.00207     0.00005    -0.00125
47235    -0.00222     0.00037    -0.00148
47266    -0.00121     0.00022    -0.00100
47296    -0.00007     0.00016    -0.00032
47327     0.00130    -0.00005     0.00070
47357     0.00234     0.00020     0.00138
47388     0.00273     0.00074     0.00160
47419     0.00100     0.00098     0.00149
47449     0.00068     0.00073     0.00129
47480     0.00010     0.00044     0.00062
47510    -0.00076     0.00034    -0.00018
47541    -0.00104     0.00045    -0.00100
47572    -0.00136     0.00055    -0.00152
47600    -0.00190     0.00049    -0.00156
47631    -0.00133     0.00055    -0.00106
47661    -0.00002     0.00031    -0.00035
47692     0.00152    -0.00025     0.00072
47722     0.00228    -0.00002     0.00163
47753     0.00304     0.00032     0.00201
47784     0.00153     0.00044     0.00186
47814     0.00090     0.00046     0.00149
47845    -0.00016     0.00026     0.00082
47875    -0.00043     0.00048    -0.00025
47906    -0.00112     0.00066    -0.00116
47937    -0.00182     0.00073    -0.00187
47965    -0.00191     0.00053    -0.00186
47996    -0.00077     0.00036    -0.00131
48026     0.00047     0.00002    -0.00060
48057     0.00150    -0.00038     0.00049
48087     0.00213    -0.00023     0.00130
48118     0.00234    -0.00009     0.00185
48149     0.00103     0.00006     0.00182
48179     0.00003     0.00001     0.00137
48210    -0.00072    -0.00014     0.00063
48240    -0.00157    -0.00015    -0.00032
48271    -0.00219    -0.00004    -0.00094
48302    -0.00265     0.00026    -0.00106
48330    -0.00303     0.00039    -0.00165
48361    -0.00182     0.00021    -0.00156
48391    -0.00024    -0.00016    -0.00113
48422     0.00138    -0.00029     0.00001
48452     0.00210    -0.00041     0.00098
48483     0.00180    -0.00001     0.00155
48514     0.00152    -0.00010     0.00162
48544     0.00048    -0.00016     0.00126
48575    -0.00035    -0.00036     0.00075
48605    -0.00107    -0.00044     0.00001
48636    -0.00183    -0.00045    -0.00087
48667    -0.00242    -0.00057    -0.00144
48696    -0.00260    -0.00090    -0.00168
48727    -0.00147    -0.00097    -0.00165
48757    -0.00033    -0.00115    -0.00073
48788     0.00113    -0.00135     0.00024
48818     0.00224    -0.00117     0.00104
48849     0.00146    -0.00058     0.00153
48880     0.00065    -0.00040     0.00142
48910    -0.00004    -0.00035     0.00117
48941    -0.00039    -0.00038     0.00020
48971    -0.00081    -0.00047    -0.00043
49002    -0.00096    -0.00032    -0.00100
49033    -0.00190     0.00007    -0.00133
49061    -0.00206     0.00011    -0.00166
49092    -0.00115    -0.00007    -0.00160
49122    -0.00016    -0.00016    -0.00100
49153     0.00082    -0.00034    -0.00004
49183     0.00187    -0.00041     0.00061
49214     0.00166    -0.00005     0.00102
49245     0.00130     0.00012     0.00095
49275     0.00083     0.00002     0.00067
49306    -0.00058    -0.00019     0.00008
49336    -0.00152    -0.00025    -0.00062
49367    -0.00218    -0.00003    -0.00155
49398    -0.00262     0.00016    -0.00205
49426    -0.00337     0.00013    -0.00195
49457    -0.00211    -0.00012    -0.00174
49487    -0.00047    -0.00044    -0.00126
49518     0.00102    -0.00061    -0.00053
49548     0.00084    -0.00038     0.00020
49579     0.00091     0.00008     0.00064
49610    -0.00027     0.00030     0.00055
49640    -0.00131     0.00012     0.00002
49671    -0.00106     0.00008    -0.00086
49701    -0.00203     0.00008    -0.00162
49732    -0.00290     0.00016    -0.00212
49763    -0.00364     0.00038    -0.00236
49791    -0.00340     0.00047    -0.00251
49822    -0.00254     0.00021    -0.00232
49852    -0.00097    -0.00021    -0.00178
49883    -0.00014    -0.00051    -0.00086
49913     0.00027    -0.00031     0.00010
49944    -0.00072     0.00036     0.00050
49975    -0.00131     0.00059     0.00059
50005    -0.00134     0.00045     0.00017
50036    -0.00202     0.00018    -0.00050
50066    -0.00182     0.00008    -0.00133
50097    -0.00227     0.00032    -0.00220
50128    -0.00323     0.00058    -0.00281
50157    -0.00342     0.00077    -0.00293
50188    -0.00281     0.00075    -0.00255
50218    -0.00050     0.00010    -0.00169
50249     0.00194    -0.00014    -0.00048
50279     0.00325    -0.00048     0.00057
50310     0.00437    -0.00060     0.00138
50341     0.00461    -0.00057     0.00146
50371     0.00437    -0.00047     0.00118
50402     0.00380    -0.00033     0.00053
50432     0.00280    -0.00004    -0.00025
50463     0.00171     0.00031    -0.00107
50494     0.00041     0.00064    -0.00183
50522    -0.00067     0.00095    -0.00246
50553     0.00077     0.00130    -0.00250
50583     0.00128     0.00111    -0.00213
50614     0.00176     0.00050    -0.00128
50644     0.00200     0.00037    -0.00032
50675     0.00094     0.00038     0.00048
50706    -0.00057     0.00039     0.00046
50736    -0.00129     0.00060    -0.00029
50767    -0.00196     0.00090    -0.00131
50797    -0.00204     0.00126    -0.00227
50828    -0.00281     0.00134    -0.00287
50859    -0.00349     0.00105    -0.00317
50887    -0.00355     0.00080    -0.00342
50918    -0.00288     0.00045    -0.00309
50948    -0.00215    -0.00016    -0.00211
50979    -0.00096    -0.00063    -0.00108
51009    -0.00094    -0.00021    -0.00020
51040    -0.00084     0.00039     0.00023
51071    -0.00186     0.00082     0.00033
51101    -0.00252     0.00065    -0.00018
51132    -0.00307     0.00018    -0.00078
51162    -0.00364     0.00004    -0.00146
51193    -0.00389     0.00003    -0.00215
51224    -0.00411     0.00008    -0.00250
51252    -0.00396     0.00015    -0.00247
51283    -0.00263    -0.00011    -0.00206
51313    -0.00101    -0.00047    -0.00143
51344     0.00000    -0.00080    -0.00037
51374     0.00073    -0.00071     0.00026
51405     0.00011    -0.00001     0.00077
51436     0.00011     0.00012     0.00076
51466    -0.00037     0.00027     0.00048
51497    -0.00056     0.00023     0.00013
51527    -0.00075     0.00019    -0.00046
51558    -0.00064     0.00048    -0.00136
51589    -0.00056     0.00074    -0.00183
51618    -0.00063     0.00086    -0.00189
51649    -0.00039     0.00089    -0.00192
51679     0.00005     0.00076    -0.00118
51710     0.00101     0.00033    -0.00024
51740     0.00133     0.00020     0.00053
51771     0.00066     0.00021     0.00114
51802    -0.00021     0.00024     0.00110
51832    -0.00047     0.00028     0.00073
51863    -0.00019     0.00017     0.00008
51893    -0.00047     0.00050    -0.00042
51924    -0.00120     0.00033    -0.00097
51955    -0.00204     0.00021    -0.00108
51983    -0.00233     0.00018    -0.00128
52014    -0.00145     0.00017    -0.00115
52044    -0.00012    -0.00019    -0.00036
52075     0.00081    -0.00037     0.00042
52105     0.00076    -0.00026     0.00137
52136     0.00050     0.00006     0.00203
52167    -0.00006     0.00016     0.00201
52197    -0.00023     0.00025     0.00174
52228    -0.00029     0.00039     0.00122
52258    -0.00040     0.00022     0.00040
52289    -0.00086     0.00036    -0.00035
52320    -0.00113     0.00038    -0.00067
52348    -0.00099     0.00033    -0.00084
52379    -0.00004    -0.00010    -0.00095
52409     0.00094    -0.00067    -0.00034
52440     0.00198    -0.00109     0.00063
52470     0.00159    -0.00096     0.00156
52501     0.00072    -0.00045     0.00209
52532     0.00094    -0.00012     0.00207
52562     0.00009     0.00001     0.00139
52593    -0.00039     0.00007     0.00053
52623    -0.00057     0.00013    -0.00003
52654    -0.00089     0.00031    -0.00063
52685    -0.00114     0.00036    -0.00101
52713    -0.00099     0.00023    -0.00112
52744    -0.00009     0.00010    -0.00105
52774     0.00157    -0.00057    -0.00052
52805     0.00291    -0.00094     0.00025
52835     0.00288    -0.00061     0.00114
52866     0.00191    -0.00009     0.00172
52897     0.00115     0.00018     0.00177
52927     0.00027     0.00004     0.00152
52958    -0.00026    -0.00012     0.00081
52988    -0.00053    -0.00009     0.00019
53019    -0.00073     0.00006    -0.00043
53050    -0.00108     0.00024    -0.00085
53079    -0.00180     0.00034    -0.00101
53110    -0.00072     0.00047    -0.00101
53140     0.00053    -0.00018    -0.00061
53171     0.00146    -0.00057     0.00025
53201     0.00158    -0.00052     0.00104
53232     0.00144    -0.00007     0.00158
53263     0.00040     0.00002     0.00158
53293     0.00023    -0.00006     0.00116
53324     0.00006    -0.00019     0.00040
53354    -0.00041     0.00022    -0.00034
53385    -0.00095     0.00033    -0.00092
53416    -0.00150     0.00017    -0.00150
53444    -0.00204     0.00014    -0.00189
53475    -0.00167     0.00004    -0.00154
53505     0.00005    -0.00025    -0.00102
53536     0.00158    -0.00074    -0.00012
53566     0.00149    -0.00058     0.00095
53597     0.00056    -0.00018     0.00167
53628     0.00014     0.00007     0.00188
53658     0.00017    -0.00014     0.00159
53689    -0.00022    -0.00036     0.00120
53719    -0.00015    -0.00063     0.00030
53750    -0.00033    -0.00069    -0.00040
53781    -0.00082    -0.00054    -0.00085
53809    -0.00106    -0.00023    -0.00111
53840     0.00012    -0.00014    -0.00101
53870     0.00137    -0.00043    -0.00045
53901     0.00145    -0.00065     0.00058
53931     0.00134    -0.00062     0.00179
53962     0.00148    -0.00012     0.00228
53993     0.00103     0.00004     0.00221
54023     0.00073    -0.00011     0.00163
54054     0.00048    -0.00011     0.00072
54084     0.00039    -0.00014     0.00006
54115     0.00012    -0.00014    -0.00040
54146    -0.00040     0.00008    -0.00069
54174    -0.00083    -0.00015    -0.00080
54205     0.00014    -0.00046    -0.00080
54235     0.00130    -0.00051    -0.00034
54266     0.00210    -0.00060     0.00062
54296     0.00264    -0.00022     0.00144
54327     0.00226     0.00040     0.00182
54358     0.00131     0.00070     0.00167
54388     0.00057     0.00058     0.00145
54419     0.00054     0.00077     0.00086
54449     0.00060     0.00072     0.00006
54480     0.00057     0.00070    -0.00066
54511     0.00039     0.00059    -0.00109
54540     0.00051     0.00031    -0.00152
54571     0.00155     0.00009    -0.00151
54601     0.00211    -0.00031    -0.00083
54632     0.00250    -0.00045     0.00004
54662     0.00278    -0.00023     0.00087
54693     0.00228     0.00032     0.00130
54724     0.00176     0.00048     0.00115
54754     0.00095     0.00045     0.00089
54785    -0.00015     0.00044     0.00054
54815    -0.00037     0.00027    -0.00017
54846    -0.00089     0.00032    -0.00070
54877    -0.00122     0.00065    -0.00111
54905    -0.00155     0.00063    -0.00142
54936    -0.00014     0.00027    -0.00150
54966     0.00110    -0.00014    -0.00093
54997     0.00162    -0.00049     0.00008
55027     0.00081    -0.00033     0.00101
55058     0.00064     0.00012     0.00145
55089     0.00052     0.00040     0.00161
55119     0.00012     0.00029     0.00122
55150    -0.00011     0.00038     0.00022
55180    -0.00010     0.00040    -0.00054
55211    -0.00078     0.00068    -0.00110
55242    -0.00157     0.00055    -0.00139
55270    -0.00171     0.00074    -0.00148
55301    -0.00065     0.00049    -0.00131
55331     0.00035     0.00009    -0.00089
55362     0.00150    -0.00016    -0.00010
55392     0.00144    -0.00002     0.00097
55423     0.00013     0.00054     0.00177
55454    -0.00008     0.00086     0.00174
55484    -0.00069     0.00078     0.00148
55515    -0.00108     0.00062     0.00082
55545    -0.00137     0.00054    -0.00002
55576    -0.00203     0.00045    -0.00071
55607    -0.00243     0.00044    -0.00109
55635    -0.00229     0.00034    -0.00134
55666    -0.00066    -0.00004    -0.00128
55696     0.00021    -0.00043    -0.00077
55727     0.00122    -0.00058     0.00039
55757     0.00108    -0.00045     0.00144
55788     0.00108     0.00000     0.00203
55819    -0.00048     0.00052     0.00214
55849    -0.00031     0.00068     0.00166
55880    -0.00008     0.00057     0.00106
55910    -0.00063     0.00042     0.00046
55941    -0.00114     0.00048    -0.00011
55972    -0.00171     0.00037    -0.00043
56001    -0.00176     0.00020    -0.00035
56032    -0.00040    -0.00006    -0.00042
56062     0.00080    -0.00038    -0.00014
56093     0.00209    -0.00057     0.00079
56123     0.00242    -0.00027     0.00164
56154     0.00122     0.00032     0.00220
56185    -0.00019     0.00085     0.00227
56215    -0.00063     0.00071     0.00172
56246    -0.00149     0.00079     0.00097
56276    -0.00200     0.00081     0.00028
56307    -0.00222     0.00067    -0.00036
56338    -0.00228     0.00056    -0.00086
56366    -0.00251     0.00039    -0.00100
56397    -0.00087     0.00031    -0.00103
56427     0.00042    -0.00008    -0.00043
56458     0.00160    -0.00064     0.00042
56488     0.00160    -0.00066     0.00143
56519     0.00141    -0.00039     0.00209
56550     0.00070    -0.00026     0.00217
56580     0.00048    -0.00029     0.00181
56611     0.00029    -0.00054     0.00116
56641     0.00016    -0.00062     0.00061
56672     0.00046    -0.00050     0.00011
56703     0.00062    -0.00048    -0.00023
56731     0.00106    -0.00066    -0.00055
56762     0.00152    -0.00081    -0.00037
56792     0.00201    -0.00092    -0.00008
56823     0.00226    -0.00117     0.00056
56853     0.00253    -0.00098     0.00135
56884     0.00121    -0.00012     0.00186
56915     0.00085     0.00018     0.00171
56945     0.00071     0.00017     0.00117
56976     0.00033    -0.00003     0.00053
57006    -0.00002    -0.00035    -0.00012
57037    -0.00072    -0.00027    -0.00049
57068    -0.00092    -0.00041    -0.00103
57096    -0.00104    -0.00050    -0.00130
57127    -0.00010    -0.00058    -0.00125
57157     0.00105    -0.00104    -0.00071
57188     0.00185    -0.00132     0.00012
57218     0.00253    -0.00123     0.00088
57249     0.00185    -0.00060     0.00141
57280     0.00101    -0.00030     0.00142
57310    -0.00003    -0.00023     0.00120
57341    -0.00055    -0.00015     0.00051
57371    -0.00143    -0.00002    -0.00011
57402    -0.00129     0.00010    -0.00073
57433    -0.00146    -0.00000    -0.00123
57462    -0.00125    -0.00010    -0.00170
57493    -0.00003    -0.00016    -0.00181
57523     0.00067    -0.00032    -0.00131
57554     0.00096    -0.00042    -0.00034
