# Hydrology loading displacements computed from the monthly GLDAS NOAH model
# This is a product of the Hydrology loading service: http://lacerta.gsfc.nasa.gov/hydlo/
# Displacements are with respect to the center of mass of the total earth
#
# Created for VieVS on 17.03.2017 at 11:46:08 local time
# OFFSET + TREND REMOVED!!! - Hana 
# mjd up (meters) eastwest (meters) northsouth (meters)
43888     0.00024    -0.00034    -0.00107
43919    -0.00010    -0.00031    -0.00176
43947    -0.00038    -0.00042    -0.00155
43978    -0.00057    -0.00070    -0.00105
44008     0.00012    -0.00088    -0.00005
44039     0.00136    -0.00074     0.00083
44069     0.00226     0.00019     0.00125
44100     0.00268     0.00073     0.00119
44131     0.00258     0.00065     0.00110
44161     0.00183     0.00053     0.00113
44192     0.00106     0.00011     0.00060
44222     0.00059    -0.00033    -0.00011
44253     0.00024    -0.00071    -0.00060
44284    -0.00030    -0.00067    -0.00089
44313    -0.00063    -0.00051    -0.00111
44344    -0.00055    -0.00076    -0.00065
44374     0.00016    -0.00071     0.00027
44405     0.00140    -0.00020     0.00100
44435     0.00237     0.00062     0.00121
44466     0.00283     0.00116     0.00111
44497     0.00248     0.00118     0.00098
44527     0.00176     0.00079     0.00099
44558     0.00107     0.00037     0.00050
44588     0.00066     0.00007    -0.00010
44619     0.00050    -0.00000    -0.00050
44650     0.00042    -0.00014    -0.00082
44678     0.00019    -0.00029    -0.00120
44709     0.00018    -0.00039    -0.00098
44739     0.00075    -0.00065    -0.00036
44770     0.00175    -0.00054     0.00083
44800     0.00253     0.00028     0.00115
44831     0.00284     0.00096     0.00109
44862     0.00264     0.00107     0.00102
44892     0.00170     0.00102     0.00083
44923     0.00084     0.00086     0.00054
44953     0.00010     0.00039     0.00000
44984    -0.00054    -0.00014    -0.00084
45015    -0.00086    -0.00012    -0.00139
45043    -0.00101    -0.00014    -0.00143
45074    -0.00098    -0.00061    -0.00089
45104    -0.00022    -0.00079    -0.00020
45135     0.00105    -0.00098     0.00090
45165     0.00214    -0.00081     0.00159
45196     0.00247     0.00014     0.00135
45227     0.00198     0.00054     0.00129
45257     0.00137     0.00038     0.00089
45288     0.00041     0.00045     0.00023
45318    -0.00058     0.00014    -0.00049
45349    -0.00128    -0.00010    -0.00099
45380    -0.00183    -0.00038    -0.00147
45408    -0.00220    -0.00038    -0.00122
45439    -0.00188    -0.00073    -0.00051
45469    -0.00117    -0.00054     0.00037
45500     0.00036    -0.00032     0.00129
45530     0.00141     0.00052     0.00191
45561     0.00195     0.00144     0.00183
45592     0.00175     0.00192     0.00173
45622     0.00076     0.00186     0.00165
45653    -0.00002     0.00135     0.00134
45683    -0.00076     0.00068     0.00046
45714    -0.00094     0.00062    -0.00030
45745    -0.00128     0.00039    -0.00047
45774    -0.00151     0.00010    -0.00042
45805    -0.00095    -0.00057    -0.00027
45835    -0.00022    -0.00061     0.00058
45866     0.00069    -0.00033     0.00137
45896     0.00151     0.00037     0.00202
45927     0.00191     0.00094     0.00216
45958     0.00177     0.00109     0.00204
45988     0.00113     0.00082     0.00165
46019     0.00024     0.00019     0.00117
46049    -0.00047    -0.00018     0.00051
46080    -0.00090    -0.00090    -0.00026
46111    -0.00102    -0.00097    -0.00113
46139    -0.00164    -0.00080    -0.00106
46170    -0.00135    -0.00098    -0.00062
46200    -0.00074    -0.00101    -0.00000
46231     0.00066    -0.00066     0.00095
46261     0.00190    -0.00013     0.00115
46292     0.00227     0.00034     0.00104
46323     0.00175     0.00073     0.00114
46353     0.00083     0.00070     0.00117
46384     0.00004     0.00032     0.00077
46414    -0.00056    -0.00014     0.00000
46445    -0.00088    -0.00024    -0.00081
46476    -0.00133    -0.00049    -0.00129
46504    -0.00152    -0.00077    -0.00154
46535    -0.00143    -0.00088    -0.00100
46565    -0.00084    -0.00104    -0.00001
46596     0.00067    -0.00119     0.00102
46626     0.00168    -0.00017     0.00155
46657     0.00191     0.00064     0.00160
46688     0.00161     0.00052     0.00152
46718     0.00114     0.00020     0.00124
46749     0.00056     0.00002     0.00066
46779    -0.00026    -0.00035     0.00006
46810    -0.00079    -0.00054    -0.00043
46841    -0.00126    -0.00057    -0.00074
46869    -0.00169    -0.00061    -0.00100
46900    -0.00148    -0.00098    -0.00068
46930    -0.00089    -0.00106     0.00024
46961     0.00043    -0.00080     0.00074
46991     0.00136    -0.00033     0.00153
47022     0.00171     0.00028     0.00154
47053     0.00158     0.00068     0.00123
47083     0.00101     0.00071     0.00097
47114     0.00028     0.00058     0.00075
47144    -0.00029     0.00003     0.00021
47175    -0.00093    -0.00035    -0.00047
47206    -0.00130    -0.00057    -0.00103
47235    -0.00133    -0.00058    -0.00137
47266    -0.00111    -0.00064    -0.00078
47296    -0.00039    -0.00039    -0.00018
47327     0.00091    -0.00016     0.00073
47357     0.00189     0.00044     0.00098
47388     0.00226     0.00117     0.00066
47419     0.00194     0.00150     0.00044
47449     0.00126     0.00128     0.00047
47480     0.00040     0.00071     0.00018
47510    -0.00026     0.00022    -0.00036
47541    -0.00082    -0.00002    -0.00103
47572    -0.00132    -0.00019    -0.00147
47600    -0.00177    -0.00013    -0.00143
47631    -0.00144    -0.00011    -0.00098
47661    -0.00066    -0.00026    -0.00024
47692     0.00058    -0.00013     0.00089
47722     0.00181     0.00036     0.00130
47753     0.00220     0.00075     0.00130
47784     0.00180     0.00092     0.00121
47814     0.00108     0.00088     0.00090
47845     0.00015     0.00054     0.00057
47875    -0.00029    -0.00003    -0.00040
47906    -0.00081    -0.00035    -0.00115
47937    -0.00140    -0.00044    -0.00171
47965    -0.00207    -0.00036    -0.00149
47996    -0.00143    -0.00041    -0.00095
48026    -0.00041    -0.00055    -0.00024
48057     0.00069    -0.00016     0.00069
48087     0.00162     0.00038     0.00111
48118     0.00200     0.00075     0.00130
48149     0.00156     0.00085     0.00126
48179     0.00075     0.00082     0.00101
48210    -0.00025     0.00052     0.00052
48240    -0.00123     0.00013    -0.00019
48271    -0.00168     0.00002    -0.00079
48302    -0.00178     0.00023    -0.00111
48330    -0.00227    -0.00004    -0.00158
48361    -0.00213    -0.00048    -0.00122
48391    -0.00130    -0.00088    -0.00061
48422     0.00027    -0.00045     0.00023
48452     0.00131    -0.00002     0.00093
48483     0.00181     0.00069     0.00098
48514     0.00134     0.00082     0.00117
48544     0.00052     0.00068     0.00104
48575    -0.00040     0.00048     0.00073
48605    -0.00131     0.00034     0.00021
48636    -0.00192     0.00001    -0.00042
48667    -0.00238    -0.00030    -0.00077
48696    -0.00284    -0.00056    -0.00070
48727    -0.00259    -0.00092    -0.00050
48757    -0.00168    -0.00089     0.00034
48788    -0.00026    -0.00084     0.00120
48818     0.00067    -0.00035     0.00160
48849     0.00118     0.00031     0.00150
48880     0.00101     0.00042     0.00131
48910     0.00041     0.00054     0.00108
48941    -0.00054     0.00016     0.00044
48971    -0.00115    -0.00029     0.00015
49002    -0.00171    -0.00034    -0.00031
49033    -0.00197    -0.00016    -0.00084
49061    -0.00225    -0.00025    -0.00111
49092    -0.00209    -0.00058    -0.00090
49122    -0.00125    -0.00051    -0.00039
49153     0.00007    -0.00032     0.00040
49183     0.00087     0.00018     0.00079
49214     0.00119     0.00086     0.00073
49245     0.00079     0.00107     0.00059
49275     0.00008     0.00092     0.00048
49306    -0.00075     0.00047     0.00019
49336    -0.00144     0.00012    -0.00026
49367    -0.00181    -0.00040    -0.00106
49398    -0.00199    -0.00059    -0.00154
49426    -0.00220    -0.00047    -0.00152
49457    -0.00210    -0.00072    -0.00112
49487    -0.00129    -0.00089    -0.00056
49518    -0.00016    -0.00072     0.00005
49548     0.00040     0.00002     0.00025
49579     0.00090     0.00056     0.00007
49610     0.00061     0.00078    -0.00012
49640     0.00003     0.00036    -0.00034
49671    -0.00086    -0.00004    -0.00090
49701    -0.00178    -0.00009    -0.00147
49732    -0.00241    -0.00004    -0.00193
49763    -0.00281     0.00017    -0.00230
49791    -0.00300     0.00012    -0.00244
49822    -0.00272    -0.00040    -0.00198
49852    -0.00186    -0.00064    -0.00125
49883    -0.00078    -0.00046    -0.00039
49913     0.00008     0.00024     0.00005
49944     0.00049     0.00104    -0.00021
49975     0.00019     0.00138    -0.00030
50005    -0.00024     0.00112    -0.00049
50036    -0.00098     0.00064    -0.00085
50066    -0.00127    -0.00002    -0.00142
50097    -0.00155    -0.00029    -0.00227
50128    -0.00201    -0.00033    -0.00292
50157    -0.00223    -0.00020    -0.00315
50188    -0.00203    -0.00035    -0.00274
50218    -0.00128    -0.00082    -0.00144
50249    -0.00002    -0.00102    -0.00015
50279     0.00087    -0.00133     0.00110
50310     0.00151    -0.00144     0.00191
50341     0.00172    -0.00158     0.00201
50371     0.00152    -0.00155     0.00168
50402     0.00093    -0.00154     0.00107
50432     0.00031    -0.00143     0.00025
50463    -0.00025    -0.00128    -0.00063
50494    -0.00080    -0.00101    -0.00147
50522    -0.00107    -0.00091    -0.00220
50553    -0.00060    -0.00088    -0.00237
50583    -0.00001    -0.00082    -0.00206
50614     0.00056    -0.00069    -0.00112
50644     0.00081    -0.00003    -0.00045
50675     0.00062     0.00064    -0.00002
50706     0.00001     0.00098    -0.00011
50736    -0.00056     0.00097    -0.00088
50767    -0.00124     0.00086    -0.00184
50797    -0.00163     0.00070    -0.00278
50828    -0.00226     0.00062    -0.00331
50859    -0.00291     0.00049    -0.00339
50887    -0.00349     0.00033    -0.00341
50918    -0.00340     0.00005    -0.00287
50948    -0.00294    -0.00011    -0.00168
50979    -0.00184     0.00006    -0.00063
51009    -0.00089     0.00098    -0.00039
51040    -0.00018     0.00163    -0.00050
51071    -0.00026     0.00190    -0.00070
51101    -0.00100     0.00167    -0.00101
51132    -0.00182     0.00111    -0.00122
51162    -0.00232     0.00058    -0.00163
51193    -0.00265     0.00014    -0.00212
51224    -0.00287    -0.00010    -0.00236
51252    -0.00279    -0.00019    -0.00233
51283    -0.00242    -0.00045    -0.00171
51313    -0.00189    -0.00051    -0.00091
51344    -0.00108    -0.00019     0.00010
51374    -0.00020     0.00010     0.00056
51405     0.00022     0.00077     0.00040
51436     0.00013     0.00092     0.00031
51466    -0.00020     0.00089     0.00006
51497    -0.00051     0.00070    -0.00019
51527    -0.00076     0.00022    -0.00057
51558    -0.00050    -0.00057    -0.00133
51589    -0.00049    -0.00084    -0.00172
51618    -0.00048    -0.00074    -0.00184
51649    -0.00035    -0.00086    -0.00183
51679     0.00003    -0.00037    -0.00134
51710     0.00025    -0.00001    -0.00038
51740     0.00077     0.00022     0.00034
51771     0.00092     0.00065     0.00063
51802     0.00056     0.00064     0.00064
51832     0.00006     0.00065     0.00031
51863    -0.00036     0.00025    -0.00005
51893    -0.00039    -0.00003    -0.00057
51924    -0.00087    -0.00036    -0.00084
51955    -0.00149    -0.00021    -0.00085
51983    -0.00176    -0.00034    -0.00095
52014    -0.00165    -0.00044    -0.00081
52044    -0.00123    -0.00034     0.00004
52075    -0.00046    -0.00008     0.00072
52105     0.00015     0.00045     0.00137
52136     0.00043     0.00116     0.00162
52167     0.00020     0.00119     0.00164
52197    -0.00020     0.00125     0.00137
52228    -0.00050     0.00114     0.00083
52258    -0.00080     0.00051     0.00033
52289    -0.00089     0.00005    -0.00027
52320    -0.00111    -0.00013    -0.00048
52348    -0.00135    -0.00019    -0.00054
52379    -0.00131    -0.00068    -0.00035
52409    -0.00103    -0.00070     0.00046
52440    -0.00024    -0.00060     0.00148
52470     0.00052     0.00003     0.00203
52501     0.00096     0.00066     0.00203
52532     0.00075     0.00092     0.00183
52562     0.00011     0.00081     0.00126
52593    -0.00021     0.00040     0.00056
52623    -0.00047     0.00004     0.00017
52654    -0.00047    -0.00034    -0.00032
52685    -0.00058    -0.00057    -0.00057
52713    -0.00058    -0.00077    -0.00051
52744    -0.00038    -0.00101    -0.00033
52774    -0.00022    -0.00110     0.00043
52805     0.00034    -0.00110     0.00124
52835     0.00114    -0.00024     0.00163
52866     0.00156     0.00048     0.00159
52897     0.00130     0.00092     0.00132
52927     0.00070     0.00087     0.00114
52958    -0.00002     0.00045     0.00069
52988    -0.00030     0.00010     0.00026
53019    -0.00024    -0.00039    -0.00022
53050    -0.00007    -0.00066    -0.00060
53079    -0.00015    -0.00083    -0.00072
53110     0.00015    -0.00097    -0.00080
53140     0.00033    -0.00103    -0.00015
53171     0.00069    -0.00066     0.00069
53201     0.00148    -0.00021     0.00116
53232     0.00180     0.00049     0.00113
53263     0.00130     0.00087     0.00102
53293     0.00057     0.00074     0.00080
53324     0.00008     0.00019     0.00034
53354     0.00001    -0.00015    -0.00038
53385    -0.00022    -0.00046    -0.00080
53416    -0.00050    -0.00089    -0.00106
53444    -0.00061    -0.00122    -0.00125
53475    -0.00055    -0.00129    -0.00091
53505    -0.00010    -0.00121    -0.00051
53536     0.00052    -0.00100     0.00041
53566     0.00125    -0.00015     0.00111
53597     0.00147     0.00070     0.00132
53628     0.00111     0.00115     0.00134
53658     0.00052     0.00100     0.00130
53689     0.00001     0.00071     0.00114
53719    -0.00014    -0.00029     0.00072
53750    -0.00009    -0.00090     0.00029
53781    -0.00011    -0.00112    -0.00012
53809    -0.00009    -0.00125    -0.00047
53840     0.00017    -0.00131    -0.00038
53870     0.00038    -0.00110     0.00021
53901     0.00087    -0.00061     0.00105
53931     0.00149     0.00018     0.00181
53962     0.00178     0.00075     0.00175
53993     0.00145     0.00096     0.00153
54023     0.00092     0.00052     0.00134
54054     0.00056    -0.00012     0.00066
54084     0.00032    -0.00053     0.00020
54115     0.00018    -0.00083    -0.00007
54146     0.00008    -0.00086    -0.00045
54174    -0.00010    -0.00105    -0.00043
54205     0.00002    -0.00138    -0.00012
54235     0.00035    -0.00124     0.00028
54266     0.00092    -0.00068     0.00100
54296     0.00155     0.00030     0.00130
54327     0.00201     0.00094     0.00102
54358     0.00171     0.00129     0.00069
54388     0.00103     0.00115     0.00064
54419     0.00084     0.00075     0.00017
54449     0.00051     0.00015    -0.00033
54480     0.00044    -0.00044    -0.00080
54511     0.00020    -0.00072    -0.00100
54540    -0.00010    -0.00114    -0.00109
54571    -0.00022    -0.00116    -0.00094
54601     0.00006    -0.00114    -0.00018
54632     0.00071    -0.00070     0.00055
54662     0.00140    -0.00000     0.00092
54693     0.00178     0.00074     0.00075
54724     0.00151     0.00098     0.00047
54754     0.00095     0.00094     0.00023
54785     0.00041     0.00093    -0.00008
54815     0.00008     0.00019    -0.00044
54846    -0.00015    -0.00021    -0.00079
54877    -0.00015    -0.00038    -0.00125
54905    -0.00050    -0.00061    -0.00140
54936    -0.00059    -0.00084    -0.00120
54966    -0.00022    -0.00078    -0.00053
54997     0.00060    -0.00055     0.00039
55027     0.00143     0.00009     0.00081
55058     0.00180     0.00070     0.00076
55089     0.00166     0.00101     0.00061
55119     0.00106     0.00090     0.00043
55150     0.00064     0.00034    -0.00029
55180     0.00046    -0.00016    -0.00084
55211     0.00035    -0.00031    -0.00141
55242    -0.00009    -0.00040    -0.00151
55270    -0.00009    -0.00044    -0.00168
55301     0.00000    -0.00056    -0.00134
55331     0.00030    -0.00052    -0.00080
55362     0.00087    -0.00024    -0.00004
55392     0.00166     0.00038     0.00062
55423     0.00209     0.00123     0.00062
55454     0.00168     0.00185     0.00036
55484     0.00099     0.00194     0.00018
55515     0.00038     0.00145    -0.00019
55545    -0.00015     0.00092    -0.00075
55576    -0.00044     0.00033    -0.00113
55607    -0.00070     0.00003    -0.00133
55635    -0.00086    -0.00030    -0.00136
55666    -0.00091    -0.00061    -0.00094
55696    -0.00047    -0.00065    -0.00032
55727     0.00034    -0.00008     0.00055
55757     0.00105     0.00065     0.00118
55788     0.00138     0.00136     0.00128
55819     0.00118     0.00173     0.00105
55849     0.00101     0.00145     0.00060
55880     0.00070     0.00098     0.00023
55910     0.00031     0.00050    -0.00004
55941     0.00011     0.00011    -0.00046
55972    -0.00012    -0.00019    -0.00056
56001    -0.00025    -0.00023    -0.00034
56032    -0.00028    -0.00049    -0.00015
56062     0.00004    -0.00050     0.00021
56093     0.00081    -0.00021     0.00098
56123     0.00168     0.00054     0.00129
56154     0.00198     0.00135     0.00111
56185     0.00160     0.00196     0.00074
56215     0.00096     0.00158     0.00050
56246     0.00050     0.00134    -0.00013
56276     0.00017     0.00088    -0.00061
56307    -0.00017     0.00036    -0.00089
56338    -0.00041     0.00002    -0.00114
56366    -0.00059    -0.00025    -0.00107
56397    -0.00032    -0.00051    -0.00099
56427     0.00024    -0.00056    -0.00031
56458     0.00072    -0.00044     0.00057
56488     0.00134     0.00029     0.00118
56519     0.00159     0.00094     0.00133
56550     0.00127     0.00115     0.00142
56580     0.00061     0.00101     0.00130
56611     0.00020     0.00038     0.00111
56641    -0.00004    -0.00013     0.00080
56672    -0.00012    -0.00051     0.00044
56703    -0.00020    -0.00084     0.00024
56731    -0.00020    -0.00132     0.00020
56762    -0.00005    -0.00145     0.00049
56792     0.00043    -0.00147     0.00072
56823     0.00078    -0.00123     0.00137
56853     0.00129    -0.00054     0.00176
56884     0.00174     0.00035     0.00155
56915     0.00139     0.00082     0.00121
56945     0.00078     0.00067     0.00081
56976     0.00018     0.00023     0.00045
57006    -0.00023    -0.00035     0.00021
57037    -0.00054    -0.00040    -0.00010
57068    -0.00095    -0.00077    -0.00039
57096    -0.00116    -0.00106    -0.00048
57127    -0.00101    -0.00114    -0.00037
57157    -0.00056    -0.00129     0.00023
57188     0.00025    -0.00111     0.00095
57218     0.00104    -0.00069     0.00140
57249     0.00123     0.00020     0.00133
57280     0.00067     0.00074     0.00120
57310    -0.00019     0.00085     0.00100
57341    -0.00082     0.00081     0.00049
57371    -0.00138     0.00083    -0.00004
57402    -0.00150     0.00045    -0.00054
57433    -0.00165    -0.00000    -0.00077
57462    -0.00167    -0.00054    -0.00098
57493    -0.00140    -0.00078    -0.00097
57523    -0.00078    -0.00067    -0.00062
57554     0.00011    -0.00032     0.00008
