# Hydrology loading displacements computed from the monthly GLDAS NOAH model
# This is a product of the Hydrology loading service: http://lacerta.gsfc.nasa.gov/hydlo/
# Displacements are with respect to the center of mass of the total earth
#
# Created for VieVS on 17.03.2017 at 11:46:08 local time
# OFFSET + TREND REMOVED!!! - Hana 
# mjd up (meters) eastwest (meters) northsouth (meters)
43888    -0.00315     0.00069    -0.00016
43919    -0.00686     0.00105    -0.00038
43947    -0.00558     0.00109    -0.00048
43978    -0.00374     0.00115    -0.00049
44008     0.00017     0.00085     0.00003
44039     0.00622     0.00031     0.00075
44069     0.00896    -0.00093     0.00125
44100     0.00917    -0.00163     0.00145
44131     0.00847    -0.00169     0.00135
44161     0.00666    -0.00140     0.00099
44192     0.00393    -0.00077     0.00055
44222     0.00029     0.00006     0.00037
44253    -0.00233     0.00078     0.00010
44284    -0.00516     0.00113    -0.00024
44313    -0.00650     0.00116    -0.00026
44344    -0.00396     0.00106    -0.00025
44374     0.00037     0.00051     0.00001
44405     0.00531    -0.00040     0.00049
44435     0.00778    -0.00147     0.00101
44466     0.00874    -0.00215     0.00136
44497     0.00766    -0.00210     0.00115
44527     0.00585    -0.00181     0.00067
44558     0.00260    -0.00103     0.00020
44588    -0.00074    -0.00028     0.00006
44619    -0.00390     0.00017     0.00012
44650    -0.00668     0.00075     0.00029
44678    -0.00782     0.00108     0.00038
44709    -0.00513     0.00102     0.00037
44739    -0.00176     0.00085     0.00039
44770     0.00336     0.00024     0.00050
44800     0.00721    -0.00112     0.00095
44831     0.00847    -0.00208     0.00147
44862     0.00734    -0.00211     0.00140
44892     0.00499    -0.00193     0.00073
44923     0.00226    -0.00146     0.00007
44953    -0.00215    -0.00050    -0.00047
44984    -0.00652     0.00057    -0.00088
45015    -0.00898     0.00091    -0.00097
45043    -0.00737     0.00083    -0.00067
45074    -0.00363     0.00099    -0.00052
45104     0.00080     0.00068    -0.00006
45135     0.00589     0.00044     0.00045
45165     0.00881    -0.00009     0.00085
45196     0.00989    -0.00103     0.00125
45227     0.00835    -0.00141     0.00125
45257     0.00644    -0.00103     0.00092
45288     0.00311    -0.00079     0.00054
45318    -0.00073    -0.00018    -0.00001
45349    -0.00480     0.00048    -0.00052
45380    -0.00757     0.00130    -0.00085
45408    -0.00772     0.00142    -0.00113
45439    -0.00433     0.00101    -0.00116
45469     0.00069     0.00032    -0.00081
45500     0.00528    -0.00033    -0.00019
45530     0.00911    -0.00140     0.00027
45561     0.01072    -0.00232     0.00100
45592     0.01022    -0.00279     0.00112
45622     0.00693    -0.00255     0.00074
45653     0.00395    -0.00171     0.00017
45683    -0.00067    -0.00048    -0.00040
45714    -0.00542    -0.00007    -0.00044
45745    -0.00736     0.00015    -0.00054
45774    -0.00696     0.00039    -0.00054
45805    -0.00415     0.00080    -0.00046
45835     0.00061     0.00041    -0.00037
45866     0.00568    -0.00037    -0.00035
45896     0.00833    -0.00139     0.00011
45927     0.00934    -0.00203     0.00052
45958     0.00809    -0.00211     0.00050
45988     0.00497    -0.00173     0.00010
46019     0.00319    -0.00082    -0.00038
46049     0.00067    -0.00011    -0.00078
46080    -0.00226     0.00105    -0.00104
46111    -0.00574     0.00159    -0.00109
46139    -0.00616     0.00141    -0.00125
46170    -0.00382     0.00117    -0.00072
46200    -0.00160     0.00092    -0.00035
46231     0.00241     0.00031     0.00001
46261     0.00529    -0.00043     0.00063
46292     0.00634    -0.00118     0.00104
46323     0.00605    -0.00169     0.00090
46353     0.00469    -0.00140     0.00037
46384     0.00255    -0.00072    -0.00024
46414    -0.00031     0.00009    -0.00058
46445    -0.00511     0.00077    -0.00068
46476    -0.00790     0.00135    -0.00101
46504    -0.00759     0.00164    -0.00091
46535    -0.00541     0.00135    -0.00068
46565    -0.00154     0.00100    -0.00021
46596     0.00427     0.00057     0.00035
46626     0.00783    -0.00058     0.00076
46657     0.00888    -0.00160     0.00122
46688     0.00671    -0.00140     0.00111
46718     0.00535    -0.00080     0.00085
46749     0.00320    -0.00049     0.00065
46779    -0.00005     0.00033     0.00025
46810    -0.00219     0.00081    -0.00030
46841    -0.00524     0.00115    -0.00054
46869    -0.00678     0.00136    -0.00074
46900    -0.00470     0.00143    -0.00072
46930    -0.00195     0.00117    -0.00055
46961     0.00118     0.00050    -0.00013
46991     0.00510    -0.00036     0.00042
47022     0.00524    -0.00115     0.00075
47053     0.00444    -0.00149     0.00090
47083     0.00418    -0.00151     0.00069
47114     0.00314    -0.00129     0.00017
47144    -0.00042    -0.00035    -0.00027
47175    -0.00363     0.00043    -0.00054
47206    -0.00530     0.00088    -0.00045
47235    -0.00666     0.00102    -0.00018
47266    -0.00496     0.00091    -0.00016
47296    -0.00220     0.00057     0.00029
47327     0.00251    -0.00001     0.00072
47357     0.00589    -0.00094     0.00102
47388     0.00604    -0.00182     0.00149
47419     0.00486    -0.00220     0.00136
47449     0.00413    -0.00197     0.00108
47480     0.00213    -0.00104     0.00056
47510    -0.00143    -0.00010    -0.00001
47541    -0.00536     0.00072    -0.00020
47572    -0.00707     0.00122    -0.00006
47600    -0.00744     0.00094    -0.00022
47631    -0.00539     0.00062     0.00014
47661    -0.00031     0.00022     0.00055
47692     0.00507    -0.00043     0.00055
47722     0.00870    -0.00113     0.00097
47753     0.00892    -0.00166     0.00131
47784     0.00829    -0.00174     0.00123
47814     0.00588    -0.00144     0.00091
47845     0.00254    -0.00087     0.00032
47875    -0.00078     0.00025     0.00019
47906    -0.00437     0.00103     0.00002
47937    -0.00759     0.00140    -0.00020
47965    -0.00799     0.00139    -0.00042
47996    -0.00484     0.00113     0.00002
48026     0.00016     0.00085     0.00041
48057     0.00403     0.00009     0.00050
48087     0.00648    -0.00087     0.00080
48118     0.00751    -0.00137     0.00098
48149     0.00644    -0.00143     0.00069
48179     0.00414    -0.00122     0.00013
48210     0.00115    -0.00070    -0.00043
48240    -0.00232     0.00008    -0.00077
48271    -0.00530     0.00052    -0.00086
48302    -0.00723     0.00078    -0.00075
48330    -0.00851     0.00120    -0.00078
48361    -0.00705     0.00133    -0.00079
48391    -0.00464     0.00137    -0.00064
48422    -0.00085     0.00047     0.00001
48452     0.00368    -0.00051     0.00049
48483     0.00549    -0.00135     0.00101
48514     0.00564    -0.00148     0.00080
48544     0.00340    -0.00131     0.00045
48575     0.00105    -0.00099    -0.00022
48605    -0.00118    -0.00042    -0.00073
48636    -0.00493     0.00042    -0.00112
48667    -0.00683     0.00110    -0.00144
48696    -0.00765     0.00141    -0.00181
48727    -0.00727     0.00159    -0.00157
48757    -0.00366     0.00114    -0.00105
48788     0.00262     0.00054    -0.00053
48818     0.00672    -0.00033     0.00008
48849     0.00860    -0.00123     0.00081
48880     0.00750    -0.00135     0.00087
48910     0.00489    -0.00119     0.00040
48941     0.00017    -0.00040    -0.00024
48971    -0.00225     0.00031    -0.00066
49002    -0.00434     0.00077    -0.00087
49033    -0.00686     0.00102    -0.00091
49061    -0.00776     0.00116    -0.00098
49092    -0.00704     0.00127    -0.00099
49122    -0.00345     0.00091    -0.00046
49153     0.00111     0.00030     0.00008
49183     0.00417    -0.00047     0.00009
49214     0.00419    -0.00124     0.00032
49245     0.00305    -0.00138     0.00013
49275     0.00159    -0.00123    -0.00016
49306     0.00038    -0.00061    -0.00061
49336    -0.00240     0.00002    -0.00090
49367    -0.00633     0.00101    -0.00097
49398    -0.00851     0.00155    -0.00094
49426    -0.00924     0.00160    -0.00098
49457    -0.00725     0.00146    -0.00108
49487    -0.00454     0.00149    -0.00078
49518    -0.00163     0.00115    -0.00043
49548     0.00302     0.00018     0.00007
49579     0.00526    -0.00057     0.00062
49610     0.00362    -0.00090     0.00064
49640     0.00127    -0.00044     0.00040
49671    -0.00104     0.00024    -0.00021
49701    -0.00448     0.00074    -0.00078
49732    -0.00819     0.00108    -0.00108
49763    -0.01192     0.00126    -0.00112
49791    -0.01271     0.00137    -0.00092
49822    -0.01050     0.00153    -0.00098
49852    -0.00630     0.00139    -0.00074
49883    -0.00105     0.00065    -0.00056
49913     0.00316    -0.00040    -0.00010
49944     0.00492    -0.00114     0.00041
49975     0.00389    -0.00164     0.00037
50005     0.00132    -0.00127    -0.00000
50036    -0.00172    -0.00044    -0.00059
50066    -0.00441     0.00062    -0.00082
50097    -0.00779     0.00139    -0.00110
50128    -0.01074     0.00194    -0.00134
50157    -0.01228     0.00211    -0.00130
50188    -0.01022     0.00202    -0.00102
50218    -0.00647     0.00185    -0.00072
50249    -0.00118     0.00153     0.00018
50279     0.00312     0.00132     0.00058
50310     0.00591     0.00119     0.00088
50341     0.00654     0.00133     0.00098
50371     0.00456     0.00149     0.00079
50402     0.00172     0.00185     0.00037
50432    -0.00124     0.00206     0.00001
50463    -0.00479     0.00243    -0.00023
50494    -0.00878     0.00262    -0.00055
50522    -0.01024     0.00281    -0.00049
50553    -0.00958     0.00248     0.00007
50583    -0.00692     0.00203     0.00036
50614    -0.00238     0.00144     0.00033
50644     0.00125     0.00026     0.00021
50675     0.00351    -0.00073     0.00029
50706     0.00201    -0.00098     0.00003
50736    -0.00204    -0.00055    -0.00053
50767    -0.00501    -0.00006    -0.00086
50797    -0.00779     0.00057    -0.00098
50828    -0.01056     0.00112    -0.00122
50859    -0.01264     0.00161    -0.00148
50887    -0.01445     0.00207    -0.00160
50918    -0.01311     0.00204    -0.00155
50948    -0.00803     0.00137    -0.00143
50979    -0.00365     0.00054    -0.00108
51009    -0.00104    -0.00064    -0.00084
51040    -0.00011    -0.00140    -0.00013
51071    -0.00032    -0.00177    -0.00003
51101    -0.00170    -0.00151    -0.00057
51132    -0.00355    -0.00074    -0.00133
51162    -0.00562     0.00013    -0.00159
51193    -0.00833     0.00094    -0.00181
51224    -0.01047     0.00136    -0.00187
51252    -0.01096     0.00147    -0.00167
51283    -0.00759     0.00132    -0.00146
51313    -0.00449     0.00108    -0.00126
51344    -0.00006     0.00032    -0.00090
51374     0.00389    -0.00038    -0.00042
51405     0.00573    -0.00119     0.00034
51436     0.00580    -0.00128     0.00042
51466     0.00353    -0.00124     0.00029
51497     0.00141    -0.00085    -0.00000
51527    -0.00144    -0.00016    -0.00018
51558    -0.00379     0.00102     0.00024
51589    -0.00599     0.00165     0.00040
51618    -0.00736     0.00175     0.00051
51649    -0.00612     0.00173     0.00052
51679    -0.00277     0.00123     0.00082
51710     0.00170     0.00043     0.00092
51740     0.00432    -0.00038     0.00058
51771     0.00528    -0.00121     0.00054
51802     0.00509    -0.00106     0.00058
51832     0.00419    -0.00089     0.00050
51863     0.00108    -0.00030     0.00036
51893    -0.00079     0.00031     0.00053
51924    -0.00226     0.00085     0.00001
51955    -0.00420     0.00086    -0.00045
51983    -0.00571     0.00113    -0.00060
52014    -0.00476     0.00098    -0.00043
52044    -0.00193     0.00052    -0.00022
52075     0.00114     0.00005    -0.00000
52105     0.00535    -0.00101     0.00028
52136     0.00742    -0.00199     0.00074
52167     0.00715    -0.00217     0.00060
52197     0.00507    -0.00204     0.00035
52228     0.00178    -0.00152     0.00015
52258    -0.00015    -0.00061    -0.00024
52289    -0.00237     0.00019    -0.00032
52320    -0.00450     0.00055    -0.00042
52348    -0.00581     0.00070    -0.00050
52379    -0.00400     0.00108    -0.00062
52409    -0.00054     0.00073    -0.00047
52440     0.00440     0.00017    -0.00019
52470     0.00755    -0.00101     0.00039
52501     0.01008    -0.00185     0.00089
52532     0.01042    -0.00202     0.00104
52562     0.00785    -0.00157     0.00058
52593     0.00456    -0.00081     0.00016
52623     0.00233    -0.00023    -0.00004
52654     0.00028     0.00040    -0.00012
52685    -0.00147     0.00083    -0.00020
52713    -0.00149     0.00115    -0.00022
52744    -0.00020     0.00129    -0.00006
52774     0.00143     0.00108    -0.00011
52805     0.00440     0.00078     0.00016
52835     0.00703    -0.00030     0.00047
52866     0.00815    -0.00115     0.00088
52897     0.00658    -0.00133     0.00079
52927     0.00408    -0.00118     0.00043
52958     0.00148    -0.00062    -0.00016
52988    -0.00090    -0.00009    -0.00045
53019    -0.00335     0.00065    -0.00053
53050    -0.00543     0.00116    -0.00051
53079    -0.00631     0.00145    -0.00052
53110    -0.00511     0.00153    -0.00021
53140    -0.00196     0.00117    -0.00020
53171     0.00149     0.00050    -0.00010
53201     0.00396    -0.00028     0.00014
53232     0.00549    -0.00115     0.00048
53263     0.00460    -0.00146     0.00028
53293     0.00278    -0.00116    -0.00001
53324     0.00058    -0.00036    -0.00048
53354    -0.00185     0.00034    -0.00043
53385    -0.00431     0.00094    -0.00056
53416    -0.00576     0.00152    -0.00083
53444    -0.00648     0.00198    -0.00103
53475    -0.00499     0.00186    -0.00102
53505    -0.00345     0.00149    -0.00079
53536     0.00063     0.00083    -0.00050
53566     0.00544    -0.00035    -0.00006
53597     0.00703    -0.00162     0.00023
53628     0.00762    -0.00212     0.00037
53658     0.00706    -0.00195     0.00006
53689     0.00506    -0.00153    -0.00029
53719     0.00244    -0.00023    -0.00055
53750     0.00055     0.00068    -0.00062
53781    -0.00085     0.00109    -0.00061
53809    -0.00173     0.00135    -0.00043
53840    -0.00103     0.00136    -0.00014
53870     0.00143     0.00095    -0.00006
53901     0.00424     0.00018     0.00000
53931     0.00916    -0.00104     0.00050
53962     0.01084    -0.00172     0.00079
53993     0.00945    -0.00188     0.00051
54023     0.00728    -0.00128     0.00023
54054     0.00332    -0.00032     0.00015
54084     0.00077     0.00032     0.00013
54115    -0.00136     0.00083    -0.00010
54146    -0.00339     0.00108    -0.00015
54174    -0.00382     0.00127    -0.00041
54205    -0.00254     0.00152    -0.00037
54235    -0.00067     0.00135     0.00000
54266     0.00352     0.00043     0.00049
54296     0.00576    -0.00083     0.00090
54327     0.00700    -0.00165     0.00149
54358     0.00581    -0.00200     0.00162
54388     0.00427    -0.00184     0.00124
54419     0.00231    -0.00126     0.00114
54449    -0.00008    -0.00043     0.00088
54480    -0.00165     0.00037     0.00094
54511    -0.00370     0.00089     0.00075
54540    -0.00545     0.00148     0.00042
54571    -0.00535     0.00141     0.00021
54601    -0.00181     0.00121     0.00020
54632     0.00227     0.00053     0.00047
54662     0.00499    -0.00049     0.00087
54693     0.00551    -0.00133     0.00135
54724     0.00413    -0.00147     0.00113
54754     0.00218    -0.00136     0.00075
54785    -0.00042    -0.00125     0.00045
54815    -0.00230    -0.00032     0.00005
54846    -0.00364     0.00034    -0.00014
54877    -0.00561     0.00080    -0.00005
54905    -0.00682     0.00116    -0.00020
54936    -0.00594     0.00130    -0.00031
54966    -0.00292     0.00107    -0.00014
54997     0.00076     0.00047     0.00002
55027     0.00391    -0.00056     0.00041
55058     0.00506    -0.00129     0.00087
55089     0.00479    -0.00163     0.00102
55119     0.00248    -0.00132     0.00049
55150    -0.00025    -0.00047     0.00022
55180    -0.00233     0.00026     0.00020
55211    -0.00485     0.00074     0.00005
55242    -0.00662     0.00091    -0.00040
55270    -0.00812     0.00110    -0.00023
55301    -0.00615     0.00100    -0.00021
55331    -0.00361     0.00068    -0.00006
55362     0.00003     0.00003     0.00016
55392     0.00482    -0.00107     0.00068
55423     0.00764    -0.00231     0.00125
55454     0.00623    -0.00283     0.00104
55484     0.00429    -0.00281     0.00063
55515     0.00085    -0.00198     0.00019
55545    -0.00246    -0.00104    -0.00034
55576    -0.00522    -0.00012    -0.00068
55607    -0.00766     0.00047    -0.00086
55635    -0.00818     0.00097    -0.00092
55666    -0.00667     0.00120    -0.00094
55696    -0.00259     0.00097    -0.00073
55727     0.00197    -0.00007    -0.00023
55757     0.00529    -0.00123     0.00003
55788     0.00657    -0.00221     0.00048
55819     0.00539    -0.00258     0.00074
55849     0.00312    -0.00199     0.00086
55880     0.00186    -0.00124     0.00072
55910    -0.00080    -0.00050     0.00039
55941    -0.00366     0.00014     0.00019
55972    -0.00460     0.00053    -0.00009
56001    -0.00523     0.00067    -0.00026
56032    -0.00472     0.00077    -0.00036
56062    -0.00240     0.00051    -0.00026
56093     0.00152    -0.00013    -0.00001
56123     0.00456    -0.00120     0.00070
56154     0.00591    -0.00215     0.00128
56185     0.00477    -0.00261     0.00135
56215     0.00196    -0.00206     0.00106
56246    -0.00127    -0.00145     0.00069
56276    -0.00334    -0.00076     0.00029
56307    -0.00527    -0.00005    -0.00002
56338    -0.00708     0.00047    -0.00029
56366    -0.00769     0.00085    -0.00049
56397    -0.00631     0.00098    -0.00039
56427    -0.00301     0.00072    -0.00012
56458     0.00155     0.00002    -0.00017
56488     0.00555    -0.00114     0.00022
56519     0.00782    -0.00192     0.00058
56550     0.00852    -0.00217     0.00056
56580     0.00741    -0.00192     0.00029
56611     0.00515    -0.00108     0.00006
56641     0.00348    -0.00032    -0.00006
56672     0.00184     0.00028     0.00006
56703     0.00091     0.00072     0.00004
56731     0.00092     0.00124     0.00005
56762     0.00177     0.00133     0.00010
56792     0.00294     0.00116     0.00031
56823     0.00513     0.00063     0.00042
56853     0.00773    -0.00030     0.00066
56884     0.00948    -0.00136     0.00114
56915     0.00847    -0.00169     0.00106
56945     0.00663    -0.00137     0.00078
56976     0.00412    -0.00075     0.00040
57006     0.00209     0.00003     0.00002
57037    -0.00102     0.00043    -0.00033
57068    -0.00343     0.00104    -0.00064
57096    -0.00352     0.00133    -0.00076
57127    -0.00337     0.00140    -0.00069
57157    -0.00154     0.00137    -0.00060
57188     0.00259     0.00080    -0.00028
57218     0.00561     0.00019     0.00025
57249     0.00675    -0.00069     0.00074
57280     0.00624    -0.00113     0.00073
57310     0.00444    -0.00107     0.00039
57341     0.00200    -0.00073    -0.00008
57371    -0.00146    -0.00038    -0.00040
57402    -0.00368     0.00037    -0.00056
57433    -0.00590     0.00103    -0.00076
57462    -0.00677     0.00162    -0.00086
57493    -0.00591     0.00176    -0.00081
57523    -0.00382     0.00140    -0.00066
57554     0.00005     0.00066    -0.00041
