# Hydrology loading displacements computed from the monthly GLDAS NOAH model
# This is a product of the Hydrology loading service: http://lacerta.gsfc.nasa.gov/hydlo/
# Displacements are with respect to the center of mass of the total earth
#
# Created for VieVS on 17.03.2017 at 11:46:08 local time
# OFFSET + TREND REMOVED!!! - Hana 
# mjd up (meters) eastwest (meters) northsouth (meters)
43888     0.00071     0.00039    -0.00103
43919     0.00044     0.00068    -0.00165
43947     0.00031     0.00044    -0.00163
43978     0.00025     0.00000    -0.00140
44008     0.00061    -0.00044    -0.00040
44039     0.00134    -0.00058     0.00068
44069     0.00055    -0.00029     0.00194
44100     0.00023     0.00008     0.00234
44131    -0.00002     0.00000     0.00223
44161    -0.00037    -0.00019     0.00202
44192     0.00001    -0.00009     0.00107
44222     0.00036     0.00017     0.00016
44253     0.00061     0.00019    -0.00060
44284     0.00048     0.00028    -0.00100
44313     0.00016     0.00041    -0.00122
44344     0.00007     0.00006    -0.00085
44374     0.00035    -0.00024     0.00015
44405     0.00051    -0.00038     0.00127
44435     0.00014     0.00006     0.00226
44466    -0.00007     0.00045     0.00261
44497    -0.00030     0.00038     0.00237
44527    -0.00032    -0.00000     0.00189
44558    -0.00019    -0.00002     0.00102
44588    -0.00003     0.00012     0.00025
44619     0.00032     0.00042    -0.00019
44650     0.00064     0.00057    -0.00061
44678     0.00050     0.00066    -0.00103
44709     0.00040     0.00048    -0.00087
44739     0.00087     0.00013    -0.00032
44770     0.00125    -0.00046     0.00088
44800     0.00036    -0.00025     0.00197
44831     0.00003     0.00031     0.00249
44862    -0.00027     0.00036     0.00248
44892    -0.00077     0.00011     0.00193
44923    -0.00087    -0.00001     0.00123
44953    -0.00040    -0.00003     0.00016
44984    -0.00007     0.00013    -0.00104
45015    -0.00012     0.00036    -0.00163
45043    -0.00027     0.00037    -0.00165
45074     0.00010     0.00004    -0.00133
45104     0.00069    -0.00008    -0.00054
45135     0.00146    -0.00059     0.00060
45165     0.00185    -0.00065     0.00166
45196     0.00081    -0.00012     0.00218
45227     0.00008    -0.00003     0.00225
45257     0.00029     0.00009     0.00157
45288    -0.00010     0.00027     0.00068
45318    -0.00022     0.00021    -0.00051
45349    -0.00026     0.00018    -0.00136
45380    -0.00030     0.00015    -0.00210
45408    -0.00063    -0.00020    -0.00205
45439    -0.00039    -0.00070    -0.00151
45469    -0.00017    -0.00090    -0.00047
45500     0.00046    -0.00097     0.00087
45530    -0.00025    -0.00084     0.00234
45561    -0.00050    -0.00007     0.00300
45592    -0.00115     0.00007     0.00309
45622    -0.00165    -0.00021     0.00259
45653    -0.00126    -0.00045     0.00167
45683    -0.00072    -0.00045     0.00025
45714    -0.00055    -0.00007    -0.00051
45745    -0.00064    -0.00016    -0.00086
45774    -0.00079    -0.00036    -0.00091
45805    -0.00004    -0.00052    -0.00092
45835     0.00054    -0.00080    -0.00009
45866     0.00053    -0.00106     0.00098
45896    -0.00010    -0.00104     0.00227
45927    -0.00010    -0.00060     0.00280
45958    -0.00035    -0.00052     0.00273
45988    -0.00036    -0.00057     0.00205
46019    -0.00012    -0.00075     0.00105
46049    -0.00013    -0.00073     0.00007
46080     0.00029    -0.00066    -0.00105
46111     0.00019    -0.00019    -0.00174
46139    -0.00047    -0.00030    -0.00175
46170     0.00003    -0.00028    -0.00129
46200     0.00046    -0.00041    -0.00065
46231     0.00062    -0.00076     0.00064
46261     0.00051    -0.00038     0.00162
46292     0.00070     0.00009     0.00180
46323     0.00012     0.00005     0.00188
46353    -0.00053    -0.00030     0.00162
46384    -0.00049    -0.00045     0.00079
46414    -0.00018    -0.00029    -0.00029
46445     0.00001     0.00019    -0.00113
46476     0.00006     0.00024    -0.00182
46504     0.00000     0.00024    -0.00212
46535     0.00001     0.00006    -0.00159
46565     0.00043    -0.00041    -0.00068
46596     0.00125    -0.00086     0.00046
46626     0.00053    -0.00070     0.00179
46657     0.00034    -0.00006     0.00237
46688     0.00042    -0.00008     0.00213
46718     0.00083    -0.00013     0.00148
46749     0.00067    -0.00003     0.00070
46779     0.00063    -0.00005    -0.00028
46810     0.00051    -0.00001    -0.00096
46841     0.00050     0.00005    -0.00148
46869     0.00017     0.00001    -0.00185
46900     0.00049    -0.00019    -0.00165
46930     0.00076    -0.00054    -0.00071
46961     0.00115    -0.00056     0.00018
46991     0.00090    -0.00071     0.00140
47022     0.00042    -0.00037     0.00194
47053    -0.00018    -0.00006     0.00199
47083    -0.00046     0.00006     0.00164
47114    -0.00071    -0.00009     0.00108
47144    -0.00032    -0.00016     0.00009
47175    -0.00009    -0.00003    -0.00090
47206     0.00004     0.00022    -0.00158
47235     0.00001     0.00051    -0.00180
47266     0.00016     0.00027    -0.00120
47296     0.00019     0.00015    -0.00036
47327     0.00045    -0.00010     0.00093
47357     0.00019     0.00013     0.00185
47388    -0.00022     0.00073     0.00211
47419    -0.00092     0.00082     0.00200
47449    -0.00082     0.00061     0.00160
47480    -0.00031     0.00043     0.00067
47510    -0.00002     0.00039    -0.00031
47541    -0.00001     0.00051    -0.00123
47572    -0.00028     0.00058    -0.00177
47600    -0.00059     0.00049    -0.00184
47631    -0.00033     0.00048    -0.00130
47661    -0.00006     0.00021    -0.00040
47692     0.00036    -0.00032     0.00085
47722     0.00021    -0.00012     0.00198
47753     0.00026     0.00035     0.00239
47784    -0.00035     0.00029     0.00231
47814    -0.00039     0.00040     0.00174
47845    -0.00044     0.00019     0.00091
47875     0.00018     0.00054    -0.00032
47906     0.00039     0.00074    -0.00134
47937     0.00003     0.00079    -0.00203
47965    -0.00029     0.00056    -0.00211
47996    -0.00012     0.00034    -0.00145
48026     0.00041     0.00002    -0.00061
48057     0.00051    -0.00033     0.00055
48087     0.00016    -0.00019     0.00159
48118     0.00020     0.00008     0.00210
48149    -0.00028     0.00008     0.00209
48179    -0.00092    -0.00010     0.00160
48210    -0.00111    -0.00019     0.00067
48240    -0.00101    -0.00009    -0.00048
48271    -0.00091     0.00011    -0.00127
48302    -0.00096     0.00042    -0.00147
48330    -0.00103     0.00052    -0.00206
48361    -0.00063     0.00029    -0.00188
48391     0.00021    -0.00005    -0.00136
48422     0.00044    -0.00020     0.00004
48452     0.00005    -0.00033     0.00132
48483    -0.00028     0.00016     0.00196
48514    -0.00069    -0.00004     0.00206
48544    -0.00106    -0.00022     0.00163
48575    -0.00092    -0.00031     0.00082
48605    -0.00088    -0.00032    -0.00014
48636    -0.00077    -0.00032    -0.00114
48667    -0.00066    -0.00040    -0.00181
48696    -0.00091    -0.00077    -0.00206
48727    -0.00062    -0.00089    -0.00190
48757    -0.00022    -0.00106    -0.00082
48788     0.00034    -0.00125     0.00036
48818     0.00011    -0.00112     0.00132
48849    -0.00004    -0.00055     0.00177
48880     0.00009    -0.00036     0.00153
48910    -0.00056    -0.00039     0.00128
48941    -0.00045    -0.00037     0.00020
48971    -0.00013    -0.00043    -0.00051
49002    -0.00011    -0.00025    -0.00116
49033    -0.00016     0.00013    -0.00162
49061    -0.00022     0.00018    -0.00200
49092     0.00019     0.00000    -0.00197
49122     0.00021    -0.00017    -0.00116
49153     0.00050    -0.00038    -0.00000
49183    -0.00019    -0.00052     0.00095
49214    -0.00069    -0.00011     0.00142
49245    -0.00096     0.00007     0.00131
49275    -0.00089     0.00002     0.00085
49306    -0.00091    -0.00016     0.00008
49336    -0.00083    -0.00020    -0.00075
49367    -0.00029     0.00005    -0.00183
49398    -0.00019     0.00023    -0.00237
49426    -0.00039     0.00021    -0.00237
49457    -0.00019    -0.00005    -0.00213
49487     0.00016    -0.00031    -0.00148
49518     0.00053    -0.00048    -0.00060
49548    -0.00002    -0.00019     0.00019
49579    -0.00028     0.00038     0.00062
49610    -0.00096     0.00050     0.00063
49640    -0.00101     0.00025     0.00007
49671    -0.00060     0.00031    -0.00100
49701    -0.00082     0.00036    -0.00194
49732    -0.00103     0.00045    -0.00257
49763    -0.00116     0.00069    -0.00297
49791    -0.00110     0.00079    -0.00313
49822    -0.00084     0.00043    -0.00277
49852    -0.00048    -0.00004    -0.00198
49883    -0.00030    -0.00038    -0.00089
49913    -0.00087    -0.00022     0.00025
49944    -0.00108     0.00049     0.00053
49975    -0.00142     0.00071     0.00057
50005    -0.00137     0.00056     0.00005
50036    -0.00135     0.00033    -0.00077
50066    -0.00070     0.00033    -0.00170
50097    -0.00038     0.00064    -0.00267
50128    -0.00035     0.00093    -0.00340
50157    -0.00042     0.00112    -0.00359
50188    -0.00011     0.00104    -0.00317
50218     0.00087     0.00041    -0.00210
50249     0.00222     0.00017    -0.00073
50279     0.00308    -0.00025     0.00054
50310     0.00383    -0.00036     0.00139
50341     0.00411    -0.00034     0.00152
50371     0.00400    -0.00021     0.00118
50402     0.00378    -0.00006     0.00044
50432     0.00337     0.00022    -0.00042
50463     0.00302     0.00056    -0.00132
50494     0.00251     0.00084    -0.00219
50522     0.00201     0.00108    -0.00285
50553     0.00195     0.00131    -0.00272
50583     0.00174     0.00114    -0.00219
50614     0.00158     0.00057    -0.00120
50644     0.00090     0.00040    -0.00024
50675     0.00026     0.00050     0.00046
50706    -0.00059     0.00047     0.00042
50736    -0.00063     0.00071    -0.00052
50767    -0.00091     0.00100    -0.00160
50797    -0.00063     0.00142    -0.00270
50828    -0.00080     0.00151    -0.00341
50859    -0.00096     0.00128    -0.00385
50887    -0.00120     0.00104    -0.00417
50918    -0.00130     0.00063    -0.00373
50948    -0.00118     0.00002    -0.00262
50979    -0.00107    -0.00047    -0.00135
51009    -0.00145    -0.00008    -0.00036
51040    -0.00200     0.00048     0.00033
51071    -0.00221     0.00084     0.00035
51101    -0.00237     0.00069    -0.00033
51132    -0.00196     0.00040    -0.00123
51162    -0.00166     0.00029    -0.00202
51193    -0.00118     0.00034    -0.00284
51224    -0.00083     0.00040    -0.00325
51252    -0.00083     0.00044    -0.00315
51283    -0.00078     0.00012    -0.00251
51313    -0.00046    -0.00025    -0.00176
51344    -0.00046    -0.00065    -0.00060
51374    -0.00067    -0.00063     0.00036
51405    -0.00084     0.00006     0.00079
51436    -0.00104     0.00019     0.00082
51466    -0.00083     0.00035     0.00040
51497    -0.00097     0.00028     0.00004
51527    -0.00030     0.00033    -0.00068
51558     0.00058     0.00062    -0.00150
51589     0.00089     0.00079    -0.00193
51618     0.00081     0.00085    -0.00197
51649     0.00085     0.00085    -0.00194
51679     0.00051     0.00082    -0.00115
51710     0.00022     0.00033    -0.00025
51740     0.00006     0.00009     0.00065
51771    -0.00045     0.00018     0.00123
51802    -0.00064     0.00019     0.00120
51832    -0.00082     0.00027     0.00072
51863    -0.00050     0.00020     0.00005
51893     0.00022     0.00056    -0.00056
51924     0.00001     0.00032    -0.00109
51955    -0.00052     0.00013    -0.00123
51983    -0.00048     0.00008    -0.00149
52014     0.00012     0.00023    -0.00144
52044     0.00035    -0.00009    -0.00061
52075     0.00023    -0.00034     0.00030
52105     0.00008    -0.00029     0.00136
52136    -0.00040    -0.00001     0.00209
52167    -0.00078    -0.00008     0.00215
52197    -0.00095    -0.00000     0.00179
52228    -0.00082     0.00022     0.00115
52258    -0.00030     0.00011     0.00028
52289    -0.00004     0.00022    -0.00042
52320     0.00003     0.00018    -0.00079
52348     0.00017     0.00014    -0.00108
52379     0.00039    -0.00018    -0.00111
52409     0.00043    -0.00067    -0.00046
52440     0.00078    -0.00104     0.00062
52470    -0.00016    -0.00108     0.00186
52501    -0.00033    -0.00060     0.00236
52532    -0.00040    -0.00030     0.00228
52562    -0.00067    -0.00021     0.00157
52593    -0.00029    -0.00007     0.00057
52623    -0.00011    -0.00013    -0.00006
52654     0.00020    -0.00003    -0.00063
52685     0.00032    -0.00005    -0.00096
52713     0.00041    -0.00022    -0.00100
52744     0.00083    -0.00028    -0.00091
52774     0.00120    -0.00068    -0.00043
52805     0.00130    -0.00105     0.00044
52835     0.00053    -0.00080     0.00159
52866    -0.00014    -0.00033     0.00224
52897    -0.00050    -0.00002     0.00212
52927    -0.00068    -0.00011     0.00168
52958    -0.00076    -0.00024     0.00089
52988    -0.00050    -0.00023     0.00023
53019     0.00022    -0.00011    -0.00048
53050     0.00056    -0.00000    -0.00085
53079     0.00071    -0.00001    -0.00106
53110     0.00096     0.00012    -0.00106
53140     0.00076    -0.00034    -0.00053
53171     0.00057    -0.00066     0.00041
53201     0.00041    -0.00060     0.00131
53232    -0.00003    -0.00015     0.00182
53263    -0.00076    -0.00014     0.00179
53293    -0.00102    -0.00020     0.00139
53324    -0.00044    -0.00025     0.00047
53354     0.00017     0.00012    -0.00036
53385     0.00041     0.00018    -0.00095
53416     0.00039    -0.00005    -0.00144
53444     0.00039    -0.00016    -0.00177
53475     0.00061    -0.00032    -0.00155
53505     0.00098    -0.00034    -0.00113
53536     0.00114    -0.00063    -0.00010
53566     0.00019    -0.00064     0.00131
53597    -0.00054    -0.00033     0.00205
53628    -0.00089    -0.00014     0.00214
53658    -0.00083    -0.00031     0.00173
53689    -0.00076    -0.00048     0.00122
53719    -0.00008    -0.00074     0.00033
53750     0.00043    -0.00080    -0.00029
53781     0.00059    -0.00066    -0.00071
53809     0.00093    -0.00041    -0.00108
53840     0.00126    -0.00032    -0.00095
53870     0.00112    -0.00054    -0.00032
53901     0.00071    -0.00076     0.00080
53931    -0.00014    -0.00077     0.00218
53962    -0.00007    -0.00018     0.00255
53993    -0.00047    -0.00004     0.00240
54023    -0.00030    -0.00022     0.00185
54054     0.00022    -0.00014     0.00084
54084     0.00040    -0.00016     0.00015
54115     0.00070    -0.00021    -0.00033
54146     0.00097     0.00003    -0.00077
54174     0.00094    -0.00020    -0.00096
54205     0.00126    -0.00045    -0.00082
54235     0.00139    -0.00050    -0.00032
54266     0.00104    -0.00059     0.00074
54296     0.00014    -0.00031     0.00180
54327     0.00012     0.00040     0.00208
54358    -0.00050     0.00064     0.00193
54388    -0.00052     0.00048     0.00155
54419    -0.00003     0.00068     0.00094
54449     0.00052     0.00065     0.00010
54480     0.00101     0.00061    -0.00061
54511     0.00123     0.00047    -0.00112
54540     0.00137     0.00018    -0.00157
54571     0.00116     0.00004    -0.00146
54601     0.00119    -0.00031    -0.00075
54632     0.00083    -0.00054     0.00027
54662     0.00044    -0.00030     0.00120
54693    -0.00007     0.00026     0.00165
54724    -0.00062     0.00036     0.00149
54754    -0.00067     0.00036     0.00100
54785    -0.00084     0.00037     0.00050
54815    -0.00036     0.00020    -0.00023
54846     0.00008     0.00020    -0.00083
54877     0.00035     0.00048    -0.00123
54905     0.00035     0.00039    -0.00160
54936     0.00065     0.00020    -0.00165
54966     0.00066    -0.00014    -0.00098
54997     0.00062    -0.00048     0.00014
55027    -0.00021    -0.00042     0.00126
55058    -0.00053     0.00003     0.00172
55089    -0.00040     0.00042     0.00169
55119    -0.00067     0.00025     0.00128
55150    -0.00036     0.00034     0.00030
55180     0.00013     0.00042    -0.00050
55211     0.00043     0.00066    -0.00111
55242     0.00032     0.00046    -0.00146
55270     0.00040     0.00059    -0.00159
55301     0.00048     0.00037    -0.00135
55331     0.00055     0.00011    -0.00085
55362     0.00050    -0.00016     0.00004
55392    -0.00005    -0.00013     0.00129
55423    -0.00027     0.00054     0.00190
55454    -0.00089     0.00085     0.00181
55484    -0.00161     0.00070     0.00153
55515    -0.00130     0.00059     0.00074
55545    -0.00104     0.00054    -0.00016
55576    -0.00057     0.00044    -0.00088
55607    -0.00027     0.00039    -0.00130
55635     0.00011     0.00025    -0.00162
55666     0.00069    -0.00002    -0.00156
55696     0.00056    -0.00040    -0.00087
55727     0.00022    -0.00055     0.00043
55757    -0.00015    -0.00046     0.00155
55788    -0.00061    -0.00000     0.00223
55819    -0.00126     0.00030     0.00229
55849    -0.00088     0.00051     0.00169
55880    -0.00057     0.00049     0.00104
55910    -0.00027     0.00032     0.00039
55941     0.00010     0.00035    -0.00025
55972     0.00005     0.00015    -0.00051
56001     0.00002    -0.00006    -0.00044
56032     0.00038    -0.00023    -0.00047
56062     0.00050    -0.00038    -0.00012
56093     0.00060    -0.00055     0.00090
56123    -0.00010    -0.00030     0.00197
56154    -0.00046     0.00036     0.00236
56185    -0.00117     0.00085     0.00230
56215    -0.00128     0.00070     0.00178
56246    -0.00136     0.00080     0.00099
56276    -0.00107     0.00077     0.00021
56307    -0.00074     0.00062    -0.00042
56338    -0.00047     0.00054    -0.00093
56366    -0.00011     0.00038    -0.00116
56397     0.00022     0.00036    -0.00108
56427     0.00065     0.00008    -0.00046
56458     0.00065    -0.00043     0.00039
56488    -0.00029    -0.00045     0.00164
56519    -0.00065    -0.00005     0.00229
56550    -0.00078     0.00000     0.00231
56580    -0.00077    -0.00008     0.00190
56611    -0.00050    -0.00035     0.00125
56641    -0.00006    -0.00041     0.00063
56672     0.00051    -0.00026     0.00012
56703     0.00084    -0.00026    -0.00019
56731     0.00114    -0.00044    -0.00042
56762     0.00143    -0.00060    -0.00025
56792     0.00153    -0.00072     0.00005
56823     0.00114    -0.00101     0.00088
56853     0.00053    -0.00090     0.00177
56884     0.00010    -0.00020     0.00223
56915    -0.00022     0.00011     0.00198
56945    -0.00043     0.00012     0.00144
56976    -0.00017    -0.00000     0.00063
57006    -0.00009    -0.00033     0.00000
57037    -0.00003    -0.00028    -0.00046
57068     0.00017    -0.00039    -0.00107
57096     0.00032    -0.00051    -0.00139
57127     0.00047    -0.00053    -0.00128
57157     0.00090    -0.00084    -0.00079
57188     0.00091    -0.00112     0.00012
57218     0.00052    -0.00109     0.00111
57249     0.00019    -0.00046     0.00157
57280    -0.00075    -0.00027     0.00170
57310    -0.00082    -0.00016     0.00122
57341    -0.00101    -0.00012     0.00046
57371    -0.00120    -0.00003    -0.00024
57402    -0.00056     0.00012    -0.00096
57433    -0.00031    -0.00004    -0.00145
57462     0.00019    -0.00011    -0.00191
57493     0.00048    -0.00010    -0.00191
57523     0.00051    -0.00017    -0.00136
57554     0.00048    -0.00030    -0.00034
