# Hydrology loading displacements computed from the monthly GLDAS NOAH model
# This is a product of the Hydrology loading service: http://lacerta.gsfc.nasa.gov/hydlo/
# Displacements are with respect to the center of mass of the total earth
#
# Created for VieVS on 17.03.2017 at 11:46:08 local time
# OFFSET + TREND REMOVED!!! - Hana 
# mjd up (meters) eastwest (meters) northsouth (meters)
43888    -0.00365     0.00049    -0.00014
43919    -0.00671     0.00069    -0.00013
43947    -0.00568     0.00078    -0.00012
43978    -0.00327     0.00092    -0.00033
44008     0.00043     0.00083    -0.00009
44039     0.00411     0.00032     0.00034
44069     0.00575    -0.00063     0.00058
44100     0.00666    -0.00135     0.00081
44131     0.00650    -0.00140     0.00069
44161     0.00510    -0.00126     0.00038
44192     0.00137    -0.00070     0.00003
44222    -0.00141    -0.00001     0.00036
44253    -0.00382     0.00062     0.00014
44284    -0.00504     0.00083     0.00021
44313    -0.00426     0.00080     0.00011
44344    -0.00283     0.00095     0.00004
44374     0.00032     0.00074     0.00015
44405     0.00320     0.00003     0.00044
44435     0.00380    -0.00116     0.00109
44466     0.00516    -0.00179     0.00137
44497     0.00507    -0.00177     0.00116
44527     0.00317    -0.00122     0.00066
44558     0.00069    -0.00056     0.00023
44588    -0.00188    -0.00002     0.00003
44619    -0.00437     0.00014     0.00009
44650    -0.00497     0.00054     0.00034
44678    -0.00502     0.00081     0.00053
44709    -0.00183     0.00072     0.00054
44739     0.00032     0.00074     0.00062
44770     0.00353     0.00039     0.00076
44800     0.00494    -0.00072     0.00091
44831     0.00506    -0.00167     0.00117
44862     0.00508    -0.00174     0.00104
44892     0.00222    -0.00174     0.00045
44923     0.00019    -0.00118     0.00018
44953    -0.00345    -0.00035    -0.00021
44984    -0.00586     0.00040    -0.00060
45015    -0.00636     0.00059    -0.00070
45043    -0.00578     0.00068    -0.00075
45074    -0.00289     0.00101    -0.00053
45104     0.00016     0.00089    -0.00003
45135     0.00414     0.00088     0.00043
45165     0.00674     0.00059     0.00110
45196     0.00690    -0.00070     0.00096
45227     0.00684    -0.00118     0.00070
45257     0.00467    -0.00112     0.00038
45288     0.00234    -0.00114    -0.00009
45318    -0.00134    -0.00059    -0.00059
45349    -0.00438     0.00023    -0.00078
45380    -0.00545     0.00089    -0.00091
45408    -0.00468     0.00099    -0.00120
45439    -0.00295     0.00105    -0.00107
45469     0.00016     0.00052    -0.00083
45500     0.00300     0.00014    -0.00020
45530     0.00640    -0.00082     0.00012
45561     0.00801    -0.00185     0.00056
45592     0.00804    -0.00252     0.00020
45622     0.00728    -0.00234    -0.00027
45653     0.00594    -0.00164    -0.00069
45683     0.00168    -0.00082    -0.00102
45714    -0.00199    -0.00063    -0.00090
45745    -0.00445    -0.00011    -0.00106
45774    -0.00385     0.00040    -0.00122
45805    -0.00252     0.00094    -0.00063
45835     0.00065     0.00081    -0.00032
45866     0.00277     0.00016     0.00005
45896     0.00559    -0.00060     0.00044
45927     0.00644    -0.00136     0.00055
45958     0.00524    -0.00165     0.00042
45988     0.00306    -0.00133     0.00010
46019     0.00226    -0.00057    -0.00029
46049     0.00003     0.00001    -0.00058
46080    -0.00259     0.00099    -0.00069
46111    -0.00563     0.00135    -0.00056
46139    -0.00582     0.00141    -0.00080
46170    -0.00395     0.00132    -0.00025
46200    -0.00108     0.00103    -0.00010
46231     0.00145     0.00059     0.00024
46261     0.00362    -0.00011     0.00096
46292     0.00416    -0.00069     0.00106
46323     0.00447    -0.00107     0.00084
46353     0.00532    -0.00086     0.00044
46384     0.00276    -0.00023    -0.00011
46414    -0.00090     0.00045    -0.00026
46445    -0.00478     0.00064    -0.00020
46476    -0.00638     0.00115    -0.00064
46504    -0.00662     0.00139    -0.00067
46535    -0.00510     0.00104    -0.00012
46565    -0.00097     0.00094     0.00008
46596     0.00170     0.00099     0.00067
46626     0.00548    -0.00017     0.00080
46657     0.00644    -0.00117     0.00102
46688     0.00569    -0.00116     0.00112
46718     0.00532    -0.00083     0.00098
46749     0.00258    -0.00066     0.00075
46779     0.00018    -0.00007     0.00037
46810    -0.00374     0.00067     0.00011
46841    -0.00533     0.00103    -0.00024
46869    -0.00654     0.00099    -0.00043
46900    -0.00496     0.00133    -0.00028
46930    -0.00156     0.00130    -0.00012
46961     0.00030     0.00077     0.00047
46991     0.00303    -0.00007     0.00079
47022     0.00351    -0.00084     0.00106
47053     0.00359    -0.00138     0.00104
47083     0.00275    -0.00152     0.00076
47114     0.00102    -0.00125     0.00024
47144    -0.00196    -0.00027    -0.00005
47175    -0.00355     0.00037    -0.00018
47206    -0.00523     0.00074    -0.00027
47235    -0.00664     0.00086    -0.00006
47266    -0.00366     0.00085     0.00009
47296     0.00035     0.00033     0.00015
47327     0.00273    -0.00001     0.00053
47357     0.00471    -0.00089     0.00097
47388     0.00574    -0.00184     0.00111
47419     0.00474    -0.00209     0.00080
47449     0.00375    -0.00192     0.00047
47480     0.00186    -0.00116     0.00014
47510    -0.00264    -0.00031     0.00007
47541    -0.00373     0.00036     0.00010
47572    -0.00406     0.00062     0.00003
47600    -0.00463     0.00057    -0.00033
47631    -0.00284     0.00025    -0.00021
47661    -0.00012     0.00027     0.00009
47692     0.00362     0.00022     0.00021
47722     0.00547    -0.00052     0.00050
47753     0.00657    -0.00106     0.00082
47784     0.00647    -0.00116     0.00053
47814     0.00479    -0.00105     0.00026
47845     0.00247    -0.00064    -0.00001
47875    -0.00058     0.00008     0.00025
47906    -0.00273     0.00052     0.00035
47937    -0.00522     0.00072     0.00011
47965    -0.00456     0.00075    -0.00018
47996    -0.00250     0.00072    -0.00016
48026     0.00067     0.00069     0.00014
48057     0.00303     0.00007     0.00025
48087     0.00501    -0.00072     0.00061
48118     0.00787    -0.00117     0.00075
48149     0.00708    -0.00131     0.00075
48179     0.00509    -0.00124     0.00021
48210     0.00158    -0.00094    -0.00036
48240    -0.00225    -0.00024    -0.00071
48271    -0.00406     0.00009    -0.00072
48302    -0.00408     0.00022    -0.00068
48330    -0.00509     0.00050    -0.00074
48361    -0.00372     0.00088    -0.00059
48391    -0.00220     0.00124    -0.00038
48422     0.00087     0.00069     0.00025
48452     0.00340    -0.00005     0.00066
48483     0.00421    -0.00081     0.00082
48514     0.00576    -0.00095     0.00056
48544     0.00413    -0.00095     0.00009
48575     0.00134    -0.00059    -0.00045
48605    -0.00159    -0.00014    -0.00085
48636    -0.00450     0.00049    -0.00088
48667    -0.00555     0.00105    -0.00108
48696    -0.00566     0.00141    -0.00137
48727    -0.00434     0.00161    -0.00124
48757    -0.00044     0.00128    -0.00072
48788     0.00279     0.00087    -0.00041
48818     0.00487    -0.00002    -0.00007
48849     0.00729    -0.00097     0.00021
48880     0.00690    -0.00120     0.00025
48910     0.00473    -0.00121    -0.00038
48941     0.00037    -0.00060    -0.00069
48971    -0.00213     0.00020    -0.00070
49002    -0.00289     0.00055    -0.00058
49033    -0.00452     0.00071    -0.00050
49061    -0.00531     0.00099    -0.00063
49092    -0.00451     0.00131    -0.00062
49122    -0.00102     0.00082    -0.00048
49153     0.00157     0.00035     0.00004
49183     0.00278    -0.00033     0.00013
49214     0.00375    -0.00119     0.00045
49245     0.00263    -0.00134     0.00023
49275     0.00078    -0.00137    -0.00023
49306    -0.00082    -0.00069    -0.00056
49336    -0.00365    -0.00010    -0.00064
49367    -0.00621     0.00079    -0.00061
49398    -0.00646     0.00119    -0.00048
49426    -0.00641     0.00124    -0.00055
49457    -0.00524     0.00134    -0.00055
49487    -0.00230     0.00132    -0.00037
49518     0.00038     0.00095     0.00005
49548     0.00352    -0.00008    -0.00001
49579     0.00477    -0.00108     0.00022
49610     0.00302    -0.00141     0.00017
49640     0.00164    -0.00091    -0.00012
49671    -0.00103    -0.00031    -0.00050
49701    -0.00399     0.00019    -0.00078
49732    -0.00683     0.00045    -0.00102
49763    -0.00799     0.00058    -0.00115
49791    -0.00762     0.00074    -0.00125
49822    -0.00598     0.00112    -0.00092
49852    -0.00317     0.00116    -0.00072
49883    -0.00199     0.00087    -0.00050
49913     0.00135    -0.00008    -0.00016
49944     0.00316    -0.00118    -0.00020
49975     0.00086    -0.00139    -0.00034
50005     0.00015    -0.00113    -0.00042
50036    -0.00196    -0.00044    -0.00079
50066    -0.00422     0.00042    -0.00088
50097    -0.00749     0.00096    -0.00098
50128    -0.00990     0.00126    -0.00121
50157    -0.01099     0.00127    -0.00123
50188    -0.00977     0.00127    -0.00082
50218    -0.00572     0.00157    -0.00035
50249    -0.00144     0.00144     0.00051
50279     0.00128     0.00145     0.00112
50310     0.00341     0.00148     0.00150
50341     0.00284     0.00157     0.00159
50371     0.00096     0.00152     0.00140
50402    -0.00102     0.00174     0.00125
50432    -0.00375     0.00179     0.00090
50463    -0.00557     0.00195     0.00068
50494    -0.00803     0.00188     0.00051
50522    -0.00830     0.00203     0.00027
50553    -0.00690     0.00183     0.00054
50583    -0.00517     0.00154     0.00063
50614    -0.00250     0.00123     0.00062
50644    -0.00147     0.00045     0.00055
50675     0.00003    -0.00029     0.00038
50706     0.00032    -0.00060    -0.00005
50736    -0.00205    -0.00045    -0.00035
50767    -0.00512    -0.00026    -0.00082
50797    -0.00797     0.00005    -0.00101
50828    -0.00845     0.00033    -0.00118
50859    -0.00807     0.00074    -0.00146
50887    -0.00849     0.00098    -0.00172
50918    -0.00710     0.00100    -0.00174
50948    -0.00332     0.00080    -0.00171
50979    -0.00090     0.00042    -0.00139
51009     0.00045    -0.00050    -0.00114
51040     0.00177    -0.00139    -0.00067
51071     0.00005    -0.00174    -0.00054
51101    -0.00281    -0.00154    -0.00110
51132    -0.00496    -0.00084    -0.00144
51162    -0.00569    -0.00003    -0.00164
51193    -0.00653     0.00059    -0.00167
51224    -0.00766     0.00097    -0.00166
51252    -0.00770     0.00108    -0.00143
51283    -0.00528     0.00116    -0.00125
51313    -0.00265     0.00097    -0.00114
51344     0.00006     0.00048    -0.00098
51374     0.00219     0.00010    -0.00058
51405     0.00370    -0.00086    -0.00036
51436     0.00404    -0.00110    -0.00038
51466     0.00265    -0.00120    -0.00050
51497     0.00080    -0.00093    -0.00068
51527    -0.00153    -0.00034    -0.00051
51558    -0.00387     0.00061     0.00015
51589    -0.00575     0.00109     0.00059
51618    -0.00624     0.00130     0.00077
51649    -0.00455     0.00133     0.00070
51679    -0.00009     0.00046     0.00033
51710     0.00476    -0.00018     0.00009
51740     0.00746    -0.00062     0.00034
51771     0.00767    -0.00134     0.00047
51802     0.00804    -0.00133     0.00042
51832     0.00646    -0.00132     0.00001
51863     0.00478    -0.00086    -0.00014
51893     0.00327    -0.00043     0.00022
51924     0.00112     0.00010    -0.00008
51955    -0.00060     0.00011    -0.00045
51983    -0.00221     0.00030    -0.00049
52014    -0.00250     0.00043    -0.00021
52044     0.00065     0.00024    -0.00009
52075     0.00383     0.00001     0.00013
52105     0.00657    -0.00065     0.00053
52136     0.00822    -0.00144     0.00069
52167     0.00676    -0.00140     0.00049
52197     0.00509    -0.00146     0.00033
52228     0.00326    -0.00127     0.00036
52258     0.00053    -0.00043     0.00027
52289    -0.00144     0.00022     0.00041
52320    -0.00277     0.00045     0.00042
52348    -0.00357     0.00050     0.00016
52379    -0.00205     0.00100    -0.00004
52409     0.00089     0.00067    -0.00012
52440     0.00450     0.00042     0.00011
52470     0.00728    -0.00050     0.00031
52501     0.00638    -0.00120     0.00045
52532     0.00561    -0.00153     0.00037
52562     0.00270    -0.00120    -0.00000
52593    -0.00100    -0.00074    -0.00002
52623    -0.00258    -0.00029    -0.00014
52654    -0.00470     0.00027     0.00015
52685    -0.00563     0.00071     0.00017
52713    -0.00474     0.00109     0.00023
52744    -0.00261     0.00137     0.00039
52774     0.00136     0.00131     0.00040
52805     0.00578     0.00108     0.00053
52835     0.00914     0.00004     0.00071
52866     0.01076    -0.00083     0.00081
52897     0.01035    -0.00129     0.00052
52927     0.00797    -0.00115    -0.00000
52958     0.00550    -0.00059    -0.00050
52988     0.00321    -0.00021    -0.00053
53019    -0.00018     0.00037    -0.00038
53050    -0.00251     0.00082    -0.00008
53079    -0.00332     0.00116    -0.00009
53110    -0.00290     0.00124     0.00021
53140    -0.00042     0.00106     0.00015
53171     0.00258     0.00073     0.00008
53201     0.00543     0.00006     0.00042
53232     0.00713    -0.00091     0.00056
53263     0.00717    -0.00139     0.00020
53293     0.00530    -0.00118    -0.00012
53324     0.00252    -0.00047    -0.00036
53354     0.00022     0.00007    -0.00003
53385    -0.00188     0.00058     0.00008
53416    -0.00426     0.00124    -0.00007
53444    -0.00527     0.00175    -0.00012
53475    -0.00414     0.00167    -0.00009
53505    -0.00248     0.00143     0.00009
53536     0.00183     0.00115     0.00032
53566     0.00442     0.00021     0.00025
53597     0.00487    -0.00079     0.00018
53628     0.00487    -0.00131    -0.00016
53658     0.00416    -0.00117    -0.00061
53689     0.00341    -0.00086    -0.00080
53719     0.00098     0.00040    -0.00077
53750    -0.00116     0.00131    -0.00063
53781    -0.00257     0.00160    -0.00054
53809    -0.00426     0.00169    -0.00040
53840    -0.00400     0.00161     0.00009
53870    -0.00103     0.00127     0.00020
53901     0.00154     0.00073     0.00026
53931     0.00607    -0.00029     0.00037
53962     0.00629    -0.00100     0.00044
53993     0.00575    -0.00131     0.00018
54023     0.00505    -0.00099    -0.00005
54054     0.00306    -0.00016     0.00004
54084     0.00136     0.00026     0.00004
54115    -0.00046     0.00072     0.00014
54146    -0.00252     0.00091     0.00031
54174    -0.00327     0.00116     0.00019
54205    -0.00090     0.00150     0.00025
54235     0.00181     0.00122     0.00037
54266     0.00418     0.00021     0.00039
54296     0.00551    -0.00110     0.00066
54327     0.00606    -0.00198     0.00095
54358     0.00446    -0.00214     0.00059
54388     0.00324    -0.00182     0.00038
54419     0.00085    -0.00113     0.00052
54449    -0.00187    -0.00040     0.00056
54480    -0.00306     0.00027     0.00073
54511    -0.00375     0.00080     0.00073
54540    -0.00473     0.00136     0.00063
54571    -0.00446     0.00126     0.00055
54601    -0.00131     0.00118     0.00048
54632     0.00217     0.00050     0.00028
54662     0.00478    -0.00039     0.00040
54693     0.00560    -0.00127     0.00054
54724     0.00529    -0.00159     0.00031
54754     0.00371    -0.00139    -0.00001
54785     0.00165    -0.00139    -0.00033
54815    -0.00101    -0.00049    -0.00050
54846    -0.00252     0.00012    -0.00052
54877    -0.00456     0.00044    -0.00034
54905    -0.00636     0.00086    -0.00033
54936    -0.00454     0.00108    -0.00019
54966    -0.00131     0.00076    -0.00005
54997     0.00142     0.00052     0.00016
55027     0.00244    -0.00019     0.00023
55058     0.00433    -0.00102     0.00041
55089     0.00507    -0.00141     0.00029
55119     0.00396    -0.00115     0.00002
55150     0.00077    -0.00044     0.00007
55180    -0.00183     0.00008     0.00017
55211    -0.00461     0.00045     0.00021
55242    -0.00622     0.00074    -0.00012
55270    -0.00684     0.00083     0.00006
55301    -0.00527     0.00097     0.00018
55331    -0.00320     0.00088     0.00019
55362    -0.00130     0.00057     0.00018
55392     0.00304    -0.00027     0.00029
55423     0.00248    -0.00147     0.00057
55454     0.00138    -0.00211     0.00041
55484     0.00011    -0.00208     0.00002
55515    -0.00213    -0.00153    -0.00019
55545    -0.00543    -0.00085    -0.00030
55576    -0.00724    -0.00009    -0.00009
55607    -0.00743     0.00056    -0.00006
55635    -0.00697     0.00107    -0.00015
55666    -0.00471     0.00144    -0.00015
55696    -0.00085     0.00139    -0.00017
55727     0.00192     0.00051    -0.00019
55757     0.00357    -0.00049     0.00006
55788     0.00380    -0.00142     0.00034
55819     0.00402    -0.00205     0.00033
55849     0.00285    -0.00172     0.00035
55880     0.00193    -0.00123     0.00027
55910    -0.00024    -0.00075     0.00024
55941    -0.00366    -0.00030     0.00034
55972    -0.00455     0.00027     0.00028
56001    -0.00414     0.00052     0.00028
56032    -0.00295     0.00079     0.00031
56062    -0.00086     0.00056     0.00025
56093     0.00131     0.00011     0.00037
56123     0.00333    -0.00098     0.00084
56154     0.00474    -0.00195     0.00090
56185     0.00402    -0.00260     0.00057
56215     0.00222    -0.00222     0.00028
56246    -0.00062    -0.00186     0.00008
56276    -0.00327    -0.00130     0.00009
56307    -0.00555    -0.00046     0.00014
56338    -0.00735     0.00014     0.00009
56366    -0.00758     0.00062     0.00003
56397    -0.00685     0.00089     0.00027
56427    -0.00382     0.00063     0.00052
56458    -0.00230     0.00032     0.00050
56488     0.00255    -0.00062     0.00059
56519     0.00610    -0.00151     0.00068
56550     0.00651    -0.00171     0.00048
56580     0.00541    -0.00152     0.00012
56611     0.00373    -0.00087    -0.00002
56641     0.00260    -0.00021     0.00003
56672     0.00143     0.00016     0.00026
56703     0.00014     0.00052     0.00023
56731     0.00043     0.00108     0.00039
56762     0.00185     0.00133     0.00054
56792     0.00232     0.00138     0.00052
56823     0.00467     0.00114     0.00051
56853     0.00619     0.00016     0.00051
56884     0.00546    -0.00099     0.00056
56915     0.00375    -0.00129     0.00026
56945     0.00203    -0.00109     0.00001
56976     0.00007    -0.00062    -0.00032
57006    -0.00128     0.00014    -0.00041
57037    -0.00342     0.00037    -0.00036
57068    -0.00462     0.00093    -0.00055
57096    -0.00446     0.00130    -0.00066
57127    -0.00355     0.00140    -0.00046
57157    -0.00130     0.00137    -0.00036
57188     0.00214     0.00102    -0.00024
57218     0.00579     0.00045     0.00019
57249     0.00731    -0.00061     0.00030
57280     0.00682    -0.00122     0.00007
57310     0.00494    -0.00115    -0.00047
57341     0.00298    -0.00086    -0.00075
57371     0.00004    -0.00065    -0.00076
57402    -0.00213    -0.00017    -0.00066
57433    -0.00479     0.00042    -0.00071
57462    -0.00580     0.00107    -0.00064
57493    -0.00448     0.00118    -0.00033
57523    -0.00259     0.00096    -0.00038
57554    -0.00129     0.00024    -0.00025
