# Hydrology loading displacements computed from the monthly GLDAS NOAH model
# This is a product of the Hydrology loading service: http://lacerta.gsfc.nasa.gov/hydlo/
# Displacements are with respect to the center of mass of the total earth
#
# Created for VieVS on 17.03.2017 at 11:46:08 local time
# OFFSET + TREND REMOVED!!! - Hana 
# mjd up (meters) eastwest (meters) northsouth (meters)
43888     0.00147    -0.00089    -0.00059
43919     0.00260    -0.00136    -0.00098
43947     0.00280    -0.00125    -0.00098
43978     0.00252    -0.00099    -0.00086
44008     0.00054    -0.00032    -0.00025
44039    -0.00076     0.00002     0.00062
44069    -0.00106     0.00012     0.00170
44100    -0.00236     0.00048     0.00189
44131    -0.00229     0.00056     0.00170
44161    -0.00171     0.00064     0.00140
44192    -0.00084     0.00023     0.00063
44222    -0.00035    -0.00030     0.00004
44253     0.00087    -0.00082    -0.00037
44284     0.00188    -0.00103    -0.00067
44313     0.00207    -0.00107    -0.00080
44344     0.00100    -0.00068    -0.00063
44374    -0.00163     0.00025    -0.00003
44405    -0.00338     0.00089     0.00086
44435    -0.00377     0.00095     0.00187
44466    -0.00328     0.00069     0.00223
44497    -0.00199     0.00043     0.00200
44527    -0.00158     0.00054     0.00150
44558    -0.00060     0.00021     0.00080
44588     0.00050    -0.00026     0.00028
44619     0.00098    -0.00064     0.00013
44650     0.00106    -0.00084    -0.00001
44678     0.00163    -0.00119    -0.00027
44709     0.00128    -0.00105    -0.00025
44739    -0.00120    -0.00027    -0.00012
44770    -0.00331     0.00079     0.00068
44800    -0.00320     0.00084     0.00153
44831    -0.00261     0.00060     0.00203
44862    -0.00194     0.00043     0.00197
44892    -0.00066     0.00041     0.00140
44923     0.00022     0.00036     0.00086
44953     0.00121     0.00001     0.00016
44984     0.00233    -0.00059    -0.00074
45015     0.00306    -0.00087    -0.00116
45043     0.00327    -0.00092    -0.00108
45074     0.00255    -0.00076    -0.00089
45104     0.00062    -0.00041    -0.00035
45135    -0.00246     0.00049     0.00035
45165    -0.00450     0.00102     0.00125
45196    -0.00406     0.00088     0.00176
45227    -0.00339     0.00085     0.00170
45257    -0.00257     0.00059     0.00118
45288    -0.00076     0.00013     0.00050
45318     0.00095    -0.00028    -0.00046
45349     0.00208    -0.00051    -0.00104
45380     0.00270    -0.00071    -0.00161
45408     0.00301    -0.00041    -0.00168
45439     0.00239    -0.00001    -0.00139
45469     0.00110     0.00055    -0.00059
45500    -0.00065     0.00092     0.00056
45530    -0.00212     0.00140     0.00163
45561    -0.00186     0.00113     0.00236
45592    -0.00125     0.00115     0.00241
45622    -0.00036     0.00124     0.00182
45653     0.00074     0.00108     0.00110
45683     0.00241     0.00041     0.00001
45714     0.00347    -0.00014    -0.00038
45745     0.00357    -0.00020    -0.00063
45774     0.00308    -0.00005    -0.00072
45805     0.00159     0.00001    -0.00057
45835    -0.00028     0.00056    -0.00001
45866    -0.00257     0.00134     0.00057
45896    -0.00459     0.00219     0.00151
45927    -0.00377     0.00202     0.00216
45958    -0.00304     0.00182     0.00212
45988    -0.00222     0.00160     0.00142
46019    -0.00182     0.00143     0.00046
46049    -0.00037     0.00086    -0.00024
46080     0.00028     0.00024    -0.00101
46111     0.00096    -0.00042    -0.00140
46139     0.00189    -0.00047    -0.00145
46170     0.00096    -0.00045    -0.00107
46200    -0.00002    -0.00013    -0.00057
46231    -0.00197     0.00061     0.00030
46261    -0.00317     0.00073     0.00113
46292    -0.00286     0.00062     0.00151
46323    -0.00199     0.00064     0.00150
46353    -0.00109     0.00080     0.00103
46384    -0.00041     0.00073     0.00024
46414     0.00106     0.00003    -0.00051
46445     0.00237    -0.00072    -0.00089
46476     0.00290    -0.00096    -0.00140
46504     0.00276    -0.00114    -0.00165
46535     0.00168    -0.00089    -0.00124
46565    -0.00040    -0.00011    -0.00066
46596    -0.00351     0.00081     0.00018
46626    -0.00363     0.00110     0.00136
46657    -0.00330     0.00098     0.00196
46688    -0.00301     0.00089     0.00175
46718    -0.00224     0.00066     0.00117
46749    -0.00086     0.00018     0.00059
46779    -0.00014    -0.00010    -0.00025
46810     0.00114    -0.00053    -0.00064
46841     0.00214    -0.00074    -0.00093
46869     0.00265    -0.00077    -0.00130
46900     0.00154    -0.00053    -0.00113
46930     0.00031     0.00002    -0.00036
46961    -0.00131     0.00034     0.00028
46991    -0.00308     0.00103     0.00119
47022    -0.00400     0.00129     0.00160
47053    -0.00299     0.00096     0.00156
47083    -0.00181     0.00060     0.00126
47114    -0.00092     0.00053     0.00084
47144     0.00024     0.00006     0.00015
47175     0.00149    -0.00043    -0.00055
47206     0.00242    -0.00097    -0.00095
47235     0.00265    -0.00137    -0.00099
47266     0.00216    -0.00111    -0.00054
47296     0.00152    -0.00080     0.00015
47327     0.00029    -0.00042     0.00118
47357    -0.00070    -0.00018     0.00177
47388    -0.00080    -0.00030     0.00188
47419    -0.00036    -0.00027     0.00162
47449     0.00025    -0.00022     0.00124
47480     0.00118    -0.00049     0.00047
47510     0.00228    -0.00090    -0.00022
47541     0.00335    -0.00139    -0.00077
47572     0.00404    -0.00171    -0.00112
47600     0.00436    -0.00155    -0.00123
47631     0.00392    -0.00138    -0.00073
47661     0.00303    -0.00113     0.00002
47692     0.00166    -0.00044     0.00099
47722     0.00014    -0.00020     0.00179
47753    -0.00128    -0.00005     0.00203
47784    -0.00098     0.00003     0.00184
47814     0.00030    -0.00023     0.00138
47845     0.00121    -0.00034     0.00067
47875     0.00187    -0.00103    -0.00016
47906     0.00275    -0.00159    -0.00076
47937     0.00325    -0.00178    -0.00130
47965     0.00332    -0.00142    -0.00139
47996     0.00221    -0.00099    -0.00091
48026     0.00053    -0.00048    -0.00040
48057    -0.00059     0.00015     0.00052
48087    -0.00113     0.00030     0.00137
48118    -0.00130     0.00034     0.00178
48149    -0.00133     0.00040     0.00166
48179    -0.00057     0.00045     0.00107
48210     0.00045     0.00028     0.00030
48240     0.00180    -0.00024    -0.00055
48271     0.00301    -0.00066    -0.00102
48302     0.00375    -0.00093    -0.00098
48330     0.00411    -0.00130    -0.00143
48361     0.00315    -0.00118    -0.00133
48391     0.00152    -0.00074    -0.00096
48422    -0.00137     0.00008     0.00008
48452    -0.00279     0.00060     0.00101
48483    -0.00271     0.00055     0.00155
48514    -0.00225     0.00074     0.00146
48544    -0.00141     0.00069     0.00099
48575    -0.00015     0.00057     0.00035
48605     0.00103     0.00034    -0.00041
48636     0.00156     0.00011    -0.00110
48667     0.00227    -0.00007    -0.00157
48696     0.00223     0.00013    -0.00184
48727     0.00133     0.00021    -0.00173
48757    -0.00169     0.00110    -0.00102
48788    -0.00443     0.00186    -0.00020
48818    -0.00442     0.00185     0.00069
48849    -0.00332     0.00140     0.00123
48880    -0.00353     0.00144     0.00107
48910    -0.00254     0.00130     0.00075
48941    -0.00120     0.00086    -0.00018
48971    -0.00035     0.00053    -0.00060
49002     0.00084     0.00007    -0.00092
49033     0.00210    -0.00042    -0.00110
49061     0.00264    -0.00065    -0.00143
49092     0.00182    -0.00046    -0.00144
49122    -0.00005     0.00010    -0.00098
49153    -0.00245     0.00084    -0.00021
49183    -0.00336     0.00133     0.00036
49214    -0.00237     0.00099     0.00091
49245    -0.00157     0.00081     0.00077
49275    -0.00053     0.00062     0.00044
49306     0.00003     0.00050    -0.00024
49336     0.00091     0.00016    -0.00088
49367     0.00193    -0.00056    -0.00153
49398     0.00237    -0.00093    -0.00181
49426     0.00271    -0.00082    -0.00182
49457     0.00176    -0.00053    -0.00168
49487     0.00042    -0.00018    -0.00122
49518    -0.00144     0.00033    -0.00061
49548    -0.00229     0.00064    -0.00006
49579    -0.00227     0.00041     0.00037
49610    -0.00137     0.00015     0.00022
49640    -0.00132     0.00015    -0.00038
49671    -0.00024    -0.00026    -0.00115
49701     0.00099    -0.00055    -0.00187
49732     0.00222    -0.00081    -0.00224
49763     0.00332    -0.00104    -0.00241
49791     0.00352    -0.00114    -0.00248
49822     0.00260    -0.00097    -0.00232
49852     0.00116    -0.00051    -0.00183
49883    -0.00032     0.00007    -0.00112
49913    -0.00188     0.00060    -0.00031
49944    -0.00156     0.00039     0.00008
49975    -0.00044     0.00016     0.00009
50005     0.00001     0.00013    -0.00035
50036     0.00100    -0.00005    -0.00107
50066     0.00175    -0.00058    -0.00163
50097     0.00281    -0.00119    -0.00224
50128     0.00383    -0.00162    -0.00272
50157     0.00448    -0.00179    -0.00279
50188     0.00405    -0.00169    -0.00236
50218     0.00248    -0.00107    -0.00142
50249     0.00089    -0.00073    -0.00005
50279    -0.00090    -0.00014     0.00112
50310    -0.00179     0.00014     0.00193
50341    -0.00204     0.00008     0.00212
50371    -0.00154    -0.00008     0.00186
50402    -0.00060    -0.00039     0.00122
50432     0.00076    -0.00085     0.00046
50463     0.00152    -0.00116    -0.00032
50494     0.00211    -0.00130    -0.00106
50522     0.00228    -0.00148    -0.00165
50553     0.00100    -0.00151    -0.00166
50583    -0.00063    -0.00107    -0.00144
50614    -0.00326     0.00004    -0.00092
50644    -0.00361     0.00057    -0.00022
50675    -0.00285     0.00071     0.00034
50706    -0.00213     0.00078     0.00016
50736    -0.00176     0.00067    -0.00062
50767    -0.00065     0.00012    -0.00149
50797     0.00017    -0.00047    -0.00216
50828     0.00158    -0.00091    -0.00268
50859     0.00244    -0.00089    -0.00301
50887     0.00284    -0.00076    -0.00331
50918     0.00226    -0.00045    -0.00308
50948     0.00095     0.00024    -0.00236
50979    -0.00047     0.00082    -0.00146
51009    -0.00053     0.00089    -0.00068
51040    -0.00012     0.00046    -0.00009
51071     0.00059     0.00016    -0.00006
51101     0.00150     0.00009    -0.00072
51132     0.00210     0.00010    -0.00145
51162     0.00275    -0.00022    -0.00199
51193     0.00352    -0.00064    -0.00253
51224     0.00398    -0.00092    -0.00272
51252     0.00370    -0.00097    -0.00259
51283     0.00269    -0.00067    -0.00206
51313     0.00146    -0.00016    -0.00153
51344    -0.00091     0.00081    -0.00083
51374    -0.00287     0.00136    -0.00017
51405    -0.00238     0.00092     0.00039
51436    -0.00219     0.00081     0.00040
51466    -0.00064     0.00039     0.00017
51497     0.00005     0.00019    -0.00005
51527     0.00080    -0.00025    -0.00048
51558     0.00124    -0.00125    -0.00082
51589     0.00109    -0.00162    -0.00106
51618     0.00120    -0.00165    -0.00103
51649     0.00133    -0.00179    -0.00102
51679     0.00084    -0.00132    -0.00050
51710    -0.00171    -0.00005    -0.00013
51740    -0.00373     0.00087     0.00056
51771    -0.00314     0.00083     0.00096
51802    -0.00349     0.00096     0.00078
51832    -0.00227     0.00064     0.00041
51863    -0.00068     0.00006     0.00005
51893     0.00067    -0.00075    -0.00014
51924     0.00139    -0.00090    -0.00064
51955     0.00229    -0.00079    -0.00086
51983     0.00223    -0.00073    -0.00110
52014     0.00166    -0.00068    -0.00085
52044     0.00020    -0.00000    -0.00027
52075    -0.00253     0.00093    -0.00001
52105    -0.00364     0.00143     0.00083
52136    -0.00355     0.00155     0.00156
52167    -0.00287     0.00150     0.00157
52197    -0.00188     0.00135     0.00133
52228    -0.00055     0.00077     0.00096
52258     0.00063     0.00018     0.00036
52289     0.00156    -0.00045    -0.00009
52320     0.00208    -0.00062    -0.00031
52348     0.00152    -0.00039    -0.00065
52379     0.00066    -0.00019    -0.00080
52409    -0.00044     0.00040    -0.00042
52440    -0.00265     0.00128     0.00029
52470    -0.00283     0.00149     0.00123
52501    -0.00310     0.00148     0.00170
52532    -0.00291     0.00140     0.00162
52562    -0.00215     0.00111     0.00084
52593    -0.00139     0.00063     0.00013
52623    -0.00065     0.00028    -0.00022
52654     0.00002    -0.00024    -0.00049
52685     0.00074    -0.00059    -0.00066
52713     0.00090    -0.00061    -0.00062
52744     0.00053    -0.00061    -0.00045
52774    -0.00010    -0.00007    -0.00011
52805    -0.00198     0.00062     0.00026
52835    -0.00285     0.00096     0.00095
52866    -0.00221     0.00075     0.00149
52897    -0.00124     0.00054     0.00138
52927    -0.00059     0.00055     0.00094
52958     0.00026     0.00029     0.00023
52988     0.00068     0.00001    -0.00021
53019     0.00138    -0.00050    -0.00045
53050     0.00169    -0.00081    -0.00057
53079     0.00209    -0.00101    -0.00072
53110     0.00102    -0.00102    -0.00075
53140    -0.00008    -0.00037    -0.00046
53171    -0.00109     0.00036     0.00012
53201    -0.00249     0.00082     0.00069
53232    -0.00226     0.00078     0.00122
53263    -0.00120     0.00074     0.00102
53293    -0.00059     0.00064     0.00055
53324    -0.00059     0.00049    -0.00019
53354     0.00015    -0.00024    -0.00055
53385     0.00108    -0.00070    -0.00086
53416     0.00154    -0.00088    -0.00128
53444     0.00159    -0.00101    -0.00156
53475     0.00125    -0.00080    -0.00131
53505     0.00015    -0.00048    -0.00098
53536    -0.00208     0.00040    -0.00034
53566    -0.00328     0.00112     0.00076
53597    -0.00282     0.00124     0.00139
53628    -0.00223     0.00126     0.00154
53658    -0.00151     0.00126     0.00113
53689    -0.00052     0.00104     0.00071
53719    -0.00075     0.00069    -0.00008
53750    -0.00022     0.00017    -0.00044
53781     0.00061    -0.00029    -0.00062
53809     0.00093    -0.00069    -0.00074
53840     0.00056    -0.00075    -0.00051
53870     0.00029    -0.00040    -0.00012
53901    -0.00142     0.00045     0.00055
53931    -0.00270     0.00115     0.00151
53962    -0.00282     0.00107     0.00195
53993    -0.00192     0.00091     0.00178
54023    -0.00164     0.00088     0.00124
54054    -0.00112     0.00038     0.00048
54084    -0.00052    -0.00001     0.00008
54115    -0.00020    -0.00019    -0.00019
54146     0.00031    -0.00048    -0.00029
54174     0.00004    -0.00025    -0.00043
54205    -0.00064    -0.00002    -0.00036
54235    -0.00151     0.00025    -0.00005
54266    -0.00215     0.00069     0.00074
54296    -0.00276     0.00105     0.00151
54327    -0.00288     0.00083     0.00186
54358    -0.00195     0.00057     0.00161
54388    -0.00114     0.00047     0.00125
54419    -0.00007    -0.00025     0.00085
54449     0.00095    -0.00081     0.00030
54480     0.00150    -0.00130    -0.00010
54511     0.00184    -0.00135    -0.00037
54540     0.00174    -0.00125    -0.00079
54571     0.00159    -0.00112    -0.00080
54601     0.00023    -0.00045    -0.00039
54632    -0.00208     0.00054     0.00022
54662    -0.00281     0.00080     0.00089
54693    -0.00304     0.00075     0.00128
54724    -0.00213     0.00061     0.00106
54754    -0.00057     0.00030     0.00073
54785     0.00085    -0.00001     0.00034
54815     0.00173    -0.00045    -0.00024
54846     0.00253    -0.00083    -0.00059
54877     0.00315    -0.00137    -0.00081
54905     0.00337    -0.00150    -0.00108
54936     0.00310    -0.00137    -0.00116
54966     0.00197    -0.00081    -0.00079
54997     0.00007     0.00003     0.00000
55027    -0.00151     0.00059     0.00084
55058    -0.00207     0.00065     0.00120
55089    -0.00185     0.00057     0.00125
55119    -0.00070     0.00043     0.00081
55150    -0.00021    -0.00015    -0.00012
55180     0.00030    -0.00065    -0.00059
55211     0.00127    -0.00118    -0.00093
55242     0.00194    -0.00114    -0.00127
55270     0.00228    -0.00139    -0.00124
55301     0.00222    -0.00131    -0.00105
55331     0.00161    -0.00093    -0.00067
55362     0.00032    -0.00025    -0.00003
55392    -0.00134     0.00042     0.00083
55423    -0.00128     0.00034     0.00149
55454    -0.00019     0.00024     0.00141
55484     0.00110     0.00014     0.00105
55515     0.00186    -0.00013     0.00038
55545     0.00278    -0.00057    -0.00035
55576     0.00315    -0.00090    -0.00081
55607     0.00337    -0.00102    -0.00103
55635     0.00332    -0.00103    -0.00124
55666     0.00259    -0.00073    -0.00120
55696     0.00140    -0.00021    -0.00080
55727     0.00029     0.00039     0.00022
55757    -0.00062     0.00092     0.00118
55788    -0.00110     0.00104     0.00172
55819    -0.00065     0.00085     0.00166
55849     0.00008     0.00032     0.00126
55880     0.00072    -0.00006     0.00080
55910     0.00173    -0.00041     0.00036
55941     0.00250    -0.00083     0.00003
55972     0.00256    -0.00086    -0.00025
56001     0.00229    -0.00058    -0.00026
56032     0.00216    -0.00052    -0.00024
56062     0.00129    -0.00021    -0.00002
56093    -0.00092     0.00057     0.00075
56123    -0.00153     0.00069     0.00163
56154    -0.00118     0.00049     0.00204
56185    -0.00014     0.00020     0.00198
56215     0.00018     0.00013     0.00142
56246     0.00092    -0.00026     0.00084
56276     0.00125    -0.00059     0.00030
56307     0.00170    -0.00086    -0.00018
56338     0.00235    -0.00111    -0.00049
56366     0.00235    -0.00104    -0.00066
56397     0.00188    -0.00103    -0.00055
56427     0.00081    -0.00058    -0.00007
56458    -0.00037     0.00020     0.00049
56488    -0.00113     0.00067     0.00138
56519    -0.00086     0.00062     0.00185
56550    -0.00049     0.00059     0.00180
56580     0.00015     0.00054     0.00144
56611     0.00015     0.00041     0.00098
56641     0.00085     0.00001     0.00062
56672     0.00135    -0.00049     0.00040
56703     0.00103    -0.00059     0.00022
56731     0.00044    -0.00061     0.00014
56762    -0.00094    -0.00013     0.00013
56792    -0.00182     0.00011     0.00030
56823    -0.00331     0.00080     0.00065
56853    -0.00367     0.00110     0.00131
56884    -0.00356     0.00091     0.00175
56915    -0.00276     0.00078     0.00157
56945    -0.00185     0.00055     0.00098
56976    -0.00084     0.00025     0.00037
57006    -0.00018     0.00008    -0.00007
57037     0.00082    -0.00014    -0.00026
57068     0.00126    -0.00026    -0.00069
57096     0.00136    -0.00028    -0.00090
57127     0.00123    -0.00035    -0.00080
57157     0.00010     0.00010    -0.00044
57188    -0.00191     0.00077    -0.00005
57218    -0.00332     0.00119     0.00066
57249    -0.00394     0.00138     0.00117
57280    -0.00323     0.00132     0.00117
57310    -0.00269     0.00137     0.00073
57341    -0.00098     0.00097     0.00017
57371     0.00067     0.00052    -0.00031
57402     0.00143     0.00005    -0.00064
57433     0.00167    -0.00014    -0.00093
57462     0.00174    -0.00042    -0.00120
57493     0.00109    -0.00046    -0.00117
57523     0.00002    -0.00007    -0.00078
57554    -0.00097     0.00044    -0.00001
