# Hydrology loading displacements computed from the monthly GLDAS NOAH model
# This is a product of the Hydrology loading service: http://lacerta.gsfc.nasa.gov/hydlo/
# Displacements are with respect to the center of mass of the total earth
#
# Created for VieVS on 17.03.2017 at 11:46:08 local time
# OFFSET + TREND REMOVED!!! - Hana 
# mjd up (meters) eastwest (meters) northsouth (meters)
43888     0.00026     0.00033    -0.00095
43919    -0.00047     0.00067    -0.00147
43947    -0.00055     0.00043    -0.00142
43978    -0.00049     0.00004    -0.00123
44008     0.00061    -0.00036    -0.00050
44039     0.00193    -0.00054     0.00043
44069     0.00178    -0.00012     0.00146
44100     0.00162     0.00019     0.00181
44131     0.00112     0.00010     0.00180
44161     0.00062    -0.00000     0.00161
44192     0.00047     0.00004     0.00087
44222     0.00035     0.00023     0.00005
44253     0.00028     0.00021    -0.00062
44284    -0.00033     0.00031    -0.00085
44313    -0.00082     0.00048    -0.00095
44344    -0.00057     0.00020    -0.00072
44374     0.00023    -0.00009     0.00013
44405     0.00125    -0.00024     0.00104
44435     0.00152     0.00023     0.00181
44466     0.00174     0.00063     0.00201
44497     0.00106     0.00055     0.00188
44527     0.00093     0.00014     0.00150
44558     0.00031     0.00007     0.00085
44588    -0.00007     0.00017     0.00021
44619    -0.00016     0.00042    -0.00011
44650    -0.00001     0.00055    -0.00044
44678    -0.00032     0.00068    -0.00082
44709    -0.00003     0.00056    -0.00079
44739     0.00097     0.00018    -0.00043
44770     0.00183    -0.00038     0.00062
44800     0.00135    -0.00012     0.00154
44831     0.00050     0.00043     0.00224
44862     0.00040     0.00049     0.00219
44892    -0.00002     0.00025     0.00167
44923    -0.00065     0.00008     0.00119
44953    -0.00063    -0.00004     0.00029
44984    -0.00096     0.00007    -0.00073
45015    -0.00130     0.00029    -0.00121
45043    -0.00143     0.00034    -0.00122
45074    -0.00083     0.00003    -0.00104
45104     0.00033    -0.00009    -0.00048
45135     0.00187    -0.00057     0.00041
45165     0.00302    -0.00060     0.00124
45196     0.00250    -0.00001     0.00159
45227     0.00163     0.00010     0.00167
45257     0.00144     0.00015     0.00118
45288     0.00045     0.00030     0.00051
45318    -0.00038     0.00022    -0.00046
45349    -0.00088     0.00016    -0.00113
45380    -0.00116     0.00012    -0.00180
45408    -0.00151    -0.00018    -0.00173
45439    -0.00091    -0.00067    -0.00129
45469    -0.00042    -0.00090    -0.00031
45500     0.00080    -0.00095     0.00086
45530     0.00080    -0.00072     0.00198
45561     0.00078     0.00006     0.00262
45592    -0.00013     0.00022     0.00283
45622    -0.00072    -0.00003     0.00245
45653    -0.00087    -0.00039     0.00173
45683    -0.00096    -0.00048     0.00047
45714    -0.00115    -0.00014    -0.00018
45745    -0.00145    -0.00021    -0.00050
45774    -0.00162    -0.00038    -0.00060
45805    -0.00077    -0.00058    -0.00067
45835     0.00039    -0.00082    -0.00001
45866     0.00121    -0.00105     0.00085
45896     0.00113    -0.00097     0.00192
45927     0.00114    -0.00067     0.00258
45958     0.00077    -0.00059     0.00251
45988     0.00047    -0.00063     0.00193
46019     0.00031    -0.00084     0.00102
46049    -0.00003    -0.00080     0.00009
46080    -0.00008    -0.00077    -0.00098
46111    -0.00058    -0.00027    -0.00161
46139    -0.00119    -0.00032    -0.00159
46170    -0.00049    -0.00027    -0.00121
46200     0.00019    -0.00040    -0.00060
46231     0.00152    -0.00068     0.00043
46261     0.00183    -0.00025     0.00115
46292     0.00169    -0.00002     0.00154
46323     0.00096    -0.00002     0.00172
46353     0.00026    -0.00026     0.00141
46384    -0.00015    -0.00041     0.00069
46414    -0.00034    -0.00028    -0.00024
46445    -0.00078     0.00014    -0.00089
46476    -0.00108     0.00014    -0.00150
46504    -0.00123     0.00015    -0.00179
46535    -0.00081     0.00005    -0.00136
46565     0.00009    -0.00039    -0.00063
46596     0.00179    -0.00081     0.00024
46626     0.00191    -0.00055     0.00127
46657     0.00163    -0.00002     0.00190
46688     0.00157    -0.00003     0.00175
46718     0.00174    -0.00010     0.00118
46749     0.00114     0.00001     0.00056
46779     0.00075    -0.00003    -0.00033
46810     0.00015     0.00002    -0.00093
46841    -0.00019     0.00006    -0.00131
46869    -0.00067     0.00003    -0.00160
46900    -0.00026    -0.00015    -0.00142
46930     0.00064    -0.00048    -0.00062
46961     0.00172    -0.00049     0.00009
46991     0.00186    -0.00060     0.00114
47022     0.00116    -0.00029     0.00164
47053     0.00063    -0.00005     0.00166
47083     0.00030     0.00008     0.00141
47114    -0.00035    -0.00006     0.00101
47144    -0.00043    -0.00021     0.00014
47175    -0.00078    -0.00015    -0.00070
47206    -0.00110     0.00006    -0.00125
47235    -0.00110     0.00038    -0.00149
47266    -0.00056     0.00021    -0.00101
47296    -0.00003     0.00017    -0.00030
47327     0.00098    -0.00003     0.00073
47357     0.00145     0.00023     0.00138
47388     0.00137     0.00079     0.00159
47419     0.00027     0.00097     0.00155
47449     0.00014     0.00072     0.00131
47480    -0.00002     0.00044     0.00063
47510    -0.00043     0.00033    -0.00016
47541    -0.00062     0.00044    -0.00102
47572    -0.00091     0.00054    -0.00157
47600    -0.00134     0.00048    -0.00159
47631    -0.00101     0.00050    -0.00106
47661    -0.00013     0.00030    -0.00035
47692     0.00102    -0.00023     0.00073
47722     0.00145    -0.00000     0.00165
47753     0.00173     0.00037     0.00202
47784     0.00084     0.00044     0.00190
47814     0.00041     0.00047     0.00149
47845    -0.00023     0.00025     0.00084
47875    -0.00019     0.00049    -0.00024
47906    -0.00045     0.00066    -0.00114
47937    -0.00091     0.00074    -0.00184
47965    -0.00123     0.00052    -0.00184
47996    -0.00066     0.00035    -0.00131
48026     0.00030     0.00002    -0.00061
48057     0.00091    -0.00036     0.00048
48087     0.00103    -0.00020     0.00129
48118     0.00102    -0.00003     0.00186
48149     0.00028     0.00006     0.00188
48179    -0.00037    -0.00002     0.00140
48210    -0.00092    -0.00015     0.00062
48240    -0.00142    -0.00014    -0.00035
48271    -0.00179    -0.00001    -0.00096
48302    -0.00201     0.00030    -0.00109
48330    -0.00216     0.00043    -0.00167
48361    -0.00143     0.00023    -0.00159
48391    -0.00028    -0.00014    -0.00116
48422     0.00080    -0.00026    -0.00003
48452     0.00103    -0.00037     0.00093
48483     0.00059     0.00004     0.00154
48514     0.00036    -0.00006     0.00163
48544    -0.00026    -0.00016     0.00127
48575    -0.00072    -0.00037     0.00074
48605    -0.00113    -0.00043    -0.00002
48636    -0.00145    -0.00045    -0.00090
48667    -0.00169    -0.00057    -0.00146
48696    -0.00185    -0.00090    -0.00172
48727    -0.00121    -0.00097    -0.00170
48757    -0.00047    -0.00112    -0.00077
48788     0.00064    -0.00131     0.00024
48818     0.00119    -0.00112     0.00100
48849     0.00074    -0.00056     0.00156
48880     0.00036    -0.00040     0.00148
48910    -0.00012    -0.00035     0.00120
48941    -0.00034    -0.00038     0.00020
48971    -0.00047    -0.00048    -0.00042
49002    -0.00061    -0.00033    -0.00101
49033    -0.00106     0.00004    -0.00134
49061    -0.00116     0.00010    -0.00167
49092    -0.00068    -0.00009    -0.00162
49122    -0.00018    -0.00018    -0.00100
49153     0.00057    -0.00035     0.00000
49183     0.00099    -0.00040     0.00059
49214     0.00047    -0.00004     0.00102
49245     0.00006     0.00013     0.00095
49275    -0.00018     0.00004     0.00067
49306    -0.00086    -0.00018     0.00009
49336    -0.00128    -0.00025    -0.00061
49367    -0.00136    -0.00006    -0.00153
49398    -0.00148     0.00012    -0.00203
49426    -0.00188     0.00010    -0.00192
49457    -0.00139    -0.00014    -0.00172
49487    -0.00045    -0.00041    -0.00126
49518     0.00059    -0.00056    -0.00055
49548     0.00019    -0.00033     0.00018
49579     0.00003     0.00014     0.00060
49610    -0.00075     0.00033     0.00055
49640    -0.00122     0.00013     0.00006
49671    -0.00109     0.00012    -0.00086
49701    -0.00175     0.00012    -0.00164
49732    -0.00228     0.00021    -0.00215
49763    -0.00273     0.00043    -0.00239
49791    -0.00264     0.00053    -0.00256
49822    -0.00216     0.00024    -0.00235
49852    -0.00113    -0.00016    -0.00182
49883    -0.00044    -0.00048    -0.00087
49913    -0.00042    -0.00027     0.00007
49944    -0.00112     0.00038     0.00052
49975    -0.00152     0.00061     0.00061
50005    -0.00150     0.00046     0.00017
50036    -0.00191     0.00020    -0.00051
50066    -0.00162     0.00011    -0.00136
50097    -0.00173     0.00036    -0.00222
50128    -0.00220     0.00061    -0.00280
50157    -0.00232     0.00081    -0.00294
50188    -0.00189     0.00076    -0.00256
50218    -0.00031     0.00014    -0.00170
50249     0.00168    -0.00008    -0.00051
50279     0.00295    -0.00043     0.00058
50310     0.00397    -0.00055     0.00138
50341     0.00431    -0.00052     0.00148
50371     0.00411    -0.00040     0.00118
50402     0.00368    -0.00026     0.00051
50432     0.00293     0.00002    -0.00026
50463     0.00217     0.00035    -0.00107
50494     0.00128     0.00066    -0.00182
50522     0.00062     0.00096    -0.00241
50553     0.00118     0.00130    -0.00249
50583     0.00133     0.00114    -0.00213
50614     0.00156     0.00054    -0.00129
50644     0.00143     0.00042    -0.00037
50675     0.00051     0.00044     0.00047
50706    -0.00064     0.00043     0.00047
50736    -0.00118     0.00062    -0.00030
50767    -0.00170     0.00092    -0.00132
50797    -0.00173     0.00128    -0.00230
50828    -0.00220     0.00135    -0.00290
50859    -0.00265     0.00108    -0.00321
50887    -0.00284     0.00084    -0.00348
50918    -0.00261     0.00049    -0.00316
50948    -0.00220    -0.00011    -0.00217
50979    -0.00138    -0.00057    -0.00114
51009    -0.00146    -0.00018    -0.00023
51040    -0.00164     0.00041     0.00020
51071    -0.00219     0.00080     0.00035
51101    -0.00262     0.00065    -0.00018
51132    -0.00291     0.00020    -0.00080
51162    -0.00303     0.00005    -0.00147
51193    -0.00293     0.00005    -0.00217
51224    -0.00282     0.00009    -0.00250
51252    -0.00263     0.00016    -0.00248
51283    -0.00196    -0.00010    -0.00209
51313    -0.00114    -0.00043    -0.00147
51344    -0.00052    -0.00076    -0.00042
51374    -0.00012    -0.00066     0.00022
51405    -0.00041     0.00003     0.00076
51436    -0.00046     0.00018     0.00072
51466    -0.00067     0.00031     0.00046
51497    -0.00084     0.00027     0.00009
51527    -0.00067     0.00022    -0.00048
51558    -0.00021     0.00049    -0.00135
51589     0.00002     0.00072    -0.00182
51618    -0.00004     0.00082    -0.00188
51649     0.00003     0.00084    -0.00187
51679     0.00006     0.00077    -0.00115
51710     0.00057     0.00035    -0.00027
51740     0.00075     0.00016     0.00049
51771     0.00014     0.00020     0.00113
51802    -0.00032     0.00022     0.00112
51832    -0.00059     0.00029     0.00072
51863    -0.00037     0.00019     0.00004
51893    -0.00027     0.00049    -0.00043
51924    -0.00072     0.00029    -0.00097
51955    -0.00132     0.00015    -0.00108
51983    -0.00142     0.00010    -0.00128
52014    -0.00090     0.00016    -0.00113
52044    -0.00016    -0.00014    -0.00035
52075     0.00047    -0.00031     0.00039
52105     0.00050    -0.00023     0.00135
52136     0.00019     0.00008     0.00205
52167    -0.00003     0.00014     0.00204
52197    -0.00028     0.00022     0.00174
52228    -0.00036     0.00037     0.00119
52258    -0.00018     0.00022     0.00036
52289    -0.00025     0.00033    -0.00037
52320    -0.00041     0.00030    -0.00067
52348    -0.00043     0.00023    -0.00083
52379     0.00002    -0.00012    -0.00095
52409     0.00058    -0.00063    -0.00038
52440     0.00139    -0.00103     0.00059
52470     0.00105    -0.00092     0.00153
52501     0.00049    -0.00045     0.00212
52532     0.00057    -0.00013     0.00209
52562    -0.00001    -0.00001     0.00141
52593    -0.00017     0.00004     0.00054
52623    -0.00013     0.00003    -0.00004
52654    -0.00005     0.00016    -0.00063
52685    -0.00008     0.00019    -0.00100
52713     0.00010     0.00005    -0.00113
52744     0.00070    -0.00005    -0.00101
52774     0.00146    -0.00057    -0.00052
52805     0.00224    -0.00092     0.00022
52835     0.00197    -0.00060     0.00112
52866     0.00123    -0.00011     0.00175
52897     0.00056     0.00016     0.00180
52927     0.00002     0.00003     0.00155
52958    -0.00031    -0.00012     0.00081
52988    -0.00039    -0.00013     0.00019
53019    -0.00019    -0.00004    -0.00042
53050    -0.00017     0.00010    -0.00080
53079    -0.00030     0.00017    -0.00092
53110     0.00032     0.00028    -0.00095
53140     0.00070    -0.00024    -0.00059
53171     0.00118    -0.00055     0.00023
53201     0.00124    -0.00051     0.00103
53232     0.00096    -0.00005     0.00157
53263     0.00015     0.00003     0.00159
53293    -0.00010    -0.00003     0.00114
53324    -0.00008    -0.00018     0.00038
53354    -0.00004     0.00017    -0.00032
53385    -0.00019     0.00023    -0.00090
53416    -0.00045     0.00003    -0.00148
53444    -0.00064    -0.00003    -0.00186
53475    -0.00026    -0.00016    -0.00150
53505     0.00046    -0.00034    -0.00101
53536     0.00127    -0.00071    -0.00013
53566     0.00107    -0.00055     0.00097
53597     0.00044    -0.00018     0.00171
53628     0.00004     0.00006     0.00191
53658    -0.00002    -0.00016     0.00158
53689    -0.00029    -0.00037     0.00119
53719     0.00000    -0.00067     0.00028
53750     0.00021    -0.00075    -0.00042
53781     0.00015    -0.00061    -0.00086
53809     0.00029    -0.00032    -0.00108
53840     0.00090    -0.00019    -0.00095
53870     0.00128    -0.00042    -0.00041
53901     0.00125    -0.00064     0.00063
53931     0.00094    -0.00061     0.00180
53962     0.00105    -0.00010     0.00229
53993     0.00066     0.00007     0.00219
54023     0.00050    -0.00011     0.00164
54054     0.00046    -0.00011     0.00072
54084     0.00049    -0.00014     0.00004
54115     0.00051    -0.00018    -0.00040
54146     0.00039     0.00003    -0.00068
54174     0.00017    -0.00019    -0.00077
54205     0.00070    -0.00047    -0.00074
54235     0.00123    -0.00050    -0.00031
54266     0.00160    -0.00056     0.00061
54296     0.00156    -0.00018     0.00139
54327     0.00131     0.00045     0.00179
54358     0.00064     0.00075     0.00165
54388     0.00029     0.00060     0.00143
54419     0.00042     0.00077     0.00085
54449     0.00069     0.00071     0.00004
54480     0.00097     0.00067    -0.00068
54511     0.00103     0.00054    -0.00112
54540     0.00109     0.00026    -0.00154
54571     0.00128     0.00010    -0.00154
54601     0.00152    -0.00028    -0.00084
54632     0.00167    -0.00044     0.00005
54662     0.00161    -0.00022     0.00088
54693     0.00104     0.00032     0.00131
54724     0.00058     0.00047     0.00114
54754     0.00019     0.00045     0.00087
54785    -0.00046     0.00043     0.00052
54815    -0.00030     0.00025    -0.00019
54846    -0.00034     0.00027    -0.00071
54877    -0.00033     0.00056    -0.00110
54905    -0.00048     0.00051    -0.00140
54936     0.00004     0.00023    -0.00149
54966     0.00068    -0.00013    -0.00095
54997     0.00100    -0.00048     0.00008
55027     0.00040    -0.00034     0.00105
55058     0.00024     0.00011     0.00146
55089     0.00001     0.00040     0.00163
55119    -0.00029     0.00028     0.00122
55150    -0.00017     0.00038     0.00022
55180     0.00002     0.00040    -0.00055
55211    -0.00015     0.00065    -0.00110
55242    -0.00051     0.00048    -0.00139
55270    -0.00047     0.00065    -0.00145
55301    -0.00011     0.00042    -0.00125
55331     0.00030     0.00010    -0.00084
55362     0.00096    -0.00013    -0.00010
55392     0.00081    -0.00003     0.00097
55423     0.00014     0.00056     0.00182
55454    -0.00033     0.00089     0.00175
55484    -0.00098     0.00080     0.00148
55515    -0.00106     0.00063     0.00081
55545    -0.00126     0.00054    -0.00003
55576    -0.00132     0.00043    -0.00071
55607    -0.00127     0.00040    -0.00108
55635    -0.00097     0.00028    -0.00132
55666    -0.00021    -0.00007    -0.00126
55696     0.00025    -0.00041    -0.00077
55727     0.00075    -0.00053     0.00035
55757     0.00060    -0.00041     0.00143
55788     0.00042     0.00004     0.00201
55819    -0.00047     0.00051     0.00216
55849    -0.00031     0.00068     0.00165
55880    -0.00016     0.00059     0.00104
55910    -0.00024     0.00041     0.00045
55941    -0.00024     0.00044    -0.00012
55972    -0.00034     0.00030    -0.00043
56001    -0.00035     0.00012    -0.00036
56032     0.00012    -0.00012    -0.00041
56062     0.00057    -0.00037    -0.00014
56093     0.00135    -0.00054     0.00077
56123     0.00130    -0.00023     0.00161
56154     0.00055     0.00037     0.00220
56185    -0.00045     0.00089     0.00231
56215    -0.00083     0.00073     0.00177
56246    -0.00142     0.00079     0.00101
56276    -0.00154     0.00076     0.00032
56307    -0.00141     0.00061    -0.00032
56338    -0.00135     0.00049    -0.00082
56366    -0.00129     0.00031    -0.00093
56397    -0.00052     0.00028    -0.00097
56427     0.00027    -0.00005    -0.00040
56458     0.00090    -0.00056     0.00042
56488     0.00048    -0.00058     0.00139
56519     0.00010    -0.00028     0.00204
56550    -0.00014    -0.00015     0.00216
56580    -0.00025    -0.00020     0.00181
56611    -0.00021    -0.00047     0.00118
56641    -0.00012    -0.00057     0.00062
56672     0.00029    -0.00045     0.00010
56703     0.00052    -0.00046    -0.00024
56731     0.00088    -0.00063    -0.00056
56762     0.00124    -0.00078    -0.00038
56792     0.00156    -0.00088    -0.00008
56823     0.00164    -0.00111     0.00058
56853     0.00155    -0.00092     0.00133
56884     0.00088    -0.00011     0.00189
56915     0.00055     0.00019     0.00175
56945     0.00033     0.00019     0.00117
56976     0.00009    -0.00001     0.00053
57006    -0.00006    -0.00034    -0.00012
57037    -0.00033    -0.00029    -0.00049
57068    -0.00042    -0.00044    -0.00103
57096    -0.00052    -0.00055    -0.00126
57127    -0.00012    -0.00057    -0.00120
57157     0.00058    -0.00097    -0.00070
57188     0.00117    -0.00124     0.00012
57218     0.00156    -0.00113     0.00085
57249     0.00112    -0.00051     0.00139
57280     0.00034    -0.00024     0.00138
57310    -0.00042    -0.00018     0.00118
57341    -0.00085    -0.00012     0.00049
57371    -0.00139    -0.00002    -0.00012
57402    -0.00103     0.00007    -0.00076
57433    -0.00091    -0.00005    -0.00126
57462    -0.00061    -0.00016    -0.00169
57493    -0.00006    -0.00016    -0.00180
57523     0.00022    -0.00028    -0.00130
57554     0.00046    -0.00038    -0.00031
