# Hydrology loading displacements computed from the monthly GLDAS NOAH model
# This is a product of the Hydrology loading service: http://lacerta.gsfc.nasa.gov/hydlo/
# Displacements are with respect to the center of mass of the total earth
#
# Created for VieVS on 17.03.2017 at 11:46:08 local time
# OFFSET + TREND REMOVED!!! - Hana 
# mjd up (meters) eastwest (meters) northsouth (meters)
43888    -0.00384     0.00038     0.00008
43919    -0.00597     0.00037    -0.00002
43947    -0.00476     0.00054    -0.00022
43978    -0.00369     0.00077    -0.00025
44008    -0.00109     0.00089     0.00018
44039     0.00140     0.00066     0.00075
44069     0.00463    -0.00040     0.00088
44100     0.00635    -0.00105     0.00078
44131     0.00648    -0.00098     0.00056
44161     0.00474    -0.00074     0.00030
44192     0.00134    -0.00014     0.00031
44222    -0.00047     0.00031     0.00058
44253    -0.00277     0.00083     0.00069
44284    -0.00355     0.00084     0.00051
44313    -0.00381     0.00059     0.00016
44344    -0.00238     0.00081     0.00021
44374    -0.00050     0.00068     0.00038
44405     0.00174     0.00021     0.00069
44435     0.00385    -0.00074     0.00112
44466     0.00563    -0.00143     0.00105
44497     0.00555    -0.00139     0.00077
44527     0.00447    -0.00081     0.00059
44558     0.00196    -0.00026     0.00033
44588     0.00020     0.00016     0.00034
44619    -0.00162     0.00043     0.00061
44650    -0.00236     0.00059     0.00071
44678    -0.00299     0.00063     0.00073
44709    -0.00222     0.00055     0.00056
44739    -0.00126     0.00068     0.00077
44770     0.00175     0.00067     0.00107
44800     0.00322    -0.00025     0.00110
44831     0.00476    -0.00116     0.00099
44862     0.00532    -0.00127     0.00082
44892     0.00309    -0.00099     0.00055
44923     0.00202    -0.00063     0.00027
44953    -0.00117    -0.00000     0.00026
44984    -0.00442     0.00046    -0.00001
45015    -0.00505     0.00043    -0.00050
45043    -0.00527     0.00042    -0.00055
45074    -0.00358     0.00082    -0.00048
45104    -0.00077     0.00080     0.00004
45135     0.00192     0.00088     0.00062
45165     0.00503     0.00056     0.00120
45196     0.00535    -0.00048     0.00110
45227     0.00543    -0.00086     0.00066
45257     0.00242    -0.00070     0.00081
45288    -0.00084    -0.00077     0.00027
45318    -0.00381    -0.00031    -0.00014
45349    -0.00416     0.00019    -0.00057
45380    -0.00483     0.00062    -0.00075
45408    -0.00437     0.00082    -0.00104
45439    -0.00316     0.00111    -0.00077
45469    -0.00117     0.00085    -0.00045
45500     0.00207     0.00056     0.00022
45530     0.00502    -0.00041     0.00044
45561     0.00678    -0.00162     0.00042
45592     0.00588    -0.00214     0.00021
45622     0.00564    -0.00187    -0.00027
45653     0.00399    -0.00123    -0.00075
45683     0.00109    -0.00049    -0.00096
45714    -0.00166    -0.00039    -0.00075
45745    -0.00348     0.00002    -0.00064
45774    -0.00295     0.00036    -0.00086
45805    -0.00213     0.00085    -0.00042
45835    -0.00034     0.00082    -0.00015
45866     0.00090     0.00042     0.00024
45896     0.00491    -0.00035     0.00030
45927     0.00683    -0.00099     0.00029
45958     0.00664    -0.00106     0.00027
45988     0.00376    -0.00066     0.00020
46019     0.00130    -0.00011    -0.00015
46049    -0.00119     0.00026    -0.00030
46080    -0.00285     0.00101    -0.00030
46111    -0.00454     0.00108    -0.00013
46139    -0.00457     0.00104    -0.00045
46170    -0.00316     0.00107     0.00005
46200    -0.00226     0.00100     0.00028
46231     0.00011     0.00074     0.00074
46261     0.00255    -0.00001     0.00114
46292     0.00463    -0.00065     0.00098
46323     0.00593    -0.00096     0.00050
46353     0.00644    -0.00079    -0.00012
46384     0.00436    -0.00025    -0.00048
46414     0.00220     0.00026    -0.00053
46445    -0.00154     0.00034    -0.00021
46476    -0.00430     0.00073    -0.00032
46504    -0.00480     0.00099    -0.00034
46535    -0.00448     0.00096     0.00009
46565    -0.00180     0.00102     0.00038
46596     0.00180     0.00118     0.00102
46626     0.00547     0.00012     0.00096
46657     0.00704    -0.00086     0.00087
46688     0.00663    -0.00081     0.00076
46718     0.00503    -0.00044     0.00050
46749     0.00295    -0.00022     0.00039
46779     0.00050     0.00019     0.00021
46810    -0.00197     0.00054     0.00016
46841    -0.00368     0.00071    -0.00019
46869    -0.00431     0.00089    -0.00041
46900    -0.00376     0.00115    -0.00013
46930    -0.00067     0.00118     0.00006
46961     0.00122     0.00090     0.00068
46991     0.00331     0.00033     0.00100
47022     0.00463    -0.00041     0.00096
47053     0.00482    -0.00089     0.00071
47083     0.00248    -0.00096     0.00044
47114     0.00040    -0.00075     0.00014
47144    -0.00194    -0.00006    -0.00002
47175    -0.00400     0.00030    -0.00023
47206    -0.00543     0.00047    -0.00020
47235    -0.00490     0.00048    -0.00001
47266    -0.00446     0.00052     0.00023
47296    -0.00338     0.00016     0.00039
47327    -0.00116    -0.00015     0.00093
47357     0.00075    -0.00095     0.00113
47388     0.00298    -0.00186     0.00088
47419     0.00366    -0.00210     0.00051
47449     0.00290    -0.00165     0.00034
47480     0.00165    -0.00089     0.00004
47510    -0.00051    -0.00015     0.00000
47541    -0.00158     0.00013    -0.00013
47572    -0.00211     0.00020    -0.00029
47600    -0.00344     0.00012    -0.00042
47631    -0.00324    -0.00004    -0.00019
47661    -0.00119    -0.00000     0.00017
47692     0.00236    -0.00011     0.00034
47722     0.00553    -0.00069     0.00070
47753     0.00676    -0.00128     0.00080
47784     0.00662    -0.00142     0.00040
47814     0.00593    -0.00131     0.00005
47845     0.00377    -0.00083    -0.00025
47875     0.00097    -0.00037    -0.00029
47906    -0.00091    -0.00005    -0.00033
47937    -0.00313     0.00017    -0.00029
47965    -0.00291     0.00025    -0.00051
47996    -0.00180     0.00025    -0.00033
48026    -0.00017     0.00033    -0.00001
48057     0.00183     0.00005     0.00021
48087     0.00437    -0.00063     0.00048
48118     0.00657    -0.00116     0.00035
48149     0.00664    -0.00127     0.00019
48179     0.00518    -0.00110    -0.00031
48210     0.00127    -0.00067    -0.00055
48240    -0.00153    -0.00015    -0.00079
48271    -0.00322     0.00002    -0.00085
48302    -0.00379    -0.00015    -0.00094
48330    -0.00506     0.00008    -0.00106
48361    -0.00416     0.00040    -0.00079
48391    -0.00304     0.00080    -0.00036
48422     0.00016     0.00040     0.00027
48452     0.00354    -0.00017     0.00057
48483     0.00495    -0.00101     0.00060
48514     0.00529    -0.00118     0.00018
48544     0.00319    -0.00092     0.00003
48575     0.00068    -0.00055    -0.00023
48605    -0.00141    -0.00025    -0.00074
48636    -0.00289     0.00029    -0.00088
48667    -0.00361     0.00079    -0.00112
48696    -0.00324     0.00121    -0.00141
48727    -0.00332     0.00141    -0.00108
48757    -0.00096     0.00128    -0.00063
48788    -0.00106     0.00112    -0.00002
48818     0.00075     0.00046     0.00027
48849     0.00319    -0.00052     0.00015
48880     0.00297    -0.00068     0.00013
48910     0.00003    -0.00063    -0.00009
48941    -0.00290    -0.00006    -0.00023
48971    -0.00374     0.00053    -0.00027
49002    -0.00349     0.00066    -0.00054
49033    -0.00350     0.00056    -0.00069
49061    -0.00361     0.00066    -0.00089
49092    -0.00317     0.00095    -0.00063
49122    -0.00281     0.00070    -0.00040
49153    -0.00036     0.00037     0.00017
49183     0.00175    -0.00015     0.00026
49214     0.00378    -0.00099     0.00011
49245     0.00314    -0.00117    -0.00008
49275    -0.00008    -0.00088     0.00004
49306    -0.00169    -0.00040    -0.00048
49336    -0.00355     0.00009    -0.00054
49367    -0.00567     0.00065    -0.00038
49398    -0.00631     0.00084    -0.00044
49426    -0.00521     0.00082    -0.00070
49457    -0.00477     0.00100    -0.00048
49487    -0.00302     0.00109    -0.00021
49518    -0.00077     0.00087     0.00032
49548     0.00246    -0.00010     0.00007
49579     0.00421    -0.00092     0.00002
49610     0.00316    -0.00102    -0.00008
49640     0.00020    -0.00055    -0.00037
49671    -0.00246    -0.00003    -0.00056
49701    -0.00385     0.00019    -0.00093
49732    -0.00594     0.00024    -0.00119
49763    -0.00673     0.00014    -0.00136
49791    -0.00668     0.00015    -0.00143
49822    -0.00465     0.00064    -0.00113
49852    -0.00312     0.00091    -0.00072
49883    -0.00069     0.00077    -0.00035
49913     0.00167    -0.00018    -0.00029
49944     0.00365    -0.00122    -0.00063
49975     0.00293    -0.00149    -0.00078
50005     0.00158    -0.00107    -0.00091
50036     0.00016    -0.00044    -0.00118
50066    -0.00325     0.00025    -0.00103
50097    -0.00672     0.00042    -0.00107
50128    -0.00838     0.00043    -0.00138
50157    -0.00833     0.00036    -0.00148
50188    -0.00741     0.00034    -0.00121
50218    -0.00628     0.00079    -0.00049
50249    -0.00329     0.00090     0.00062
50279    -0.00176     0.00112     0.00154
50310     0.00011     0.00113     0.00190
50341    -0.00023     0.00125     0.00220
50371    -0.00274     0.00130     0.00224
50402    -0.00353     0.00142     0.00186
50432    -0.00572     0.00136     0.00143
50463    -0.00634     0.00131     0.00088
50494    -0.00684     0.00123     0.00040
50522    -0.00643     0.00115     0.00001
50553    -0.00568     0.00091     0.00022
50583    -0.00530     0.00068     0.00041
50614    -0.00357     0.00063     0.00061
50644    -0.00120     0.00000     0.00046
50675     0.00036    -0.00077     0.00012
50706     0.00059    -0.00106    -0.00045
50736    -0.00104    -0.00093    -0.00088
50767    -0.00444    -0.00088    -0.00120
50797    -0.00759    -0.00065    -0.00141
50828    -0.00793    -0.00036    -0.00172
50859    -0.00751    -0.00010    -0.00222
50887    -0.00690     0.00016    -0.00243
50918    -0.00651     0.00031    -0.00217
50948    -0.00457     0.00039    -0.00203
50979    -0.00203     0.00031    -0.00157
51009     0.00062    -0.00072    -0.00148
51040     0.00246    -0.00165    -0.00139
51071     0.00194    -0.00199    -0.00141
51101    -0.00013    -0.00165    -0.00170
51132    -0.00164    -0.00090    -0.00193
51162    -0.00324    -0.00029    -0.00198
51193    -0.00496     0.00023    -0.00203
51224    -0.00570     0.00047    -0.00190
51252    -0.00525     0.00050    -0.00167
51283    -0.00355     0.00069    -0.00133
51313    -0.00238     0.00070    -0.00111
51344     0.00078     0.00047    -0.00091
51374     0.00368     0.00008    -0.00070
51405     0.00465    -0.00088    -0.00064
51436     0.00455    -0.00112    -0.00079
51466     0.00332    -0.00106    -0.00080
51497     0.00137    -0.00075    -0.00078
51527    -0.00082    -0.00018    -0.00052
51558    -0.00247     0.00050     0.00030
51589    -0.00294     0.00081     0.00071
51618    -0.00253     0.00082     0.00082
51649    -0.00222     0.00079     0.00087
51679    -0.00108     0.00017     0.00057
51710     0.00161    -0.00023     0.00016
51740     0.00426    -0.00049     0.00026
51771     0.00523    -0.00098     0.00021
51802     0.00551    -0.00094     0.00010
51832     0.00369    -0.00089    -0.00009
51863     0.00126    -0.00059     0.00009
51893    -0.00007    -0.00039     0.00042
51924    -0.00160     0.00006     0.00007
51955    -0.00249     0.00011    -0.00045
51983    -0.00286     0.00036    -0.00047
52014    -0.00231     0.00042    -0.00011
52044    -0.00070     0.00028    -0.00003
52075     0.00292     0.00010    -0.00007
52105     0.00516    -0.00052     0.00004
52136     0.00647    -0.00135    -0.00004
52167     0.00635    -0.00132    -0.00019
52197     0.00507    -0.00125    -0.00037
52228     0.00389    -0.00111    -0.00042
52258     0.00273    -0.00034    -0.00040
52289     0.00145     0.00009    -0.00025
52320     0.00044     0.00033    -0.00022
52348    -0.00016     0.00041    -0.00035
52379     0.00053     0.00086    -0.00046
52409     0.00200     0.00088    -0.00050
52440     0.00395     0.00070    -0.00021
52470     0.00624    -0.00005    -0.00009
52501     0.00649    -0.00074    -0.00005
52532     0.00568    -0.00100    -0.00020
52562     0.00410    -0.00081    -0.00054
52593     0.00166    -0.00032    -0.00033
52623    -0.00075     0.00006    -0.00020
52654    -0.00235     0.00041     0.00014
52685    -0.00363     0.00067     0.00026
52713    -0.00292     0.00091     0.00015
52744    -0.00113     0.00108     0.00017
52774     0.00127     0.00107     0.00004
52805     0.00427     0.00099     0.00011
52835     0.00656     0.00001     0.00019
52866     0.00747    -0.00089     0.00015
52897     0.00686    -0.00136    -0.00019
52927     0.00548    -0.00118    -0.00060
52958     0.00290    -0.00070    -0.00084
52988    -0.00009    -0.00016    -0.00071
53019    -0.00226     0.00038    -0.00018
53050    -0.00326     0.00075     0.00024
53079    -0.00357     0.00096     0.00028
53110    -0.00339     0.00095     0.00046
53140    -0.00227     0.00100     0.00033
53171     0.00140     0.00068     0.00014
53201     0.00439     0.00009     0.00025
53232     0.00518    -0.00076     0.00030
53263     0.00507    -0.00112    -0.00021
53293     0.00422    -0.00089    -0.00040
53324     0.00158    -0.00023    -0.00037
53354    -0.00012     0.00009    -0.00009
53385    -0.00152     0.00049     0.00012
53416    -0.00264     0.00108     0.00011
53444    -0.00295     0.00146     0.00008
53475    -0.00247     0.00152     0.00025
53505    -0.00127     0.00139     0.00044
53536     0.00183     0.00115     0.00044
53566     0.00489     0.00022     0.00036
53597     0.00587    -0.00072     0.00013
53628     0.00533    -0.00114    -0.00019
53658     0.00452    -0.00087    -0.00060
53689     0.00295    -0.00051    -0.00081
53719     0.00092     0.00053    -0.00051
53750    -0.00050     0.00119    -0.00022
53781    -0.00162     0.00146    -0.00014
53809    -0.00299     0.00150     0.00032
53840    -0.00224     0.00150     0.00075
53870    -0.00003     0.00125     0.00065
53901     0.00319     0.00076     0.00056
53931     0.00580    -0.00023     0.00044
53962     0.00627    -0.00094     0.00051
53993     0.00511    -0.00115     0.00024
54023     0.00330    -0.00063     0.00019
54054     0.00202    -0.00008     0.00019
54084     0.00042     0.00032     0.00039
54115    -0.00013     0.00078     0.00055
54146    -0.00141     0.00084     0.00065
54174    -0.00216     0.00115     0.00061
54205    -0.00147     0.00138     0.00041
54235    -0.00015     0.00116     0.00042
54266     0.00162     0.00058     0.00065
54296     0.00379    -0.00046     0.00079
54327     0.00467    -0.00128     0.00082
54358     0.00450    -0.00163     0.00046
54388     0.00370    -0.00137     0.00018
54419     0.00280    -0.00089     0.00042
54449     0.00079    -0.00014     0.00070
54480    -0.00098     0.00044     0.00098
54511    -0.00158     0.00082     0.00095
54540    -0.00201     0.00130     0.00084
54571    -0.00277     0.00126     0.00082
54601    -0.00132     0.00116     0.00074
54632    -0.00018     0.00069     0.00077
54662     0.00269    -0.00015     0.00069
54693     0.00418    -0.00104     0.00057
54724     0.00401    -0.00128     0.00019
54754     0.00310    -0.00115    -0.00016
54785     0.00024    -0.00104    -0.00034
54815    -0.00228    -0.00024    -0.00014
54846    -0.00378     0.00024    -0.00013
54877    -0.00579     0.00034     0.00011
54905    -0.00516     0.00067     0.00005
54936    -0.00436     0.00093    -0.00003
54966    -0.00275     0.00082     0.00010
54997     0.00063     0.00058     0.00031
55027     0.00346    -0.00016     0.00036
55058     0.00478    -0.00098     0.00029
55089     0.00502    -0.00139     0.00005
55119     0.00419    -0.00116    -0.00031
55150     0.00113    -0.00062    -0.00003
55180    -0.00116    -0.00016     0.00027
55211    -0.00388    -0.00001     0.00036
55242    -0.00525     0.00030     0.00012
55270    -0.00555     0.00039     0.00019
55301    -0.00413     0.00053     0.00029
55331    -0.00263     0.00051     0.00022
55362    -0.00049     0.00028     0.00033
55392     0.00270    -0.00051     0.00037
55423     0.00416    -0.00153     0.00031
55454     0.00406    -0.00209    -0.00013
55484     0.00246    -0.00204    -0.00056
55515    -0.00032    -0.00141    -0.00051
55545    -0.00288    -0.00086    -0.00043
55576    -0.00416    -0.00020    -0.00020
55607    -0.00455     0.00019    -0.00025
55635    -0.00497     0.00057    -0.00034
55666    -0.00338     0.00089    -0.00040
55696    -0.00081     0.00081    -0.00054
55727     0.00137     0.00025    -0.00035
55757     0.00351    -0.00050    -0.00012
55788     0.00424    -0.00135     0.00004
55819     0.00452    -0.00187    -0.00016
55849     0.00428    -0.00162    -0.00013
55880     0.00199    -0.00112    -0.00010
55910     0.00024    -0.00053     0.00007
55941    -0.00182     0.00003     0.00047
55972    -0.00230     0.00044     0.00044
56001    -0.00157     0.00064     0.00033
56032    -0.00138     0.00085     0.00029
56062    -0.00144     0.00076     0.00049
56093     0.00054     0.00049     0.00086
56123     0.00290    -0.00048     0.00104
56154     0.00454    -0.00157     0.00076
56185     0.00468    -0.00225     0.00031
56215     0.00291    -0.00182     0.00017
56246     0.00017    -0.00154     0.00003
56276    -0.00234    -0.00094     0.00024
56307    -0.00439    -0.00041     0.00042
56338    -0.00624    -0.00004     0.00045
56366    -0.00613     0.00036     0.00020
56397    -0.00574     0.00056     0.00044
56427    -0.00384     0.00061     0.00063
56458    -0.00232     0.00044     0.00063
56488     0.00131    -0.00043     0.00044
56519     0.00374    -0.00122     0.00020
56550     0.00443    -0.00143    -0.00004
56580     0.00375    -0.00116    -0.00016
56611     0.00186    -0.00042     0.00008
56641     0.00050     0.00015     0.00022
56672    -0.00121     0.00048     0.00063
56703    -0.00292     0.00079     0.00090
56731    -0.00269     0.00123     0.00107
56762    -0.00142     0.00133     0.00106
56792    -0.00029     0.00140     0.00118
56823     0.00200     0.00114     0.00102
56853     0.00339     0.00045     0.00101
56884     0.00371    -0.00051     0.00107
56915     0.00387    -0.00095     0.00057
56945     0.00278    -0.00073     0.00027
56976     0.00126    -0.00015     0.00021
57006    -0.00110     0.00055     0.00005
57037    -0.00238     0.00073     0.00006
57068    -0.00413     0.00112    -0.00008
57096    -0.00475     0.00137    -0.00017
57127    -0.00348     0.00143    -0.00009
57157    -0.00161     0.00154     0.00018
57188     0.00149     0.00126     0.00021
57218     0.00465     0.00063     0.00028
57249     0.00506    -0.00044     0.00014
57280     0.00446    -0.00095    -0.00010
57310     0.00343    -0.00092    -0.00050
57341     0.00215    -0.00074    -0.00092
57371     0.00098    -0.00060    -0.00107
57402    -0.00118    -0.00023    -0.00071
57433    -0.00330     0.00031    -0.00041
57462    -0.00468     0.00086    -0.00024
57493    -0.00430     0.00097    -0.00006
57523    -0.00286     0.00085    -0.00003
57554    -0.00133     0.00056     0.00036
