# Hydrology loading displacements computed from the monthly GLDAS NOAH model
# This is a product of the Hydrology loading service: http://lacerta.gsfc.nasa.gov/hydlo/
# Displacements are with respect to the center of mass of the total earth
#
# Created for VieVS on 17.03.2017 at 11:46:08 local time
# OFFSET + TREND REMOVED!!! - Hana 
# mjd up (meters) eastwest (meters) northsouth (meters)
43888    -0.00123     0.00054     0.00002
43919    -0.00338     0.00089    -0.00023
43947    -0.00398     0.00111    -0.00047
43978    -0.00334     0.00126    -0.00050
44008    -0.00070     0.00093    -0.00019
44039     0.00332     0.00033     0.00060
44069     0.00639    -0.00113     0.00126
44100     0.00752    -0.00199     0.00161
44131     0.00681    -0.00188     0.00139
44161     0.00536    -0.00157     0.00090
44192     0.00340    -0.00088     0.00057
44222     0.00060    -0.00005     0.00028
44253    -0.00149     0.00076    -0.00007
44284    -0.00306     0.00103    -0.00041
44313    -0.00419     0.00103    -0.00056
44344    -0.00356     0.00112    -0.00055
44374    -0.00074     0.00060    -0.00017
44405     0.00317    -0.00036     0.00047
44435     0.00620    -0.00169     0.00131
44466     0.00740    -0.00249     0.00179
44497     0.00673    -0.00244     0.00155
44527     0.00520    -0.00185     0.00089
44558     0.00274    -0.00103     0.00041
44588    -0.00002    -0.00022    -0.00001
44619    -0.00211     0.00021    -0.00019
44650    -0.00434     0.00081    -0.00049
44678    -0.00558     0.00119    -0.00053
44709    -0.00513     0.00123    -0.00033
44739    -0.00299     0.00113    -0.00000
44770     0.00172     0.00050     0.00037
44800     0.00520    -0.00099     0.00094
44831     0.00648    -0.00206     0.00141
44862     0.00671    -0.00228     0.00149
44892     0.00479    -0.00198     0.00077
44923     0.00306    -0.00151     0.00022
44953     0.00020    -0.00050    -0.00040
44984    -0.00279     0.00057    -0.00079
45015    -0.00523     0.00099    -0.00111
45043    -0.00614     0.00117    -0.00118
45074    -0.00545     0.00148    -0.00102
45104    -0.00254     0.00111    -0.00032
45135     0.00179     0.00078     0.00036
45165     0.00526     0.00004     0.00100
45196     0.00673    -0.00125     0.00152
45227     0.00605    -0.00162     0.00130
45257     0.00513    -0.00134     0.00118
45288     0.00246    -0.00102     0.00067
45318    -0.00056    -0.00022    -0.00005
45349    -0.00361     0.00057    -0.00077
45380    -0.00601     0.00131    -0.00122
45408    -0.00710     0.00157    -0.00173
45439    -0.00567     0.00163    -0.00168
45469    -0.00215     0.00089    -0.00108
45500     0.00243     0.00004    -0.00019
45530     0.00591    -0.00139     0.00039
45561     0.00711    -0.00257     0.00105
45592     0.00674    -0.00306     0.00091
45622     0.00488    -0.00268     0.00021
45653     0.00236    -0.00169    -0.00046
45683    -0.00074    -0.00049    -0.00099
45714    -0.00348     0.00001    -0.00132
45745    -0.00480     0.00049    -0.00163
45774    -0.00555     0.00090    -0.00180
45805    -0.00476     0.00146    -0.00134
45835    -0.00118     0.00097    -0.00070
45866     0.00391    -0.00017     0.00001
45896     0.00624    -0.00123     0.00029
45927     0.00708    -0.00201     0.00055
45958     0.00662    -0.00215     0.00047
45988     0.00519    -0.00175     0.00005
46019     0.00328    -0.00080    -0.00034
46049     0.00131    -0.00007    -0.00061
46080    -0.00075     0.00103    -0.00071
46111    -0.00279     0.00143    -0.00066
46139    -0.00382     0.00140    -0.00101
46170    -0.00297     0.00138    -0.00059
46200    -0.00104     0.00107    -0.00023
46231     0.00225     0.00032     0.00007
46261     0.00477    -0.00066     0.00084
46292     0.00563    -0.00134     0.00116
46323     0.00521    -0.00167     0.00091
46353     0.00402    -0.00138     0.00036
46384     0.00232    -0.00070    -0.00014
46414     0.00024     0.00009    -0.00033
46445    -0.00243     0.00066    -0.00049
46476    -0.00435     0.00123    -0.00081
46504    -0.00542     0.00163    -0.00080
46535    -0.00428     0.00143    -0.00050
46565    -0.00154     0.00121    -0.00020
46596     0.00292     0.00079     0.00044
46626     0.00569    -0.00061     0.00094
46657     0.00651    -0.00163     0.00133
46688     0.00616    -0.00153     0.00124
46718     0.00484    -0.00100     0.00095
46749     0.00283    -0.00054     0.00063
46779     0.00031     0.00025     0.00018
46810    -0.00131     0.00073    -0.00013
46841    -0.00373     0.00121    -0.00069
46869    -0.00508     0.00150    -0.00098
46900    -0.00435     0.00169    -0.00078
46930    -0.00207     0.00132    -0.00056
46961     0.00097     0.00067     0.00006
46991     0.00416    -0.00025     0.00045
47022     0.00527    -0.00112     0.00075
47053     0.00501    -0.00156     0.00086
47083     0.00422    -0.00162     0.00079
47114     0.00287    -0.00134     0.00036
47144     0.00048    -0.00038    -0.00012
47175    -0.00218     0.00045    -0.00053
47206    -0.00381     0.00095    -0.00060
47235    -0.00464     0.00110    -0.00040
47266    -0.00366     0.00100    -0.00024
47296    -0.00177     0.00050     0.00010
47327     0.00221    -0.00017     0.00073
47357     0.00508    -0.00123     0.00135
47388     0.00574    -0.00217     0.00174
47419     0.00508    -0.00249     0.00153
47449     0.00381    -0.00209     0.00110
47480     0.00188    -0.00114     0.00068
47510    -0.00094    -0.00013     0.00012
47541    -0.00394     0.00066    -0.00034
47572    -0.00692     0.00123    -0.00078
47600    -0.00802     0.00131    -0.00115
47631    -0.00681     0.00108    -0.00083
47661    -0.00318     0.00065    -0.00015
47692     0.00197    -0.00014     0.00038
47722     0.00568    -0.00119     0.00130
47753     0.00661    -0.00182     0.00176
47784     0.00622    -0.00198     0.00161
47814     0.00464    -0.00175     0.00124
47845     0.00246    -0.00104     0.00061
47875    -0.00076     0.00007     0.00047
47906    -0.00331     0.00085     0.00019
47937    -0.00568     0.00131    -0.00026
47965    -0.00687     0.00143    -0.00079
47996    -0.00549     0.00120    -0.00058
48026    -0.00209     0.00090     0.00002
48057     0.00191     0.00003     0.00038
48087     0.00476    -0.00101     0.00089
48118     0.00606    -0.00167     0.00121
48149     0.00577    -0.00182     0.00113
48179     0.00412    -0.00157     0.00058
48210     0.00176    -0.00092     0.00000
48240    -0.00126    -0.00006    -0.00049
48271    -0.00367     0.00052    -0.00088
48302    -0.00529     0.00070    -0.00097
48330    -0.00674     0.00118    -0.00101
48361    -0.00560     0.00138    -0.00068
48391    -0.00334     0.00141    -0.00033
48422     0.00056     0.00045     0.00023
48452     0.00399    -0.00058     0.00073
48483     0.00539    -0.00158     0.00124
48514     0.00501    -0.00167     0.00092
48544     0.00341    -0.00134     0.00043
48575     0.00152    -0.00085    -0.00018
48605    -0.00108    -0.00023    -0.00079
48636    -0.00418     0.00064    -0.00138
48667    -0.00646     0.00141    -0.00183
48696    -0.00763     0.00187    -0.00231
48727    -0.00737     0.00214    -0.00212
48757    -0.00459     0.00163    -0.00164
48788     0.00114     0.00078    -0.00059
48818     0.00428    -0.00024     0.00010
48849     0.00522    -0.00112     0.00056
48880     0.00486    -0.00117     0.00055
48910     0.00360    -0.00116     0.00024
48941     0.00103    -0.00038    -0.00027
48971    -0.00111     0.00042    -0.00072
49002    -0.00346     0.00086    -0.00104
49033    -0.00607     0.00115    -0.00132
49061    -0.00768     0.00146    -0.00152
49092    -0.00755     0.00173    -0.00150
49122    -0.00482     0.00129    -0.00086
49153    -0.00076     0.00064    -0.00027
49183     0.00286    -0.00048     0.00010
49214     0.00399    -0.00149     0.00045
49245     0.00382    -0.00172     0.00046
49275     0.00241    -0.00141     0.00011
49306     0.00061    -0.00070    -0.00031
49336    -0.00143     0.00005    -0.00070
49367    -0.00427     0.00114    -0.00096
49398    -0.00608     0.00170    -0.00107
49426    -0.00716     0.00182    -0.00138
49457    -0.00602     0.00180    -0.00115
49487    -0.00336     0.00161    -0.00063
49518    -0.00024     0.00102    -0.00020
49548     0.00246    -0.00021     0.00037
49579     0.00413    -0.00114     0.00114
49610     0.00375    -0.00144     0.00111
49640     0.00201    -0.00079     0.00066
49671    -0.00017     0.00001     0.00028
49701    -0.00293     0.00055    -0.00036
49732    -0.00555     0.00097    -0.00092
49763    -0.00794     0.00118    -0.00137
49791    -0.00903     0.00145    -0.00147
49822    -0.00818     0.00170    -0.00133
49852    -0.00544     0.00156    -0.00091
49883    -0.00094     0.00084    -0.00032
49913     0.00200    -0.00035     0.00025
49944     0.00312    -0.00143     0.00083
49975     0.00281    -0.00184     0.00076
50005     0.00137    -0.00141     0.00035
50036    -0.00136    -0.00045    -0.00033
50066    -0.00341     0.00060    -0.00055
50097    -0.00584     0.00129    -0.00072
50128    -0.00808     0.00171    -0.00096
50157    -0.00967     0.00184    -0.00115
50188    -0.00925     0.00186    -0.00097
50218    -0.00670     0.00192    -0.00076
50249    -0.00100     0.00151     0.00037
50279     0.00277     0.00127     0.00091
50310     0.00475     0.00103     0.00122
50341     0.00500     0.00109     0.00137
50371     0.00387     0.00122     0.00119
50402     0.00221     0.00152     0.00092
50432    -0.00009     0.00173     0.00061
50463    -0.00306     0.00206     0.00019
50494    -0.00654     0.00236    -0.00048
50522    -0.00882     0.00265    -0.00070
50553    -0.00902     0.00251    -0.00043
50583    -0.00646     0.00196     0.00006
50614    -0.00158     0.00137     0.00061
50644     0.00139     0.00020     0.00079
50675     0.00287    -0.00087     0.00089
50706     0.00207    -0.00116     0.00053
50736    -0.00009    -0.00082     0.00017
50767    -0.00214    -0.00039     0.00000
50797    -0.00413     0.00017    -0.00003
50828    -0.00625     0.00072    -0.00040
50859    -0.00852     0.00131    -0.00112
50887    -0.01058     0.00180    -0.00175
50918    -0.00998     0.00191    -0.00176
50948    -0.00594     0.00135    -0.00130
50979    -0.00249     0.00076    -0.00103
51009     0.00016    -0.00063    -0.00051
51040     0.00148    -0.00164     0.00016
51071     0.00137    -0.00203     0.00038
51101    -0.00018    -0.00164    -0.00011
51132    -0.00171    -0.00077    -0.00071
51162    -0.00355     0.00008    -0.00104
51193    -0.00534     0.00088    -0.00125
51224    -0.00681     0.00132    -0.00147
51252    -0.00708     0.00145    -0.00136
51283    -0.00551     0.00141    -0.00103
51313    -0.00308     0.00109    -0.00079
51344     0.00016     0.00031    -0.00056
51374     0.00247    -0.00033    -0.00004
51405     0.00341    -0.00120     0.00066
51436     0.00362    -0.00147     0.00080
51466     0.00263    -0.00134     0.00060
51497     0.00111    -0.00093     0.00027
51527    -0.00056    -0.00019     0.00003
51558    -0.00226     0.00096     0.00037
51589    -0.00435     0.00164     0.00025
51618    -0.00557     0.00183     0.00004
51649    -0.00571     0.00195     0.00017
51679    -0.00366     0.00119     0.00047
51710    -0.00025     0.00035     0.00054
51740     0.00260    -0.00042     0.00072
51771     0.00414    -0.00131     0.00092
51802     0.00398    -0.00129     0.00099
51832     0.00326    -0.00117     0.00091
51863     0.00205    -0.00049     0.00069
51893     0.00087     0.00003     0.00084
51924    -0.00074     0.00063     0.00037
51955    -0.00233     0.00073    -0.00029
51983    -0.00343     0.00104    -0.00058
52014    -0.00319     0.00103    -0.00037
52044    -0.00102     0.00054    -0.00022
52075     0.00100     0.00004    -0.00006
52105     0.00289    -0.00081     0.00026
52136     0.00380    -0.00172     0.00050
52167     0.00405    -0.00187     0.00044
52197     0.00297    -0.00179     0.00018
52228     0.00131    -0.00143     0.00004
52258     0.00005    -0.00055    -0.00016
52289    -0.00165     0.00020    -0.00023
52320    -0.00306     0.00064    -0.00055
52348    -0.00409     0.00085    -0.00086
52379    -0.00326     0.00119    -0.00074
52409    -0.00089     0.00080    -0.00062
52440     0.00237     0.00034    -0.00020
52470     0.00450    -0.00061     0.00016
52501     0.00567    -0.00149     0.00068
52532     0.00508    -0.00169     0.00075
52562     0.00362    -0.00141     0.00052
52593     0.00197    -0.00075     0.00034
52623     0.00084    -0.00018     0.00018
52654    -0.00049     0.00042     0.00013
52685    -0.00160     0.00088    -0.00004
52713    -0.00203     0.00122    -0.00014
52744    -0.00169     0.00136    -0.00001
52774    -0.00014     0.00121    -0.00012
52805     0.00216     0.00089     0.00008
52835     0.00453    -0.00035     0.00062
52866     0.00541    -0.00130     0.00102
52897     0.00493    -0.00174     0.00094
52927     0.00348    -0.00149     0.00043
52958     0.00164    -0.00084    -0.00004
52988     0.00003    -0.00028    -0.00033
53019    -0.00140     0.00047    -0.00043
53050    -0.00241     0.00099    -0.00042
53079    -0.00308     0.00127    -0.00052
53110    -0.00273     0.00130    -0.00018
53140    -0.00099     0.00103    -0.00021
53171     0.00101     0.00046    -0.00017
53201     0.00297    -0.00026     0.00017
53232     0.00438    -0.00124     0.00069
53263     0.00366    -0.00157     0.00040
53293     0.00260    -0.00127     0.00012
53324     0.00106    -0.00051    -0.00017
53354    -0.00048     0.00008    -0.00005
53385    -0.00207     0.00066    -0.00032
53416    -0.00321     0.00127    -0.00066
53444    -0.00379     0.00169    -0.00075
53475    -0.00329     0.00163    -0.00075
53505    -0.00219     0.00133    -0.00060
53536     0.00049     0.00083    -0.00031
53566     0.00360    -0.00036     0.00031
53597     0.00468    -0.00152     0.00052
53628     0.00448    -0.00205     0.00045
53658     0.00390    -0.00181     0.00016
53689     0.00277    -0.00133    -0.00022
53719     0.00143    -0.00007    -0.00039
53750     0.00046     0.00079    -0.00043
53781    -0.00076     0.00117    -0.00048
53809    -0.00149     0.00140    -0.00029
53840    -0.00105     0.00142    -0.00003
53870     0.00080     0.00092     0.00011
53901     0.00263     0.00019     0.00013
53931     0.00512    -0.00097     0.00054
53962     0.00649    -0.00184     0.00118
53993     0.00578    -0.00206     0.00099
54023     0.00425    -0.00141     0.00056
54054     0.00246    -0.00049     0.00041
54084     0.00068     0.00023     0.00012
54115    -0.00096     0.00085    -0.00021
54146    -0.00245     0.00111    -0.00034
54174    -0.00287     0.00137    -0.00062
54205    -0.00216     0.00157    -0.00057
54235    -0.00084     0.00129    -0.00029
54266     0.00186     0.00047     0.00019
54296     0.00380    -0.00078     0.00062
54327     0.00453    -0.00165     0.00119
54358     0.00390    -0.00201     0.00115
54388     0.00293    -0.00173     0.00078
54419     0.00186    -0.00116     0.00086
54449     0.00010    -0.00028     0.00063
54480    -0.00111     0.00058     0.00062
54511    -0.00255     0.00117     0.00025
54540    -0.00374     0.00180    -0.00016
54571    -0.00377     0.00179    -0.00025
54601    -0.00173     0.00146    -0.00012
54632     0.00082     0.00073     0.00016
54662     0.00308    -0.00030     0.00062
54693     0.00410    -0.00126     0.00113
54724     0.00364    -0.00151     0.00100
54754     0.00236    -0.00140     0.00060
54785     0.00098    -0.00119     0.00023
54815    -0.00051    -0.00018    -0.00002
54846    -0.00214     0.00052    -0.00024
54877    -0.00326     0.00090    -0.00015
54905    -0.00417     0.00126    -0.00033
54936    -0.00384     0.00144    -0.00034
54966    -0.00194     0.00113    -0.00014
54997     0.00083     0.00056     0.00010
55027     0.00355    -0.00053     0.00061
55058     0.00454    -0.00142     0.00104
55089     0.00398    -0.00174     0.00103
55119     0.00268    -0.00146     0.00059
55150     0.00133    -0.00068     0.00061
55180    -0.00026     0.00011     0.00052
55211    -0.00168     0.00054     0.00045
55242    -0.00296     0.00085    -0.00009
55270    -0.00403     0.00107    -0.00014
55301    -0.00334     0.00107    -0.00008
55331    -0.00165     0.00074     0.00002
55362     0.00045     0.00018     0.00015
55392     0.00269    -0.00075     0.00055
55423     0.00430    -0.00196     0.00114
55454     0.00386    -0.00258     0.00104
55484     0.00225    -0.00248     0.00051
55515     0.00025    -0.00163     0.00007
55545    -0.00151    -0.00079    -0.00020
55576    -0.00302     0.00010    -0.00044
55607    -0.00462     0.00070    -0.00079
55635    -0.00548     0.00122    -0.00098
55666    -0.00500     0.00145    -0.00101
55696    -0.00288     0.00119    -0.00073
55727     0.00081     0.00011    -0.00029
55757     0.00358    -0.00105     0.00011
55788     0.00458    -0.00207     0.00050
55819     0.00393    -0.00247     0.00048
55849     0.00248    -0.00193     0.00047
55880     0.00125    -0.00122     0.00041
55910    -0.00005    -0.00047     0.00008
55941    -0.00167     0.00019    -0.00021
55972    -0.00243     0.00062    -0.00046
56001    -0.00319     0.00083    -0.00084
56032    -0.00325     0.00107    -0.00092
56062    -0.00192     0.00080    -0.00074
56093     0.00061     0.00016    -0.00038
56123     0.00278    -0.00092     0.00027
56154     0.00414    -0.00204     0.00088
56185     0.00363    -0.00266     0.00095
56215     0.00210    -0.00205     0.00056
56246    -0.00002    -0.00149     0.00026
56276    -0.00139    -0.00078     0.00005
56307    -0.00284    -0.00000    -0.00027
56338    -0.00429     0.00061    -0.00060
56366    -0.00524     0.00107    -0.00090
56397    -0.00467     0.00120    -0.00064
56427    -0.00193     0.00085    -0.00024
56458     0.00107     0.00023    -0.00016
56488     0.00381    -0.00098     0.00023
56519     0.00563    -0.00198     0.00074
56550     0.00590    -0.00228     0.00080
56580     0.00490    -0.00200     0.00048
56611     0.00362    -0.00113     0.00019
56641     0.00236    -0.00041     0.00004
56672     0.00144     0.00017     0.00014
56703     0.00095     0.00059     0.00016
56731     0.00067     0.00114     0.00023
56762     0.00101     0.00125     0.00025
56792     0.00201     0.00111     0.00042
56823     0.00368     0.00066     0.00046
56853     0.00546    -0.00032     0.00074
56884     0.00640    -0.00145     0.00129
56915     0.00575    -0.00185     0.00125
56945     0.00433    -0.00155     0.00097
56976     0.00266    -0.00086     0.00054
57006     0.00118    -0.00001     0.00011
57037    -0.00068     0.00036    -0.00036
57068    -0.00238     0.00100    -0.00080
57096    -0.00300     0.00139    -0.00096
57127    -0.00283     0.00141    -0.00086
57157    -0.00132     0.00136    -0.00080
57188     0.00117     0.00089    -0.00050
57218     0.00338     0.00020     0.00001
57249     0.00425    -0.00082     0.00047
57280     0.00394    -0.00136     0.00049
57310     0.00228    -0.00127     0.00005
57341     0.00058    -0.00093    -0.00035
57371    -0.00149    -0.00061    -0.00081
57402    -0.00292     0.00008    -0.00089
57433    -0.00444     0.00082    -0.00120
57462    -0.00513     0.00148    -0.00123
57493    -0.00447     0.00155    -0.00092
57523    -0.00255     0.00112    -0.00062
57554     0.00030     0.00041    -0.00023
