# Hydrology loading displacements computed from the monthly GLDAS NOAH model
# This is a product of the Hydrology loading service: http://lacerta.gsfc.nasa.gov/hydlo/
# Displacements are with respect to the center of mass of the total earth
#
# Created for VieVS on 17.03.2017 at 11:46:08 local time
# OFFSET + TREND REMOVED!!! - Hana 
# mjd up (meters) eastwest (meters) northsouth (meters)
43888    -0.00256     0.00048    -0.00002
43919    -0.00519     0.00077    -0.00009
43947    -0.00525     0.00066    -0.00010
43978    -0.00411     0.00074    -0.00018
44008    -0.00133     0.00067     0.00012
44039     0.00367     0.00038     0.00052
44069     0.00697    -0.00079     0.00087
44100     0.00695    -0.00157     0.00089
44131     0.00649    -0.00150     0.00077
44161     0.00551    -0.00124     0.00042
44192     0.00271    -0.00064     0.00003
44222    -0.00018     0.00001     0.00019
44253    -0.00247     0.00069     0.00011
44284    -0.00432     0.00086    -0.00008
44313    -0.00518     0.00070    -0.00003
44344    -0.00389     0.00068     0.00005
44374    -0.00019     0.00045     0.00017
44405     0.00330    -0.00013     0.00034
44435     0.00601    -0.00120     0.00057
44466     0.00726    -0.00194     0.00079
44497     0.00607    -0.00191     0.00064
44527     0.00431    -0.00134     0.00021
44558     0.00187    -0.00066    -0.00008
44588    -0.00091    -0.00016    -0.00007
44619    -0.00372    -0.00003     0.00016
44650    -0.00561     0.00026     0.00050
44678    -0.00695     0.00051     0.00067
44709    -0.00520     0.00033     0.00074
44739    -0.00220     0.00042     0.00073
44770     0.00278     0.00033     0.00043
44800     0.00522    -0.00072     0.00056
44831     0.00700    -0.00169     0.00087
44862     0.00730    -0.00181     0.00079
44892     0.00456    -0.00159     0.00004
44923     0.00207    -0.00107    -0.00038
44953    -0.00157    -0.00017    -0.00061
44984    -0.00493     0.00071    -0.00071
45015    -0.00688     0.00081    -0.00060
45043    -0.00706     0.00066    -0.00049
45074    -0.00506     0.00081    -0.00033
45104    -0.00209     0.00064     0.00013
45135     0.00315     0.00067     0.00056
45165     0.00636     0.00024     0.00091
45196     0.00815    -0.00096     0.00106
45227     0.00680    -0.00136     0.00085
45257     0.00499    -0.00104     0.00052
45288     0.00251    -0.00091     0.00012
45318    -0.00118    -0.00031    -0.00035
45349    -0.00481     0.00018    -0.00056
45380    -0.00735     0.00068    -0.00053
45408    -0.00781     0.00073    -0.00071
45439    -0.00622     0.00078    -0.00081
45469    -0.00217     0.00044    -0.00085
45500     0.00327     0.00014    -0.00040
45530     0.00762    -0.00093    -0.00003
45561     0.00946    -0.00217     0.00054
45592     0.00810    -0.00265     0.00037
45622     0.00547    -0.00239    -0.00017
45653     0.00372    -0.00171    -0.00046
45683     0.00080    -0.00071    -0.00071
45714    -0.00304    -0.00042    -0.00070
45745    -0.00504    -0.00000    -0.00082
45774    -0.00551     0.00028    -0.00070
45805    -0.00399     0.00070    -0.00030
45835    -0.00023     0.00052    -0.00025
45866     0.00360     0.00018    -0.00043
45896     0.00677    -0.00062    -0.00026
45927     0.00788    -0.00146     0.00000
45958     0.00731    -0.00158    -0.00002
45988     0.00385    -0.00110    -0.00048
46019     0.00270    -0.00034    -0.00073
46049     0.00054     0.00023    -0.00090
46080    -0.00170     0.00116    -0.00077
46111    -0.00481     0.00145    -0.00051
46139    -0.00626     0.00126    -0.00068
46170    -0.00480     0.00104    -0.00024
46200    -0.00185     0.00096    -0.00012
46231     0.00176     0.00062     0.00004
46261     0.00395    -0.00019     0.00055
46292     0.00452    -0.00085     0.00072
46323     0.00440    -0.00123     0.00046
46353     0.00438    -0.00102     0.00005
46384     0.00280    -0.00038    -0.00035
46414    -0.00041     0.00030    -0.00051
46445    -0.00395     0.00069    -0.00050
46476    -0.00619     0.00118    -0.00064
46504    -0.00671     0.00136    -0.00046
46535    -0.00525     0.00110    -0.00027
46565    -0.00203     0.00116    -0.00013
46596     0.00249     0.00105     0.00022
46626     0.00676    -0.00019     0.00058
46657     0.00649    -0.00124     0.00080
46688     0.00546    -0.00098     0.00070
46718     0.00502    -0.00058     0.00060
46749     0.00256    -0.00032     0.00031
46779    -0.00048     0.00021     0.00017
46810    -0.00296     0.00069    -0.00007
46841    -0.00528     0.00100    -0.00013
46869    -0.00667     0.00114    -0.00027
46900    -0.00532     0.00122    -0.00020
46930    -0.00248     0.00121    -0.00007
46961     0.00046     0.00084     0.00019
46991     0.00477     0.00014     0.00031
47022     0.00522    -0.00058     0.00042
47053     0.00447    -0.00111     0.00040
47083     0.00317    -0.00121     0.00015
47114     0.00204    -0.00093    -0.00029
47144    -0.00028    -0.00004    -0.00036
47175    -0.00347     0.00059    -0.00045
47206    -0.00668     0.00095    -0.00035
47235    -0.00843     0.00102     0.00011
47266    -0.00670     0.00081     0.00031
47296    -0.00263     0.00039     0.00049
47327     0.00298     0.00006     0.00065
47357     0.00547    -0.00093     0.00073
47388     0.00557    -0.00189     0.00094
47419     0.00434    -0.00218     0.00077
47449     0.00361    -0.00183     0.00042
47480     0.00234    -0.00100     0.00016
47510    -0.00038    -0.00016    -0.00009
47541    -0.00331     0.00030     0.00010
47572    -0.00525     0.00036     0.00032
47600    -0.00663     0.00026     0.00004
47631    -0.00549     0.00004     0.00023
47661    -0.00228    -0.00007     0.00057
47692     0.00260    -0.00022     0.00064
47722     0.00706    -0.00094     0.00097
47753     0.00680    -0.00157     0.00134
47784     0.00712    -0.00174     0.00113
47814     0.00572    -0.00156     0.00078
47845     0.00308    -0.00086     0.00020
47875     0.00063     0.00002     0.00047
47906    -0.00227     0.00058     0.00047
47937    -0.00521     0.00077     0.00024
47965    -0.00610     0.00064     0.00006
47996    -0.00477     0.00038     0.00030
48026    -0.00077     0.00036     0.00052
48057     0.00312    -0.00006     0.00045
48087     0.00520    -0.00079     0.00061
48118     0.00708    -0.00125     0.00090
48149     0.00574    -0.00125     0.00071
48179     0.00422    -0.00107     0.00011
48210     0.00171    -0.00052    -0.00049
48240    -0.00103     0.00008    -0.00072
48271    -0.00413     0.00041    -0.00086
48302    -0.00515     0.00041    -0.00065
48330    -0.00647     0.00068    -0.00059
48361    -0.00501     0.00095    -0.00041
48391    -0.00246     0.00123    -0.00014
48422     0.00042     0.00063     0.00033
48452     0.00373    -0.00011     0.00050
48483     0.00552    -0.00110     0.00072
48514     0.00589    -0.00125     0.00051
48544     0.00363    -0.00096     0.00003
48575     0.00141    -0.00057    -0.00059
48605    -0.00054    -0.00018    -0.00088
48636    -0.00360     0.00033    -0.00089
48667    -0.00526     0.00085    -0.00097
48696    -0.00597     0.00119    -0.00122
48727    -0.00567     0.00145    -0.00098
48757    -0.00319     0.00115    -0.00061
48788     0.00215     0.00092    -0.00026
48818     0.00548     0.00013     0.00008
48849     0.00595    -0.00091     0.00043
48880     0.00491    -0.00092     0.00021
48910     0.00396    -0.00082    -0.00018
48941     0.00020    -0.00007    -0.00068
48971    -0.00234     0.00049    -0.00070
49002    -0.00376     0.00057    -0.00061
49033    -0.00579     0.00050    -0.00040
49061    -0.00686     0.00060    -0.00039
49092    -0.00606     0.00081    -0.00034
49122    -0.00270     0.00060    -0.00014
49153     0.00175     0.00039     0.00005
49183     0.00436    -0.00025     0.00000
49214     0.00369    -0.00105     0.00012
49245     0.00367    -0.00116    -0.00009
49275     0.00178    -0.00094    -0.00051
49306     0.00061    -0.00040    -0.00085
49336    -0.00231     0.00018    -0.00110
49367    -0.00587     0.00111    -0.00102
49398    -0.00828     0.00147    -0.00083
49426    -0.00868     0.00139    -0.00087
49457    -0.00626     0.00134    -0.00089
49487    -0.00311     0.00152    -0.00047
49518    -0.00038     0.00122     0.00003
49548     0.00338    -0.00000     0.00037
49579     0.00516    -0.00100     0.00064
49610     0.00359    -0.00120     0.00025
49640     0.00214    -0.00056     0.00005
49671     0.00003     0.00017    -0.00029
49701    -0.00286     0.00057    -0.00066
49732    -0.00612     0.00081    -0.00098
49763    -0.00928     0.00083    -0.00107
49791    -0.01026     0.00092    -0.00090
49822    -0.00847     0.00112    -0.00058
49852    -0.00511     0.00130    -0.00032
49883    -0.00121     0.00101    -0.00027
49913     0.00276    -0.00014    -0.00007
49944     0.00422    -0.00121     0.00026
49975     0.00343    -0.00152    -0.00006
50005     0.00167    -0.00119    -0.00038
50036     0.00001    -0.00040    -0.00076
50066    -0.00174     0.00054    -0.00069
50097    -0.00398     0.00108    -0.00069
50128    -0.00588     0.00139    -0.00070
50157    -0.00686     0.00137    -0.00064
50188    -0.00582     0.00136    -0.00041
50218    -0.00300     0.00162    -0.00019
50249     0.00071     0.00148     0.00051
50279     0.00386     0.00145     0.00094
50310     0.00648     0.00133     0.00129
50341     0.00711     0.00142     0.00144
50371     0.00585     0.00150     0.00128
50402     0.00405     0.00176     0.00102
50432     0.00200     0.00185     0.00075
50463    -0.00051     0.00197     0.00070
50494    -0.00393     0.00195     0.00042
50522    -0.00572     0.00187     0.00043
50553    -0.00553     0.00160     0.00093
50583    -0.00405     0.00142     0.00081
50614    -0.00116     0.00128     0.00064
50644     0.00140     0.00039     0.00046
50675     0.00295    -0.00053     0.00021
50706     0.00194    -0.00086    -0.00015
50736    -0.00048    -0.00054    -0.00052
50767    -0.00280    -0.00016    -0.00081
50797    -0.00519     0.00025    -0.00085
50828    -0.00719     0.00065    -0.00097
50859    -0.00869     0.00097    -0.00108
50887    -0.01001     0.00119    -0.00122
50918    -0.00933     0.00122    -0.00128
50948    -0.00543     0.00110    -0.00126
50979    -0.00206     0.00082    -0.00107
51009    -0.00014    -0.00036    -0.00087
51040     0.00123    -0.00131    -0.00039
51071     0.00103    -0.00170    -0.00050
51101    -0.00019    -0.00138    -0.00107
51132    -0.00180    -0.00054    -0.00159
51162    -0.00319     0.00021    -0.00161
51193    -0.00532     0.00090    -0.00167
51224    -0.00716     0.00122    -0.00145
51252    -0.00809     0.00134    -0.00122
51283    -0.00570     0.00127    -0.00103
51313    -0.00283     0.00121    -0.00091
51344     0.00021     0.00067    -0.00077
51374     0.00296    -0.00002    -0.00039
51405     0.00490    -0.00100     0.00005
51436     0.00469    -0.00123     0.00008
51466     0.00263    -0.00106    -0.00023
51497     0.00142    -0.00075    -0.00028
51527    -0.00105    -0.00003    -0.00036
51558    -0.00356     0.00094     0.00036
51589    -0.00550     0.00135     0.00077
51618    -0.00677     0.00134     0.00089
51649    -0.00591     0.00124     0.00106
51679    -0.00241     0.00061     0.00114
51710     0.00086     0.00005     0.00096
51740     0.00250    -0.00026     0.00075
51771     0.00397    -0.00093     0.00053
51802     0.00431    -0.00100     0.00049
51832     0.00300    -0.00093     0.00014
51863     0.00062    -0.00020    -0.00001
51893    -0.00032     0.00021     0.00043
51924    -0.00179     0.00074     0.00016
51955    -0.00357     0.00080    -0.00029
51983    -0.00483     0.00105    -0.00035
52014    -0.00419     0.00096    -0.00016
52044    -0.00181     0.00071    -0.00017
52075     0.00078     0.00026     0.00015
52105     0.00368    -0.00064     0.00037
52136     0.00511    -0.00154     0.00048
52167     0.00423    -0.00143     0.00019
52197     0.00292    -0.00143    -0.00023
52228     0.00141    -0.00114    -0.00016
52258    -0.00021    -0.00032    -0.00022
52289    -0.00193     0.00035    -0.00003
52320    -0.00436     0.00069    -0.00018
52348    -0.00550     0.00077    -0.00023
52379    -0.00377     0.00111    -0.00011
52409    -0.00070     0.00094    -0.00022
52440     0.00350     0.00053    -0.00023
52470     0.00558    -0.00035    -0.00008
52501     0.00726    -0.00125     0.00008
52532     0.00754    -0.00160     0.00018
52562     0.00562    -0.00133    -0.00004
52593     0.00260    -0.00071    -0.00027
52623     0.00074    -0.00012    -0.00040
52654    -0.00110     0.00037    -0.00018
52685    -0.00287     0.00073    -0.00011
52713    -0.00267     0.00099    -0.00004
52744    -0.00151     0.00110     0.00027
52774    -0.00005     0.00098     0.00016
52805     0.00295     0.00084     0.00042
52835     0.00571    -0.00017     0.00053
52866     0.00725    -0.00112     0.00078
52897     0.00698    -0.00155     0.00071
52927     0.00539    -0.00134     0.00032
52958     0.00307    -0.00069    -0.00011
52988     0.00062    -0.00021    -0.00021
53019    -0.00164     0.00043    -0.00014
53050    -0.00312     0.00086    -0.00000
53079    -0.00361     0.00108     0.00009
53110    -0.00326     0.00102     0.00037
53140    -0.00123     0.00082     0.00024
53171     0.00214     0.00029     0.00024
53201     0.00445    -0.00024     0.00033
53232     0.00612    -0.00107     0.00037
53263     0.00482    -0.00145     0.00009
53293     0.00314    -0.00115    -0.00022
53324     0.00127    -0.00042    -0.00040
53354    -0.00101    -0.00000    -0.00002
53385    -0.00342     0.00039     0.00005
53416    -0.00478     0.00092     0.00006
53444    -0.00548     0.00132     0.00004
53475    -0.00468     0.00122     0.00007
53505    -0.00340     0.00096     0.00023
53536    -0.00017     0.00067     0.00023
53566     0.00481    -0.00012     0.00028
53597     0.00556    -0.00108     0.00022
53628     0.00565    -0.00168     0.00017
53658     0.00495    -0.00148    -0.00022
53689     0.00294    -0.00111    -0.00060
53719     0.00139     0.00013    -0.00050
53750    -0.00007     0.00095    -0.00033
53781    -0.00188     0.00119    -0.00018
53809    -0.00274     0.00135     0.00002
53840    -0.00223     0.00133     0.00029
53870    -0.00026     0.00100     0.00017
53901     0.00279     0.00043     0.00019
53931     0.00689    -0.00076     0.00035
53962     0.00781    -0.00158     0.00052
53993     0.00643    -0.00180     0.00029
54023     0.00444    -0.00120     0.00010
54054     0.00128    -0.00028     0.00011
54084    -0.00039     0.00028     0.00015
54115    -0.00177     0.00073     0.00017
54146    -0.00347     0.00087     0.00029
54174    -0.00420     0.00106     0.00008
54205    -0.00280     0.00132     0.00022
54235    -0.00049     0.00123     0.00045
54266     0.00328     0.00050     0.00040
54296     0.00481    -0.00082     0.00026
54327     0.00549    -0.00173     0.00063
54358     0.00507    -0.00205     0.00058
54388     0.00403    -0.00171     0.00028
54419     0.00234    -0.00115     0.00050
54449    -0.00050    -0.00031     0.00044
54480    -0.00282     0.00037     0.00059
54511    -0.00510     0.00077     0.00059
54540    -0.00652     0.00126     0.00055
54571    -0.00629     0.00118     0.00045
54601    -0.00204     0.00116     0.00038
54632     0.00266     0.00066     0.00046
54662     0.00520    -0.00031     0.00059
54693     0.00542    -0.00123     0.00068
54724     0.00439    -0.00141     0.00043
54754     0.00235    -0.00123     0.00008
54785     0.00072    -0.00108    -0.00026
54815    -0.00145    -0.00011    -0.00023
54846    -0.00297     0.00042    -0.00013
54877    -0.00497     0.00071     0.00007
54905    -0.00632     0.00100     0.00005
54936    -0.00507     0.00119     0.00005
54966    -0.00190     0.00106     0.00010
54997     0.00176     0.00072     0.00019
55027     0.00415    -0.00019     0.00025
55058     0.00408    -0.00111     0.00048
55089     0.00385    -0.00153     0.00057
55119     0.00296    -0.00122     0.00023
55150     0.00057    -0.00048     0.00016
55180    -0.00194     0.00017     0.00029
55211    -0.00363     0.00056     0.00034
55242    -0.00508     0.00090    -0.00001
55270    -0.00606     0.00105     0.00017
55301    -0.00496     0.00096     0.00021
55331    -0.00308     0.00084     0.00027
55362    -0.00012     0.00044     0.00035
55392     0.00355    -0.00056     0.00058
55423     0.00471    -0.00175     0.00062
55454     0.00367    -0.00236     0.00024
55484     0.00206    -0.00233    -0.00024
55515     0.00025    -0.00153    -0.00051
55545    -0.00155    -0.00068    -0.00068
55576    -0.00390     0.00019    -0.00064
55607    -0.00583     0.00071    -0.00060
55635    -0.00628     0.00109    -0.00049
55666    -0.00433     0.00129    -0.00043
55696    -0.00143     0.00118    -0.00030
55727     0.00118     0.00020    -0.00016
55757     0.00372    -0.00088    -0.00020
55788     0.00431    -0.00185    -0.00005
55819     0.00304    -0.00228    -0.00006
55849     0.00254    -0.00181     0.00018
55880     0.00181    -0.00121     0.00019
55910    -0.00015    -0.00056     0.00002
55941    -0.00273     0.00001     0.00005
55972    -0.00373     0.00041     0.00001
56001    -0.00375     0.00051    -0.00004
56032    -0.00315     0.00074    -0.00004
56062    -0.00196     0.00064    -0.00001
56093     0.00122     0.00026     0.00019
56123     0.00350    -0.00082     0.00043
56154     0.00466    -0.00191     0.00061
56185     0.00430    -0.00254     0.00056
56215     0.00226    -0.00193     0.00025
56246    -0.00048    -0.00154     0.00006
56276    -0.00219    -0.00085    -0.00001
56307    -0.00402    -0.00017    -0.00008
56338    -0.00550     0.00036    -0.00018
56366    -0.00583     0.00072    -0.00020
56397    -0.00456     0.00085    -0.00004
56427    -0.00211     0.00065     0.00002
56458     0.00040     0.00024    -0.00014
56488     0.00400    -0.00078     0.00003
56519     0.00651    -0.00170     0.00027
56550     0.00702    -0.00195     0.00021
56580     0.00602    -0.00171    -0.00003
56611     0.00421    -0.00090    -0.00018
56641     0.00281    -0.00027    -0.00009
56672     0.00093     0.00015     0.00005
56703    -0.00032     0.00051     0.00008
56731    -0.00051     0.00096     0.00023
56762     0.00056     0.00113     0.00036
56792     0.00169     0.00113     0.00051
56823     0.00410     0.00084     0.00058
56853     0.00659    -0.00008     0.00059
56884     0.00758    -0.00128     0.00079
56915     0.00699    -0.00172     0.00057
56945     0.00461    -0.00145     0.00029
56976     0.00187    -0.00077    -0.00009
57006     0.00028     0.00000    -0.00030
57037    -0.00221     0.00022    -0.00048
57068    -0.00440     0.00077    -0.00068
57096    -0.00470     0.00101    -0.00069
57127    -0.00387     0.00109    -0.00048
57157    -0.00218     0.00125    -0.00033
57188     0.00105     0.00099    -0.00002
57218     0.00424     0.00046     0.00035
57249     0.00518    -0.00060     0.00046
57280     0.00399    -0.00120     0.00013
57310     0.00287    -0.00113    -0.00018
57341     0.00126    -0.00087    -0.00056
57371    -0.00150    -0.00067    -0.00081
57402    -0.00329    -0.00009    -0.00071
57433    -0.00531     0.00051    -0.00076
57462    -0.00608     0.00110    -0.00065
57493    -0.00516     0.00123    -0.00044
57523    -0.00318     0.00102    -0.00027
57554     0.00055     0.00053    -0.00011
