# Hydrology loading displacements computed from the monthly GLDAS NOAH model
# This is a product of the Hydrology loading service: http://lacerta.gsfc.nasa.gov/hydlo/
# Displacements are with respect to the center of mass of the total earth
#
# Created for VieVS on 17.03.2017 at 11:46:08 local time
# OFFSET + TREND REMOVED!!! - Hana 
# mjd up (meters) eastwest (meters) northsouth (meters)
43888    -0.00208     0.00073    -0.00069
43919    -0.00303     0.00087    -0.00078
43947    -0.00312     0.00061    -0.00069
43978    -0.00221     0.00042    -0.00075
44008    -0.00032     0.00018    -0.00049
44039     0.00139     0.00002     0.00005
44069     0.00122    -0.00005     0.00067
44100     0.00104     0.00005     0.00077
44131     0.00115     0.00013     0.00063
44161     0.00077    -0.00015     0.00048
44192     0.00020     0.00004     0.00018
44222    -0.00033     0.00043    -0.00014
44253    -0.00061     0.00063    -0.00047
44284    -0.00107     0.00054    -0.00057
44313    -0.00166     0.00049    -0.00057
44344    -0.00083     0.00038    -0.00054
44374     0.00053     0.00006    -0.00009
44405     0.00148    -0.00018     0.00036
44435     0.00166    -0.00020     0.00087
44466     0.00155    -0.00009     0.00110
44497     0.00151    -0.00003     0.00088
44527     0.00150    -0.00014     0.00045
44558     0.00094    -0.00009     0.00009
44588     0.00010     0.00006    -0.00009
44619    -0.00011     0.00024    -0.00005
44650    -0.00062     0.00032    -0.00000
44678    -0.00128     0.00048    -0.00011
44709    -0.00089     0.00043    -0.00014
44739     0.00045     0.00029    -0.00008
44770     0.00223    -0.00022     0.00018
44800     0.00215    -0.00027     0.00052
44831     0.00156    -0.00016     0.00084
44862     0.00158    -0.00008     0.00085
44892     0.00108    -0.00033     0.00050
44923     0.00020    -0.00046     0.00023
44953    -0.00049    -0.00040    -0.00024
44984    -0.00125    -0.00006    -0.00081
45015    -0.00204    -0.00000    -0.00100
45043    -0.00228    -0.00009    -0.00091
45074    -0.00073    -0.00004    -0.00099
45104     0.00090     0.00010    -0.00060
45135     0.00301    -0.00008    -0.00016
45165     0.00443    -0.00013     0.00035
45196     0.00336    -0.00006     0.00062
45227     0.00271    -0.00011     0.00053
45257     0.00232     0.00000     0.00030
45288     0.00085    -0.00003     0.00003
45318    -0.00010     0.00008    -0.00062
45349    -0.00101     0.00005    -0.00102
45380    -0.00183     0.00013    -0.00137
45408    -0.00186    -0.00030    -0.00141
45439    -0.00049    -0.00057    -0.00131
45469     0.00067    -0.00091    -0.00074
45500     0.00240    -0.00096     0.00003
45530     0.00294    -0.00111     0.00068
45561     0.00242    -0.00099     0.00128
45592     0.00176    -0.00112     0.00137
45622     0.00125    -0.00129     0.00099
45653     0.00072    -0.00131     0.00049
45683     0.00004    -0.00096    -0.00026
45714    -0.00079    -0.00067    -0.00039
45745    -0.00101    -0.00060    -0.00059
45774    -0.00093    -0.00061    -0.00061
45805     0.00009    -0.00028    -0.00063
45835     0.00172    -0.00049    -0.00029
45866     0.00264    -0.00063     0.00008
45896     0.00267    -0.00089     0.00064
45927     0.00266    -0.00102     0.00109
45958     0.00250    -0.00098     0.00103
45988     0.00204    -0.00089     0.00069
46019     0.00158    -0.00076     0.00016
46049     0.00052    -0.00054    -0.00023
46080    -0.00003     0.00004    -0.00086
46111    -0.00106     0.00051    -0.00089
46139    -0.00145     0.00025    -0.00084
46170     0.00014     0.00040    -0.00064
46200     0.00136     0.00027    -0.00036
46231     0.00253    -0.00010     0.00017
46261     0.00308     0.00004     0.00064
46292     0.00275     0.00007     0.00080
46323     0.00253    -0.00007     0.00080
46353     0.00219    -0.00041     0.00043
46384     0.00161    -0.00041    -0.00000
46414     0.00089    -0.00004    -0.00046
46445    -0.00009     0.00029    -0.00055
46476    -0.00068     0.00039    -0.00087
46504    -0.00085     0.00058    -0.00096
46535     0.00024     0.00058    -0.00069
46565     0.00183     0.00025    -0.00042
46596     0.00369     0.00007     0.00002
46626     0.00372    -0.00024     0.00063
46657     0.00340    -0.00036     0.00112
46688     0.00345    -0.00019     0.00096
46718     0.00346    -0.00012     0.00055
46749     0.00265     0.00008     0.00029
46779     0.00150     0.00020    -0.00019
46810     0.00033     0.00026    -0.00039
46841    -0.00050     0.00016    -0.00047
46869    -0.00120     0.00007    -0.00064
46900    -0.00035     0.00007    -0.00064
46930     0.00096    -0.00029    -0.00026
46961     0.00175    -0.00021     0.00023
46991     0.00254    -0.00046     0.00062
47022     0.00251    -0.00036     0.00084
47053     0.00204    -0.00027     0.00091
47083     0.00118    -0.00025     0.00094
47114     0.00029    -0.00039     0.00072
47144    -0.00027    -0.00014     0.00024
47175    -0.00154     0.00005    -0.00007
47206    -0.00232     0.00034    -0.00021
47235    -0.00253     0.00069    -0.00017
47266    -0.00106     0.00049     0.00004
47296    -0.00048     0.00020     0.00040
47327     0.00114     0.00003     0.00094
47357     0.00146    -0.00001     0.00126
47388     0.00070     0.00018     0.00145
47419     0.00026     0.00020     0.00132
47449     0.00025     0.00007     0.00106
47480     0.00012     0.00012     0.00060
47510    -0.00052     0.00029     0.00013
47541    -0.00166     0.00052    -0.00019
47572    -0.00256     0.00067    -0.00026
47600    -0.00264     0.00046    -0.00027
47631    -0.00140     0.00032     0.00005
47661     0.00023     0.00021     0.00042
47692     0.00194    -0.00017     0.00079
47722     0.00255    -0.00008     0.00125
47753     0.00267     0.00008     0.00146
47784     0.00224     0.00004     0.00125
47814     0.00164     0.00002     0.00099
47845     0.00097    -0.00007     0.00057
47875    -0.00005     0.00048     0.00020
47906    -0.00119     0.00080    -0.00013
47937    -0.00227     0.00095    -0.00043
47965    -0.00276     0.00057    -0.00053
47996    -0.00166     0.00036    -0.00020
48026     0.00007     0.00024     0.00008
48057     0.00142    -0.00015     0.00040
48087     0.00147    -0.00024     0.00083
48118     0.00149    -0.00028     0.00121
48149     0.00144    -0.00030     0.00111
48179     0.00093    -0.00046     0.00068
48210    -0.00014    -0.00049     0.00023
48240    -0.00118    -0.00025    -0.00026
48271    -0.00229    -0.00014    -0.00046
48302    -0.00303    -0.00016    -0.00017
48330    -0.00348     0.00012    -0.00046
48361    -0.00199     0.00032    -0.00058
48391     0.00014     0.00038    -0.00061
48422     0.00158     0.00026     0.00002
48452     0.00210     0.00007     0.00057
48483     0.00165     0.00002     0.00099
48514     0.00142    -0.00027     0.00089
48544     0.00139    -0.00033     0.00060
48575     0.00101    -0.00044     0.00018
48605    -0.00010    -0.00050    -0.00019
48636    -0.00118    -0.00033    -0.00069
48667    -0.00179    -0.00029    -0.00107
48696    -0.00203    -0.00048    -0.00130
48727    -0.00092    -0.00034    -0.00129
48757     0.00040    -0.00056    -0.00068
48788     0.00211    -0.00071    -0.00014
48818     0.00226    -0.00070     0.00023
48849     0.00182    -0.00063     0.00059
48880     0.00146    -0.00055     0.00051
48910     0.00100    -0.00064     0.00039
48941     0.00039    -0.00046    -0.00014
48971     0.00005    -0.00032    -0.00045
49002    -0.00081    -0.00018    -0.00060
49033    -0.00185    -0.00012    -0.00046
49061    -0.00211    -0.00004    -0.00066
49092    -0.00132    -0.00002    -0.00074
49122    -0.00030    -0.00014    -0.00034
49153     0.00095    -0.00036     0.00013
49183     0.00114    -0.00052     0.00027
49214     0.00047    -0.00043     0.00063
49245     0.00017    -0.00043     0.00049
49275     0.00013    -0.00049     0.00026
49306    -0.00037    -0.00045    -0.00014
49336    -0.00092    -0.00030    -0.00052
49367    -0.00166     0.00018    -0.00090
49398    -0.00232     0.00042    -0.00096
49426    -0.00249     0.00019    -0.00090
49457    -0.00179     0.00018    -0.00095
49487    -0.00071     0.00013    -0.00063
49518     0.00037     0.00014    -0.00032
49548    -0.00021     0.00011    -0.00008
49579    -0.00043     0.00035     0.00031
49610    -0.00074     0.00041     0.00029
49640    -0.00076     0.00060    -0.00010
49671    -0.00157     0.00074    -0.00053
49701    -0.00324     0.00064    -0.00088
49732    -0.00429     0.00060    -0.00104
49763    -0.00513     0.00052    -0.00099
49791    -0.00515     0.00055    -0.00091
49822    -0.00361     0.00062    -0.00097
49852    -0.00204     0.00052    -0.00072
49883    -0.00072     0.00030    -0.00033
49913    -0.00052     0.00014     0.00014
49944    -0.00143     0.00027     0.00039
49975    -0.00155     0.00021     0.00038
50005    -0.00169     0.00022     0.00011
50036    -0.00223     0.00022    -0.00038
50066    -0.00255     0.00060    -0.00080
50097    -0.00366     0.00093    -0.00104
50128    -0.00472     0.00106    -0.00112
50157    -0.00518     0.00095    -0.00090
50188    -0.00415     0.00084    -0.00058
50218    -0.00145     0.00050    -0.00020
50249     0.00143     0.00032     0.00061
50279     0.00407    -0.00002     0.00118
50310     0.00584    -0.00031     0.00168
50341     0.00634    -0.00027     0.00182
50371     0.00579    -0.00025     0.00174
50402     0.00468    -0.00016     0.00140
50432     0.00321     0.00002     0.00102
50463     0.00136     0.00023     0.00064
50494    -0.00076     0.00031     0.00020
50522    -0.00219     0.00061    -0.00025
50553    -0.00187     0.00109    -0.00032
50583    -0.00153     0.00124    -0.00024
50614    -0.00051     0.00093    -0.00003
50644    -0.00011     0.00053     0.00027
50675    -0.00018     0.00020     0.00067
50706    -0.00104     0.00008     0.00052
50736    -0.00235     0.00034    -0.00001
50767    -0.00397     0.00079    -0.00053
50797    -0.00563     0.00126    -0.00089
50828    -0.00701     0.00125    -0.00114
50859    -0.00768     0.00092    -0.00135
50887    -0.00811     0.00060    -0.00156
50918    -0.00704     0.00041    -0.00149
50948    -0.00552     0.00006    -0.00108
50979    -0.00386    -0.00017    -0.00066
51009    -0.00379    -0.00021    -0.00027
51040    -0.00394     0.00015     0.00019
51071    -0.00382     0.00027     0.00028
51101    -0.00416     0.00020    -0.00021
51132    -0.00446     0.00012    -0.00074
51162    -0.00508     0.00027    -0.00103
51193    -0.00550     0.00049    -0.00132
51224    -0.00534     0.00063    -0.00143
51252    -0.00497     0.00067    -0.00119
51283    -0.00341     0.00063    -0.00100
51313    -0.00193     0.00039    -0.00084
51344    -0.00087    -0.00008    -0.00043
51374    -0.00013    -0.00008    -0.00018
51405    -0.00032     0.00017     0.00026
51436    -0.00026     0.00023     0.00031
51466    -0.00052     0.00021     0.00018
51497    -0.00082     0.00024     0.00009
51527    -0.00084     0.00050    -0.00016
51558    -0.00078     0.00145    -0.00036
51589    -0.00115     0.00179    -0.00041
51618    -0.00167     0.00175    -0.00028
51649    -0.00134     0.00190    -0.00031
51679    -0.00114     0.00148     0.00004
51710    -0.00063     0.00076     0.00013
51740    -0.00001     0.00035     0.00016
51771     0.00006     0.00015     0.00042
51802    -0.00006     0.00016     0.00037
51832    -0.00096     0.00022     0.00027
51863    -0.00125     0.00044     0.00005
51893    -0.00176     0.00083     0.00012
51924    -0.00255     0.00081    -0.00023
51955    -0.00313     0.00043    -0.00033
51983    -0.00301     0.00040    -0.00052
52014    -0.00211     0.00053    -0.00043
52044    -0.00084     0.00010    -0.00013
52075     0.00019    -0.00028     0.00011
52105     0.00071    -0.00072     0.00066
52136     0.00067    -0.00094     0.00120
52167     0.00065    -0.00103     0.00118
52197     0.00001    -0.00108     0.00106
52228    -0.00064    -0.00085     0.00095
52258    -0.00073    -0.00050     0.00039
52289    -0.00116    -0.00007     0.00008
52320    -0.00146    -0.00005    -0.00009
52348    -0.00158    -0.00014    -0.00020
52379    -0.00104    -0.00006    -0.00041
52409    -0.00021    -0.00037    -0.00032
52440     0.00107    -0.00079     0.00005
52470     0.00108    -0.00113     0.00064
52501     0.00136    -0.00116     0.00100
52532     0.00103    -0.00115     0.00104
52562     0.00065    -0.00090     0.00065
52593     0.00031    -0.00048     0.00018
52623    -0.00011    -0.00026    -0.00010
52654    -0.00032     0.00011    -0.00031
52685    -0.00051     0.00023    -0.00049
52713    -0.00034     0.00019    -0.00059
52744     0.00020     0.00025    -0.00058
52774     0.00112    -0.00012    -0.00050
52805     0.00231    -0.00047    -0.00021
52835     0.00198    -0.00079     0.00040
52866     0.00124    -0.00079     0.00094
52897     0.00069    -0.00073     0.00094
52927     0.00013    -0.00078     0.00065
52958    -0.00017    -0.00068     0.00015
52988    -0.00046    -0.00047    -0.00012
53019    -0.00053    -0.00009    -0.00045
53050    -0.00057     0.00022    -0.00057
53079    -0.00045     0.00033    -0.00055
53110    -0.00019     0.00055    -0.00045
53140     0.00052     0.00025    -0.00049
53171     0.00150    -0.00025    -0.00026
53201     0.00166    -0.00053     0.00022
53232     0.00097    -0.00060     0.00063
53263     0.00061    -0.00078     0.00063
53293     0.00031    -0.00078     0.00034
53324     0.00009    -0.00055    -0.00008
53354    -0.00043     0.00002    -0.00022
53385    -0.00085     0.00023    -0.00051
53416    -0.00099     0.00036    -0.00107
53444    -0.00092     0.00046    -0.00140
53475    -0.00043     0.00030    -0.00133
53505     0.00032     0.00024    -0.00108
53536     0.00154    -0.00012    -0.00055
53566     0.00154    -0.00065     0.00011
53597     0.00087    -0.00090     0.00060
53628     0.00062    -0.00104     0.00077
53658     0.00064    -0.00109     0.00043
53689     0.00037    -0.00110     0.00017
53719     0.00072    -0.00057    -0.00046
53750     0.00078    -0.00014    -0.00084
53781     0.00047     0.00011    -0.00098
53809     0.00056     0.00047    -0.00101
53840     0.00111     0.00056    -0.00079
53870     0.00158     0.00021    -0.00051
53901     0.00214    -0.00034    -0.00006
53931     0.00222    -0.00089     0.00067
53962     0.00220    -0.00090     0.00111
53993     0.00192    -0.00092     0.00105
54023     0.00184    -0.00084     0.00065
54054     0.00158    -0.00037     0.00015
54084     0.00119    -0.00008    -0.00018
54115     0.00112     0.00006    -0.00035
54146     0.00070     0.00021    -0.00043
54174     0.00068     0.00010    -0.00066
54205     0.00149     0.00003    -0.00072
54235     0.00188    -0.00005    -0.00034
54266     0.00231    -0.00043     0.00028
54296     0.00157    -0.00074     0.00082
54327     0.00053    -0.00047     0.00123
54358     0.00012    -0.00035     0.00112
54388     0.00021    -0.00037     0.00087
54419     0.00047     0.00009     0.00073
54449     0.00048     0.00045     0.00028
54480     0.00056     0.00089    -0.00012
54511     0.00044     0.00095    -0.00052
54540     0.00046     0.00094    -0.00090
54571     0.00070     0.00087    -0.00095
54601     0.00159     0.00049    -0.00068
54632     0.00220     0.00006    -0.00026
54662     0.00196    -0.00020     0.00026
54693     0.00125    -0.00013     0.00068
54724     0.00061    -0.00012     0.00063
54754     0.00024    -0.00016     0.00039
54785    -0.00030    -0.00016     0.00021
54815    -0.00003     0.00015    -0.00024
54846    -0.00001     0.00038    -0.00054
54877    -0.00017     0.00072    -0.00051
54905    -0.00021     0.00082    -0.00074
54936     0.00016     0.00073    -0.00094
54966     0.00068     0.00040    -0.00066
54997     0.00148    -0.00000    -0.00014
55027     0.00154    -0.00022     0.00037
55058     0.00120    -0.00020     0.00071
55089     0.00073    -0.00020     0.00085
55119     0.00057    -0.00029     0.00056
55150     0.00041     0.00029     0.00012
55180     0.00013     0.00072    -0.00020
55211    -0.00032     0.00102    -0.00028
55242    -0.00061     0.00081    -0.00055
55270    -0.00082     0.00087    -0.00041
55301    -0.00045     0.00076    -0.00034
55331     0.00041     0.00057    -0.00027
55362     0.00101     0.00019    -0.00001
55392     0.00123    -0.00014     0.00061
55423     0.00076    -0.00022     0.00117
55454    -0.00004    -0.00034     0.00113
55484    -0.00062    -0.00052     0.00096
55515    -0.00099    -0.00041     0.00055
55545    -0.00141    -0.00006     0.00013
55576    -0.00158     0.00034    -0.00026
55607    -0.00199     0.00042    -0.00043
55635    -0.00169     0.00045    -0.00062
55666    -0.00065     0.00026    -0.00075
55696     0.00029     0.00002    -0.00058
55727     0.00101    -0.00047     0.00008
55757     0.00085    -0.00089     0.00068
55788     0.00057    -0.00100     0.00120
55819     0.00009    -0.00100     0.00131
55849     0.00017    -0.00057     0.00118
55880     0.00004    -0.00028     0.00093
55910    -0.00003    -0.00018     0.00057
55941    -0.00017     0.00010     0.00020
55972    -0.00010     0.00013    -0.00008
56001     0.00015    -0.00012    -0.00009
56032     0.00074    -0.00014    -0.00021
56062     0.00121    -0.00020    -0.00015
56093     0.00205    -0.00043     0.00033
56123     0.00180    -0.00044     0.00099
56154     0.00100    -0.00038     0.00139
56185     0.00006    -0.00037     0.00154
56215    -0.00007    -0.00024     0.00121
56246    -0.00056     0.00007     0.00090
56276    -0.00104     0.00033     0.00055
56307    -0.00105     0.00051     0.00012
56338    -0.00130     0.00057    -0.00021
56366    -0.00100     0.00046    -0.00034
56397    -0.00033     0.00062    -0.00033
56427     0.00047     0.00040    -0.00009
56458     0.00125    -0.00011     0.00007
56488     0.00107    -0.00049     0.00058
56519     0.00089    -0.00066     0.00100
56550     0.00092    -0.00071     0.00106
56580     0.00087    -0.00074     0.00073
56611     0.00106    -0.00049     0.00030
56641     0.00119    -0.00017    -0.00000
56672     0.00139     0.00024    -0.00016
56703     0.00155     0.00045    -0.00031
56731     0.00197     0.00071    -0.00056
56762     0.00247     0.00064    -0.00048
56792     0.00304     0.00063    -0.00034
56823     0.00343     0.00024    -0.00006
56853     0.00324    -0.00015     0.00036
56884     0.00265    -0.00020     0.00091
56915     0.00186    -0.00019     0.00087
56945     0.00134    -0.00012     0.00064
56976     0.00097    -0.00003     0.00019
57006     0.00101     0.00009    -0.00030
57037     0.00058     0.00005    -0.00048
57068     0.00026     0.00010    -0.00093
57096     0.00018     0.00011    -0.00120
57127     0.00032     0.00019    -0.00114
57157     0.00106    -0.00002    -0.00097
57188     0.00167    -0.00028    -0.00063
57218     0.00201    -0.00047    -0.00018
57249     0.00150    -0.00058     0.00038
57280     0.00057    -0.00065     0.00052
57310     0.00002    -0.00072     0.00043
57341    -0.00078    -0.00071     0.00011
57371    -0.00173    -0.00064    -0.00010
57402    -0.00204    -0.00033    -0.00035
57433    -0.00189    -0.00015    -0.00070
57462    -0.00147     0.00015    -0.00105
57493    -0.00096     0.00036    -0.00111
57523    -0.00060     0.00026    -0.00082
57554     0.00002    -0.00004    -0.00036
