# Hydrology loading displacements computed from the monthly GLDAS NOAH model
# This is a product of the Hydrology loading service: http://lacerta.gsfc.nasa.gov/hydlo/
# Displacements are with respect to the center of mass of the total earth
#
# Created for VieVS on 17.03.2017 at 11:46:08 local time
# OFFSET + TREND REMOVED!!! - Hana 
# mjd up (meters) eastwest (meters) northsouth (meters)
43888     0.00056     0.00048    -0.00095
43919    -0.00016     0.00086    -0.00145
43947    -0.00020     0.00061    -0.00140
43978    -0.00028     0.00020    -0.00133
44008     0.00143    -0.00020    -0.00071
44039     0.00400    -0.00038     0.00000
44069     0.00418    -0.00017     0.00090
44100     0.00344    -0.00004     0.00130
44131     0.00261     0.00009     0.00140
44161     0.00300     0.00003     0.00118
44192     0.00289     0.00020     0.00049
44222     0.00248     0.00053    -0.00025
44253     0.00201     0.00061    -0.00087
44284     0.00159     0.00073    -0.00112
44313     0.00123     0.00088    -0.00127
44344     0.00137     0.00057    -0.00106
44374     0.00227     0.00023    -0.00026
44405     0.00352     0.00002     0.00068
44435     0.00376     0.00023     0.00150
44466     0.00413     0.00051     0.00170
44497     0.00265     0.00049     0.00167
44527     0.00212     0.00022     0.00133
44558     0.00078     0.00017     0.00074
44588     0.00017     0.00039     0.00020
44619     0.00018     0.00074    -0.00009
44650     0.00034     0.00091    -0.00040
44678    -0.00001     0.00106    -0.00079
44709     0.00004     0.00087    -0.00077
44739     0.00156     0.00058    -0.00043
44770     0.00250    -0.00014     0.00042
44800     0.00123    -0.00016     0.00145
44831     0.00039     0.00020     0.00228
44862     0.00001     0.00032     0.00222
44892    -0.00049     0.00020     0.00177
44923    -0.00132     0.00011     0.00128
44953    -0.00111     0.00006     0.00043
44984    -0.00147     0.00030    -0.00056
45015    -0.00172     0.00056    -0.00099
45043    -0.00184     0.00061    -0.00100
45074    -0.00098     0.00036    -0.00087
45104     0.00064     0.00028    -0.00038
45135     0.00315    -0.00026     0.00018
45165     0.00511    -0.00035     0.00089
45196     0.00423    -0.00002     0.00130
45227     0.00302    -0.00008     0.00149
45257     0.00329     0.00017     0.00104
45288     0.00192     0.00038     0.00042
45318     0.00065     0.00045    -0.00056
45349     0.00001     0.00045    -0.00118
45380    -0.00035     0.00045    -0.00185
45408    -0.00059     0.00012    -0.00181
45439     0.00017    -0.00036    -0.00142
45469     0.00040    -0.00065    -0.00046
45500     0.00157    -0.00071     0.00069
45530     0.00083    -0.00088     0.00181
45561     0.00098    -0.00041     0.00249
45592    -0.00005    -0.00028     0.00271
45622    -0.00050    -0.00041     0.00233
45653    -0.00074    -0.00058     0.00167
45683    -0.00100    -0.00043     0.00049
45714    -0.00135     0.00002    -0.00005
45745    -0.00161     0.00005    -0.00035
45774    -0.00184    -0.00005    -0.00044
45805    -0.00088    -0.00024    -0.00062
45835     0.00077    -0.00054    -0.00009
45866     0.00181    -0.00083     0.00063
45896     0.00119    -0.00098     0.00172
45927     0.00063    -0.00085     0.00249
45958     0.00019    -0.00071     0.00247
45988     0.00028    -0.00070     0.00190
46019     0.00029    -0.00082     0.00099
46049     0.00002    -0.00073     0.00008
46080    -0.00003    -0.00054    -0.00098
46111    -0.00077     0.00007    -0.00154
46139    -0.00153     0.00004    -0.00148
46170    -0.00034     0.00007    -0.00118
46200     0.00097    -0.00013    -0.00068
46231     0.00382    -0.00045     0.00017
46261     0.00430    -0.00024     0.00085
46292     0.00214    -0.00016     0.00143
46323     0.00143    -0.00021     0.00160
46353     0.00109    -0.00039     0.00129
46384     0.00086    -0.00050     0.00060
46414     0.00065    -0.00026    -0.00031
46445     0.00009     0.00026    -0.00089
46476    -0.00014     0.00034    -0.00144
46504    -0.00044     0.00042    -0.00174
46535     0.00007     0.00029    -0.00136
46565     0.00103    -0.00017    -0.00073
46596     0.00312    -0.00067    -0.00014
46626     0.00229    -0.00084     0.00081
46657     0.00078    -0.00067     0.00152
46688     0.00050    -0.00071     0.00132
46718     0.00166    -0.00055     0.00079
46749     0.00129    -0.00030     0.00020
46779     0.00082    -0.00024    -0.00062
46810     0.00004    -0.00013    -0.00118
46841    -0.00021    -0.00004    -0.00150
46869    -0.00056    -0.00003    -0.00180
46900    -0.00015    -0.00023    -0.00171
46930     0.00115    -0.00054    -0.00096
46961     0.00291    -0.00050    -0.00039
46991     0.00281    -0.00087     0.00056
47022     0.00123    -0.00080     0.00123
47053    -0.00066    -0.00056     0.00153
47083    -0.00095    -0.00036     0.00142
47114    -0.00156    -0.00046     0.00102
47144    -0.00166    -0.00044     0.00022
47175    -0.00209    -0.00024    -0.00051
47206    -0.00233     0.00009    -0.00103
47235    -0.00221     0.00042    -0.00127
47266    -0.00156     0.00021    -0.00086
47296    -0.00066     0.00008    -0.00018
47327     0.00084    -0.00025     0.00066
47357     0.00121    -0.00025     0.00131
47388     0.00145     0.00012     0.00162
47419    -0.00001     0.00010     0.00158
47449     0.00004     0.00000     0.00134
47480     0.00006    -0.00008     0.00067
47510    -0.00078     0.00001    -0.00003
47541    -0.00116     0.00021    -0.00080
47572    -0.00150     0.00036    -0.00128
47600    -0.00177     0.00028    -0.00136
47631    -0.00104     0.00027    -0.00090
47661     0.00046     0.00010    -0.00030
47692     0.00192    -0.00039     0.00063
47722     0.00190    -0.00035     0.00149
47753     0.00103     0.00002     0.00188
47784     0.00003     0.00012     0.00164
47814    -0.00023     0.00026     0.00132
47845    -0.00087     0.00013     0.00070
47875    -0.00116     0.00059    -0.00025
47906    -0.00155     0.00085    -0.00107
47937    -0.00211     0.00099    -0.00174
47965    -0.00255     0.00067    -0.00180
47996    -0.00206     0.00039    -0.00130
48026    -0.00075     0.00008    -0.00069
48057    -0.00055    -0.00043     0.00032
48087    -0.00035    -0.00054     0.00106
48118    -0.00127    -0.00051     0.00172
48149    -0.00211    -0.00039     0.00179
48179    -0.00184    -0.00041     0.00141
48210    -0.00222    -0.00041     0.00066
48240    -0.00333    -0.00024    -0.00019
48271    -0.00382     0.00001    -0.00071
48302    -0.00389     0.00034    -0.00077
48330    -0.00390     0.00053    -0.00140
48361    -0.00310     0.00036    -0.00138
48391    -0.00149     0.00006    -0.00102
48422     0.00039    -0.00011    -0.00002
48452    -0.00038    -0.00042     0.00101
48483    -0.00175    -0.00035     0.00185
48514    -0.00068    -0.00047     0.00187
48544    -0.00083    -0.00049     0.00144
48575    -0.00184    -0.00059     0.00096
48605    -0.00240    -0.00057     0.00025
48636    -0.00280    -0.00051    -0.00060
48667    -0.00302    -0.00056    -0.00117
48696    -0.00306    -0.00090    -0.00149
48727    -0.00210    -0.00093    -0.00150
48757    -0.00084    -0.00109    -0.00067
48788     0.00001    -0.00138     0.00024
48818     0.00108    -0.00124     0.00095
48849     0.00043    -0.00098     0.00154
48880    -0.00058    -0.00082     0.00135
48910    -0.00100    -0.00074     0.00111
48941    -0.00135    -0.00066     0.00020
48971    -0.00188    -0.00059    -0.00036
49002    -0.00210    -0.00038    -0.00086
49033    -0.00246    -0.00000    -0.00114
49061    -0.00245     0.00006    -0.00150
49092    -0.00158    -0.00013    -0.00153
49122    -0.00051    -0.00026    -0.00097
49153     0.00071    -0.00052    -0.00016
49183     0.00134    -0.00076     0.00040
49214    -0.00010    -0.00050     0.00087
49245    -0.00060    -0.00013     0.00094
49275    -0.00102    -0.00015     0.00073
49306    -0.00270    -0.00033     0.00019
49336    -0.00332    -0.00029    -0.00044
49367    -0.00327     0.00002    -0.00131
49398    -0.00320     0.00028    -0.00178
49426    -0.00347     0.00027    -0.00173
49457    -0.00307     0.00006    -0.00156
49487    -0.00236    -0.00021    -0.00111
49518    -0.00050    -0.00036    -0.00050
49548    -0.00170    -0.00046     0.00031
49579    -0.00315    -0.00025     0.00088
49610    -0.00468    -0.00003     0.00094
49640    -0.00564    -0.00016     0.00053
49671    -0.00469    -0.00007    -0.00034
49701    -0.00532     0.00002    -0.00107
49732    -0.00579     0.00014    -0.00151
49763    -0.00619     0.00035    -0.00170
49791    -0.00612     0.00045    -0.00185
49822    -0.00539     0.00023    -0.00171
49852    -0.00391    -0.00013    -0.00126
49883    -0.00273    -0.00051    -0.00048
49913    -0.00322    -0.00056     0.00040
49944    -0.00409    -0.00018     0.00082
49975    -0.00455     0.00020     0.00104
50005    -0.00455     0.00013     0.00061
50036    -0.00488    -0.00003    -0.00007
50066    -0.00451     0.00004    -0.00086
50097    -0.00489     0.00045    -0.00161
50128    -0.00528     0.00076    -0.00211
50157    -0.00522     0.00090    -0.00221
50188    -0.00451     0.00085    -0.00189
50218    -0.00217     0.00031    -0.00118
50249     0.00183     0.00021    -0.00021
50279     0.00490    -0.00004     0.00062
50310     0.00688    -0.00008     0.00126
50341     0.00789     0.00005     0.00129
50371     0.00782     0.00020     0.00105
50402     0.00711     0.00039     0.00048
50432     0.00602     0.00075    -0.00017
50463     0.00483     0.00114    -0.00087
50494     0.00351     0.00147    -0.00154
50522     0.00270     0.00174    -0.00217
50553     0.00268     0.00204    -0.00221
50583     0.00204     0.00185    -0.00180
50614     0.00134     0.00111    -0.00104
50644     0.00233     0.00094    -0.00015
50675     0.00121     0.00071     0.00080
50706    -0.00097     0.00042     0.00093
50736    -0.00169     0.00066     0.00026
50767    -0.00287     0.00102    -0.00065
50797    -0.00343     0.00143    -0.00152
50828    -0.00406     0.00155    -0.00210
50859    -0.00450     0.00130    -0.00240
50887    -0.00465     0.00103    -0.00269
50918    -0.00430     0.00069    -0.00243
50948    -0.00384     0.00004    -0.00163
50979    -0.00211    -0.00047    -0.00069
51009    -0.00297    -0.00036     0.00016
51040    -0.00407    -0.00019     0.00067
51071    -0.00587     0.00024     0.00095
51101    -0.00585     0.00021     0.00047
51132    -0.00653    -0.00013    -0.00010
51162    -0.00668    -0.00020    -0.00079
51193    -0.00634    -0.00013    -0.00146
51224    -0.00603    -0.00004    -0.00182
51252    -0.00583     0.00006    -0.00179
51283    -0.00504    -0.00016    -0.00146
51313    -0.00365    -0.00047    -0.00098
51344    -0.00220    -0.00079    -0.00018
51374    -0.00084    -0.00079     0.00036
51405    -0.00135    -0.00017     0.00079
51436    -0.00085    -0.00000     0.00078
51466    -0.00087     0.00015     0.00050
51497    -0.00085     0.00017     0.00020
51527    -0.00050     0.00022    -0.00037
51558    -0.00043     0.00062    -0.00116
51589    -0.00018     0.00087    -0.00157
51618    -0.00017     0.00099    -0.00157
51649    -0.00048     0.00104    -0.00151
51679    -0.00110     0.00088    -0.00073
51710     0.00076     0.00052    -0.00016
51740     0.00186     0.00033     0.00036
51771    -0.00048     0.00018     0.00110
51802    -0.00217     0.00004     0.00108
51832    -0.00262     0.00018     0.00089
51863    -0.00212     0.00019     0.00029
51893    -0.00218     0.00051    -0.00013
51924    -0.00272     0.00034    -0.00067
51955    -0.00313     0.00018    -0.00076
51983    -0.00302     0.00017    -0.00097
52014    -0.00221     0.00030    -0.00085
52044    -0.00085    -0.00006    -0.00018
52075     0.00086    -0.00022     0.00037
52105     0.00164    -0.00037     0.00113
52136     0.00047    -0.00033     0.00175
52167     0.00181    -0.00023     0.00172
52197     0.00138    -0.00015     0.00147
52228     0.00116     0.00009     0.00102
52258     0.00140     0.00008     0.00020
52289     0.00105     0.00024    -0.00049
52320     0.00095     0.00023    -0.00077
52348     0.00109     0.00017    -0.00097
52379     0.00127    -0.00010    -0.00108
52409     0.00230    -0.00058    -0.00060
52440     0.00391    -0.00106     0.00028
52470     0.00345    -0.00109     0.00116
52501     0.00195    -0.00085     0.00181
52532     0.00208    -0.00045     0.00187
52562     0.00150    -0.00014     0.00129
52593     0.00093     0.00013     0.00050
52623     0.00100     0.00013    -0.00012
52654     0.00128     0.00034    -0.00070
52685     0.00141     0.00040    -0.00106
52713     0.00175     0.00027    -0.00120
52744     0.00240     0.00017    -0.00114
52774     0.00359    -0.00035    -0.00074
52805     0.00553    -0.00077    -0.00016
52835     0.00520    -0.00070     0.00073
52866     0.00405    -0.00046     0.00147
52897     0.00358    -0.00017     0.00160
52927     0.00301    -0.00028     0.00136
52958     0.00222    -0.00031     0.00069
52988     0.00200    -0.00022     0.00010
53019     0.00243    -0.00005    -0.00050
53050     0.00253     0.00016    -0.00087
53079     0.00251     0.00019    -0.00108
53110     0.00282     0.00037    -0.00107
53140     0.00288    -0.00005    -0.00065
53171     0.00385    -0.00035     0.00003
53201     0.00349    -0.00052     0.00063
53232     0.00322    -0.00018     0.00118
53263     0.00274    -0.00009     0.00124
53293     0.00254    -0.00005     0.00093
53324     0.00229    -0.00006     0.00022
53354     0.00205     0.00035    -0.00045
53385     0.00219     0.00049    -0.00103
53416     0.00221     0.00039    -0.00162
53444     0.00239     0.00039    -0.00204
53475     0.00229     0.00018    -0.00173
53505     0.00173     0.00000    -0.00117
53536     0.00279    -0.00048    -0.00040
53566     0.00235    -0.00068     0.00054
53597     0.00094    -0.00060     0.00125
53628     0.00104    -0.00038     0.00145
53658     0.00141    -0.00053     0.00117
53689     0.00124    -0.00066     0.00081
53719     0.00164    -0.00073    -0.00010
53750     0.00209    -0.00066    -0.00078
53781     0.00222    -0.00044    -0.00122
53809     0.00226    -0.00011    -0.00148
53840     0.00235    -0.00002    -0.00133
53870     0.00239    -0.00025    -0.00075
53901     0.00221    -0.00060     0.00025
53931     0.00205    -0.00075     0.00142
53962     0.00188    -0.00031     0.00204
53993     0.00134    -0.00007     0.00195
54023     0.00183    -0.00019     0.00137
54054     0.00168    -0.00003     0.00052
54084     0.00163     0.00004    -0.00012
54115     0.00179     0.00004    -0.00056
54146     0.00151     0.00027    -0.00081
54174     0.00078     0.00006    -0.00092
54205     0.00141    -0.00019    -0.00093
54235     0.00211    -0.00026    -0.00049
54266     0.00302    -0.00035     0.00043
54296     0.00359    -0.00020     0.00113
54327     0.00283     0.00026     0.00146
54358     0.00199     0.00055     0.00131
54388     0.00147     0.00044     0.00106
54419     0.00173     0.00074     0.00056
54449     0.00207     0.00080    -0.00022
54480     0.00233     0.00091    -0.00091
54511     0.00253     0.00079    -0.00141
54540     0.00255     0.00056    -0.00184
54571     0.00252     0.00043    -0.00176
54601     0.00249    -0.00000    -0.00105
54632     0.00254    -0.00034    -0.00022
54662     0.00228    -0.00037     0.00055
54693     0.00139     0.00005     0.00098
54724     0.00154     0.00018     0.00088
54754     0.00151     0.00023     0.00064
54785     0.00079     0.00025     0.00034
54815     0.00108     0.00021    -0.00035
54846     0.00120     0.00029    -0.00087
54877     0.00125     0.00066    -0.00123
54905     0.00112     0.00065    -0.00158
54936     0.00134     0.00040    -0.00165
54966     0.00211    -0.00003    -0.00117
54997     0.00253    -0.00048    -0.00020
55027     0.00093    -0.00042     0.00085
55058     0.00067     0.00004     0.00134
55089     0.00057     0.00033     0.00160
55119     0.00046     0.00027     0.00122
55150     0.00031     0.00047     0.00021
55180     0.00015     0.00065    -0.00048
55211     0.00017     0.00097    -0.00099
55242     0.00014     0.00080    -0.00133
55270    -0.00005     0.00095    -0.00142
55301     0.00015     0.00070    -0.00124
55331    -0.00012     0.00029    -0.00078
55362     0.00140     0.00002    -0.00019
55392     0.00136    -0.00003     0.00079
55423    -0.00017     0.00021     0.00160
55454    -0.00036     0.00041     0.00154
55484    -0.00103     0.00039     0.00131
55515    -0.00116     0.00034     0.00071
55545    -0.00194     0.00043    -0.00000
55576    -0.00183     0.00045    -0.00064
55607    -0.00156     0.00043    -0.00102
55635    -0.00102     0.00032    -0.00135
55666    -0.00009     0.00003    -0.00133
55696    -0.00000    -0.00027    -0.00088
55727     0.00043    -0.00051     0.00027
55757     0.00083    -0.00049     0.00127
55788     0.00102    -0.00028     0.00178
55819     0.00088     0.00021     0.00188
55849     0.00136     0.00048     0.00142
55880     0.00128     0.00052     0.00086
55910     0.00129     0.00041     0.00024
55941     0.00148     0.00050    -0.00035
55972     0.00157     0.00040    -0.00070
56001     0.00161     0.00018    -0.00065
56032     0.00185    -0.00002    -0.00066
56062     0.00180    -0.00018    -0.00030
56093     0.00253    -0.00053     0.00055
56123     0.00187    -0.00047     0.00130
56154     0.00003    -0.00014     0.00191
56185    -0.00155     0.00031     0.00217
56215    -0.00252     0.00026     0.00183
56246    -0.00377     0.00043     0.00118
56276    -0.00396     0.00051     0.00052
56307    -0.00374     0.00046    -0.00012
56338    -0.00364     0.00043    -0.00061
56366    -0.00336     0.00026    -0.00078
56397    -0.00269     0.00029    -0.00079
56427    -0.00174    -0.00005    -0.00025
56458    -0.00033    -0.00053     0.00044
56488    -0.00169    -0.00083     0.00145
56519    -0.00337    -0.00065     0.00229
56550    -0.00283    -0.00053     0.00237
56580    -0.00228    -0.00052     0.00200
56611    -0.00232    -0.00070     0.00139
56641    -0.00247    -0.00072     0.00087
56672    -0.00197    -0.00050     0.00038
56703    -0.00161    -0.00041     0.00003
56731    -0.00113    -0.00048    -0.00033
56762    -0.00032    -0.00063    -0.00022
56792     0.00012    -0.00075     0.00004
56823     0.00080    -0.00101     0.00061
56853     0.00126    -0.00087     0.00139
56884     0.00142    -0.00012     0.00189
56915     0.00080     0.00014     0.00177
56945     0.00021     0.00025     0.00127
56976    -0.00031     0.00021     0.00069
57006    -0.00058     0.00006     0.00009
57037    -0.00063     0.00015    -0.00027
57068    -0.00069     0.00003    -0.00082
57096    -0.00090    -0.00009    -0.00109
57127    -0.00067    -0.00013    -0.00103
57157     0.00008    -0.00050    -0.00056
57188     0.00075    -0.00083     0.00016
57218     0.00174    -0.00075     0.00076
57249     0.00127    -0.00049     0.00118
57280    -0.00023    -0.00041     0.00124
57310    -0.00104    -0.00032     0.00105
57341    -0.00143    -0.00021     0.00040
57371    -0.00225    -0.00006    -0.00012
57402    -0.00195     0.00011    -0.00073
57433    -0.00175     0.00006    -0.00124
57462    -0.00136     0.00003    -0.00172
57493    -0.00108     0.00010    -0.00176
57523    -0.00156    -0.00005    -0.00120
57554    -0.00116    -0.00023    -0.00023
