# Hydrology loading displacements computed from the monthly GLDAS NOAH model
# This is a product of the Hydrology loading service: http://lacerta.gsfc.nasa.gov/hydlo/
# Displacements are with respect to the center of mass of the total earth
#
# Created for VieVS on 17.03.2017 at 11:46:08 local time
# OFFSET + TREND REMOVED!!! - Hana 
# mjd up (meters) eastwest (meters) northsouth (meters)
43888     0.00086     0.00037    -0.00092
43919     0.00021     0.00069    -0.00156
43947     0.00008     0.00048    -0.00160
43978     0.00003     0.00003    -0.00144
44008     0.00036    -0.00039    -0.00047
44039     0.00185    -0.00055     0.00065
44069     0.00040    -0.00026     0.00183
44100     0.00021     0.00009     0.00229
44131    -0.00003    -0.00000     0.00216
44161    -0.00087    -0.00013     0.00188
44192    -0.00017    -0.00006     0.00101
44222     0.00030     0.00021     0.00015
44253     0.00052     0.00020    -0.00057
44284     0.00038     0.00029    -0.00091
44313    -0.00000     0.00045    -0.00117
44344    -0.00038     0.00011    -0.00091
44374     0.00027    -0.00019     0.00007
44405     0.00045    -0.00037     0.00112
44435    -0.00018     0.00008     0.00212
44466    -0.00038     0.00049     0.00250
44497    -0.00056     0.00040     0.00225
44527    -0.00064     0.00003     0.00177
44558    -0.00028    -0.00001     0.00097
44588    -0.00007     0.00013     0.00025
44619     0.00031     0.00035    -0.00006
44650     0.00058     0.00046    -0.00043
44678     0.00016     0.00062    -0.00094
44709     0.00005     0.00054    -0.00093
44739     0.00070     0.00019    -0.00038
44770     0.00150    -0.00042     0.00083
44800    -0.00004    -0.00024     0.00190
44831     0.00003     0.00033     0.00245
44862    -0.00049     0.00039     0.00240
44892    -0.00116     0.00016     0.00182
44923    -0.00105     0.00001     0.00120
44953    -0.00024    -0.00006     0.00022
44984     0.00018     0.00009    -0.00093
45015     0.00004     0.00030    -0.00147
45043    -0.00037     0.00035    -0.00158
45074     0.00008     0.00005    -0.00131
45104     0.00102    -0.00006    -0.00055
45135     0.00197    -0.00060     0.00051
45165     0.00247    -0.00067     0.00149
45196     0.00065    -0.00011     0.00199
45227    -0.00039     0.00004     0.00208
45257     0.00027     0.00016     0.00147
45288    -0.00012     0.00029     0.00066
45318    -0.00027     0.00020    -0.00047
45349    -0.00028     0.00014    -0.00125
45380    -0.00053     0.00011    -0.00193
45408    -0.00121    -0.00019    -0.00197
45439    -0.00081    -0.00064    -0.00156
45469    -0.00019    -0.00090    -0.00047
45500     0.00084    -0.00099     0.00077
45530    -0.00058    -0.00084     0.00221
45561    -0.00068    -0.00005     0.00293
45592    -0.00126     0.00004     0.00304
45622    -0.00203    -0.00021     0.00249
45653    -0.00112    -0.00048     0.00168
45683    -0.00050    -0.00052     0.00035
45714    -0.00046    -0.00018    -0.00034
45745    -0.00096    -0.00029    -0.00065
45774    -0.00169    -0.00047    -0.00075
45805    -0.00046    -0.00052    -0.00086
45835     0.00079    -0.00081    -0.00007
45866     0.00101    -0.00107     0.00088
45896    -0.00020    -0.00106     0.00217
45927     0.00052    -0.00067     0.00279
45958     0.00033    -0.00062     0.00275
45988     0.00042    -0.00061     0.00206
46019     0.00050    -0.00079     0.00108
46049     0.00013    -0.00077     0.00012
46080     0.00032    -0.00073    -0.00091
46111    -0.00022    -0.00022    -0.00161
46139    -0.00142    -0.00027    -0.00172
46170    -0.00047    -0.00019    -0.00135
46200     0.00069    -0.00040    -0.00064
46231     0.00069    -0.00073     0.00050
46261     0.00014    -0.00034     0.00150
46292     0.00167     0.00007     0.00177
46323     0.00106    -0.00003     0.00183
46353    -0.00054    -0.00032     0.00157
46384    -0.00045    -0.00046     0.00077
46414    -0.00020    -0.00034    -0.00024
46445     0.00008     0.00013    -0.00100
46476     0.00010     0.00017    -0.00163
46504    -0.00018     0.00021    -0.00198
46535    -0.00022     0.00011    -0.00158
46565     0.00050    -0.00036    -0.00075
46596     0.00160    -0.00082     0.00035
46626     0.00028    -0.00069     0.00164
46657     0.00067     0.00000     0.00233
46688     0.00087    -0.00001     0.00205
46718     0.00156    -0.00008     0.00144
46749     0.00124    -0.00002     0.00069
46779     0.00098    -0.00005    -0.00026
46810     0.00045    -0.00002    -0.00092
46841     0.00041     0.00004    -0.00138
46869    -0.00014     0.00001    -0.00179
46900     0.00063    -0.00018    -0.00164
46930     0.00113    -0.00058    -0.00077
46961     0.00173    -0.00063     0.00007
46991     0.00159    -0.00078     0.00125
47022     0.00111    -0.00045     0.00188
47053     0.00032    -0.00003     0.00193
47083    -0.00014     0.00010     0.00154
47114    -0.00049    -0.00012     0.00102
47144    -0.00001    -0.00019     0.00012
47175     0.00025    -0.00006    -0.00079
47206     0.00031     0.00017    -0.00140
47235     0.00001     0.00047    -0.00168
47266     0.00002     0.00029    -0.00119
47296     0.00013     0.00016    -0.00040
47327     0.00039    -0.00011     0.00084
47357    -0.00010     0.00016     0.00174
47388    -0.00037     0.00079     0.00198
47419    -0.00133     0.00088     0.00191
47449    -0.00104     0.00065     0.00153
47480     0.00001     0.00040     0.00072
47510     0.00037     0.00032    -0.00020
47541     0.00016     0.00045    -0.00109
47572    -0.00060     0.00056    -0.00168
47600    -0.00100     0.00052    -0.00181
47631    -0.00047     0.00053    -0.00128
47661    -0.00035     0.00028    -0.00045
47692     0.00026    -0.00028     0.00074
47722    -0.00006    -0.00010     0.00186
47753     0.00043     0.00039     0.00230
47784    -0.00077     0.00031     0.00220
47814    -0.00043     0.00044     0.00170
47845    -0.00039     0.00020     0.00087
47875     0.00044     0.00052    -0.00025
47906     0.00059     0.00070    -0.00122
47937    -0.00033     0.00080    -0.00197
47965    -0.00058     0.00058    -0.00208
47996    -0.00036     0.00038    -0.00147
48026     0.00046     0.00003    -0.00066
48057     0.00106    -0.00040     0.00046
48087     0.00069    -0.00030     0.00149
48118     0.00139    -0.00002     0.00205
48149     0.00044    -0.00000     0.00197
48179    -0.00112    -0.00011     0.00148
48210    -0.00126    -0.00017     0.00061
48240    -0.00106    -0.00009    -0.00045
48271    -0.00096     0.00005    -0.00113
48302    -0.00124     0.00035    -0.00131
48330    -0.00161     0.00050    -0.00196
48361    -0.00102     0.00032    -0.00189
48391     0.00041    -0.00006    -0.00135
48422     0.00069    -0.00025    -0.00005
48452    -0.00014    -0.00037     0.00122
48483    -0.00005     0.00013     0.00198
48514    -0.00094     0.00004     0.00193
48544    -0.00167    -0.00013     0.00150
48575    -0.00098    -0.00029     0.00079
48605    -0.00077    -0.00037    -0.00010
48636    -0.00072    -0.00039    -0.00103
48667    -0.00060    -0.00047    -0.00165
48696    -0.00111    -0.00078    -0.00198
48727    -0.00099    -0.00085    -0.00193
48757    -0.00034    -0.00102    -0.00089
48788     0.00062    -0.00120     0.00025
48818     0.00012    -0.00106     0.00117
48849     0.00028    -0.00058     0.00171
48880     0.00102    -0.00044     0.00157
48910    -0.00044    -0.00035     0.00113
48941    -0.00043    -0.00035     0.00013
48971    -0.00007    -0.00043    -0.00052
49002    -0.00016    -0.00027    -0.00110
49033    -0.00037     0.00011    -0.00151
49061    -0.00037     0.00016    -0.00193
49092     0.00055    -0.00004    -0.00189
49122     0.00043    -0.00022    -0.00114
49153     0.00100    -0.00042    -0.00005
49183    -0.00072    -0.00048     0.00077
49214    -0.00092    -0.00012     0.00130
49245    -0.00138     0.00009     0.00121
49275    -0.00106     0.00004     0.00079
49306    -0.00087    -0.00016     0.00006
49336    -0.00089    -0.00022    -0.00071
49367    -0.00020     0.00002    -0.00172
49398    -0.00030     0.00021    -0.00227
49426    -0.00062     0.00023    -0.00231
49457    -0.00012    -0.00005    -0.00210
49487     0.00043    -0.00029    -0.00151
49518     0.00099    -0.00046    -0.00068
49548     0.00055    -0.00019     0.00015
49579     0.00067     0.00038     0.00064
49610    -0.00071     0.00059     0.00058
49640    -0.00113     0.00031     0.00004
49671    -0.00040     0.00031    -0.00095
49701    -0.00064     0.00031    -0.00183
49732    -0.00109     0.00038    -0.00242
49763    -0.00127     0.00059    -0.00277
49791    -0.00125     0.00075    -0.00298
49822    -0.00109     0.00045    -0.00274
49852    -0.00090     0.00001    -0.00204
49883    -0.00054    -0.00030    -0.00094
49913    -0.00149    -0.00020     0.00018
49944    -0.00084     0.00048     0.00059
49975    -0.00132     0.00074     0.00062
50005    -0.00124     0.00058     0.00007
50036    -0.00123     0.00032    -0.00074
50066    -0.00038     0.00028    -0.00158
50097    -0.00007     0.00057    -0.00248
50128    -0.00002     0.00085    -0.00317
50157    -0.00028     0.00105    -0.00339
50188     0.00012     0.00098    -0.00300
50218     0.00145     0.00036    -0.00197
50249     0.00339     0.00011    -0.00061
50279     0.00443    -0.00032     0.00060
50310     0.00571    -0.00044     0.00145
50341     0.00600    -0.00043     0.00158
50371     0.00588    -0.00028     0.00124
50402     0.00546    -0.00012     0.00051
50432     0.00466     0.00016    -0.00034
50463     0.00393     0.00050    -0.00120
50494     0.00297     0.00080    -0.00204
50522     0.00208     0.00113    -0.00278
50553     0.00175     0.00141    -0.00274
50583     0.00147     0.00125    -0.00223
50614     0.00141     0.00067    -0.00126
50644     0.00063     0.00045    -0.00032
50675     0.00050     0.00053     0.00045
50706    -0.00070     0.00050     0.00042
50736    -0.00057     0.00071    -0.00046
50767    -0.00128     0.00100    -0.00157
50797    -0.00087     0.00141    -0.00261
50828    -0.00126     0.00150    -0.00328
50859    -0.00145     0.00125    -0.00367
50887    -0.00163     0.00105    -0.00406
50918    -0.00194     0.00067    -0.00370
50948    -0.00153     0.00002    -0.00258
50979    -0.00139    -0.00046    -0.00142
51009    -0.00157    -0.00007    -0.00038
51040    -0.00265     0.00052     0.00033
51071    -0.00292     0.00088     0.00034
51101    -0.00306     0.00070    -0.00034
51132    -0.00190     0.00035    -0.00110
51162    -0.00149     0.00024    -0.00186
51193    -0.00084     0.00023    -0.00262
51224    -0.00034     0.00027    -0.00300
51252    -0.00056     0.00035    -0.00298
51283    -0.00087     0.00012    -0.00251
51313    -0.00024    -0.00024    -0.00178
51344    -0.00017    -0.00071    -0.00064
51374    -0.00104    -0.00058     0.00026
51405    -0.00096     0.00009     0.00069
51436    -0.00129     0.00019     0.00078
51466    -0.00054     0.00032     0.00043
51497    -0.00100     0.00027     0.00004
51527     0.00010     0.00028    -0.00059
51558     0.00079     0.00060    -0.00140
51589     0.00057     0.00075    -0.00176
51618     0.00002     0.00082    -0.00175
51649     0.00004     0.00096    -0.00198
51679    -0.00011     0.00097    -0.00118
51710    -0.00037     0.00044    -0.00037
51740    -0.00053     0.00020     0.00056
51771    -0.00091     0.00024     0.00120
51802    -0.00103     0.00027     0.00114
51832    -0.00113     0.00034     0.00066
51863    -0.00093     0.00025     0.00002
51893     0.00024     0.00056    -0.00048
51924    -0.00058     0.00031    -0.00098
51955    -0.00179     0.00017    -0.00110
51983    -0.00180     0.00017    -0.00139
52014    -0.00004     0.00032    -0.00142
52044     0.00072    -0.00008    -0.00062
52075     0.00046    -0.00032     0.00025
52105     0.00067    -0.00034     0.00139
52136     0.00028    -0.00006     0.00210
52167    -0.00086    -0.00003     0.00205
52197    -0.00115     0.00003     0.00171
52228    -0.00085     0.00023     0.00113
52258    -0.00027     0.00011     0.00034
52289    -0.00044     0.00022    -0.00028
52320    -0.00043     0.00023    -0.00067
52348     0.00022     0.00014    -0.00099
52379     0.00057    -0.00016    -0.00109
52409     0.00095    -0.00069    -0.00044
52440     0.00188    -0.00105     0.00065
52470    -0.00015    -0.00101     0.00175
52501     0.00009    -0.00056     0.00231
52532    -0.00012    -0.00022     0.00220
52562    -0.00090    -0.00015     0.00147
52593    -0.00034    -0.00011     0.00064
52623    -0.00038    -0.00016     0.00001
52654    -0.00057    -0.00008    -0.00054
52685    -0.00098    -0.00010    -0.00085
52713    -0.00127    -0.00026    -0.00087
52744    -0.00031    -0.00029    -0.00081
52774     0.00133    -0.00066    -0.00052
52805     0.00154    -0.00102     0.00026
52835     0.00032    -0.00076     0.00140
52866    -0.00060    -0.00026     0.00206
52897    -0.00056    -0.00000     0.00202
52927    -0.00060    -0.00008     0.00162
52958    -0.00095    -0.00020     0.00081
52988    -0.00077    -0.00022     0.00023
53019     0.00004    -0.00016    -0.00030
53050    -0.00001    -0.00008    -0.00059
53079     0.00004    -0.00010    -0.00082
53110     0.00060     0.00011    -0.00103
53140     0.00049    -0.00032    -0.00061
53171     0.00043    -0.00061     0.00028
53201     0.00059    -0.00059     0.00123
53232     0.00026    -0.00017     0.00171
53263    -0.00095    -0.00015     0.00165
53293    -0.00172    -0.00011     0.00123
53324    -0.00065    -0.00020     0.00041
53354     0.00012     0.00014    -0.00035
53385     0.00006     0.00019    -0.00080
53416    -0.00058    -0.00005    -0.00117
53444    -0.00110    -0.00013    -0.00146
53475    -0.00032    -0.00030    -0.00135
53505     0.00132    -0.00035    -0.00108
53536     0.00191    -0.00061    -0.00008
53566     0.00007    -0.00060     0.00117
53597    -0.00071    -0.00026     0.00193
53628    -0.00098    -0.00011     0.00202
53658    -0.00073    -0.00030     0.00163
53689    -0.00051    -0.00049     0.00120
53719    -0.00002    -0.00081     0.00043
53750     0.00003    -0.00087    -0.00010
53781    -0.00011    -0.00065    -0.00057
53809     0.00044    -0.00034    -0.00114
53840     0.00108    -0.00027    -0.00104
53870     0.00118    -0.00052    -0.00041
53901     0.00091    -0.00070     0.00064
53931    -0.00039    -0.00074     0.00206
53962     0.00019    -0.00016     0.00241
53993    -0.00045    -0.00004     0.00226
54023    -0.00034    -0.00014     0.00176
54054     0.00041    -0.00008     0.00084
54084     0.00042    -0.00010     0.00017
54115     0.00052    -0.00015    -0.00026
54146     0.00104     0.00004    -0.00069
54174     0.00109    -0.00021    -0.00093
54205     0.00153    -0.00042    -0.00082
54235     0.00192    -0.00047    -0.00035
54266     0.00144    -0.00055     0.00068
54296    -0.00014    -0.00027     0.00167
54327     0.00057     0.00041     0.00205
54358    -0.00049     0.00069     0.00185
54388    -0.00047     0.00050     0.00150
54419     0.00012     0.00072     0.00094
54449     0.00062     0.00067     0.00016
54480     0.00087     0.00065    -0.00058
54511     0.00104     0.00050    -0.00107
54540     0.00101     0.00021    -0.00154
54571     0.00090     0.00014    -0.00156
54601     0.00133    -0.00022    -0.00086
54632     0.00077    -0.00045     0.00010
54662     0.00047    -0.00027     0.00109
54693     0.00012     0.00032     0.00159
54724    -0.00079     0.00041     0.00138
54754    -0.00054     0.00036     0.00093
54785    -0.00060     0.00035     0.00052
54815    -0.00036     0.00022    -0.00022
54846     0.00001     0.00019    -0.00072
54877     0.00004     0.00052    -0.00116
54905    -0.00001     0.00046    -0.00163
54936     0.00082     0.00025    -0.00165
54966     0.00089    -0.00009    -0.00105
54997     0.00111    -0.00042     0.00005
55027    -0.00038    -0.00041     0.00116
55058    -0.00067     0.00005     0.00161
55089     0.00024     0.00039     0.00169
55119    -0.00054     0.00028     0.00125
55150    -0.00054     0.00040     0.00024
55180    -0.00004     0.00047    -0.00050
55211    -0.00003     0.00064    -0.00093
55242    -0.00039     0.00047    -0.00128
55270    -0.00025     0.00067    -0.00165
55301     0.00009     0.00045    -0.00143
55331     0.00053     0.00016    -0.00090
55362     0.00050    -0.00012    -0.00006
55392    -0.00039    -0.00008     0.00116
55423     0.00013     0.00051     0.00190
55454    -0.00048     0.00080     0.00180
55484    -0.00177     0.00070     0.00143
55515    -0.00140     0.00060     0.00073
55545    -0.00127     0.00056    -0.00013
55576    -0.00100     0.00042    -0.00065
55607    -0.00098     0.00037    -0.00100
55635    -0.00036     0.00030    -0.00150
55666     0.00087    -0.00002    -0.00149
55696     0.00035    -0.00040    -0.00093
55727     0.00008    -0.00052     0.00030
55757    -0.00004    -0.00048     0.00146
55788    -0.00053     0.00002     0.00217
55819    -0.00157     0.00033     0.00216
55849    -0.00086     0.00052     0.00161
55880    -0.00054     0.00049     0.00098
55910    -0.00025     0.00031     0.00041
55941    -0.00004     0.00030    -0.00006
55972    -0.00086     0.00013    -0.00032
56001    -0.00080     0.00000    -0.00042
56032     0.00021    -0.00019    -0.00053
56062     0.00077    -0.00030    -0.00019
56093     0.00101    -0.00052     0.00080
56123    -0.00026    -0.00031     0.00182
56154     0.00001     0.00027     0.00233
56185    -0.00078     0.00073     0.00227
56215    -0.00125     0.00066     0.00172
56246    -0.00139     0.00076     0.00097
56276    -0.00117     0.00071     0.00025
56307    -0.00112     0.00060    -0.00038
56338    -0.00103     0.00052    -0.00086
56366    -0.00039     0.00035    -0.00109
56397     0.00015     0.00040    -0.00108
56427     0.00129     0.00005    -0.00044
56458     0.00155    -0.00051     0.00031
56488     0.00023    -0.00054     0.00152
56519     0.00017    -0.00015     0.00226
56550     0.00006    -0.00013     0.00229
56580    -0.00002    -0.00017     0.00185
56611    -0.00001    -0.00041     0.00123
56641     0.00052    -0.00049     0.00066
56672     0.00107    -0.00033     0.00020
56703     0.00124    -0.00029    -0.00011
56731     0.00130    -0.00044    -0.00038
56762     0.00190    -0.00063    -0.00021
56792     0.00221    -0.00078     0.00003
56823     0.00152    -0.00093     0.00077
56853     0.00063    -0.00084     0.00166
56884     0.00025    -0.00025     0.00214
56915     0.00002     0.00007     0.00193
56945    -0.00054     0.00015     0.00131
56976     0.00007    -0.00002     0.00061
57006    -0.00041    -0.00036     0.00000
57037    -0.00066    -0.00033    -0.00038
57068    -0.00028    -0.00040    -0.00096
57096     0.00018    -0.00050    -0.00135
57127     0.00051    -0.00056    -0.00130
57157     0.00160    -0.00091    -0.00078
57188     0.00159    -0.00122     0.00009
57218     0.00052    -0.00110     0.00093
57249     0.00063    -0.00053     0.00151
57280    -0.00110    -0.00027     0.00157
57310    -0.00042    -0.00020     0.00120
57341    -0.00082    -0.00016     0.00046
57371    -0.00123    -0.00008    -0.00025
57402    -0.00036     0.00007    -0.00087
57433    -0.00059    -0.00007    -0.00139
57462     0.00003    -0.00012    -0.00185
57493     0.00051    -0.00012    -0.00190
57523     0.00079    -0.00023    -0.00137
57554     0.00111    -0.00040    -0.00035
