# Hydrology loading displacements computed from the monthly GLDAS NOAH model
# This is a product of the Hydrology loading service: http://lacerta.gsfc.nasa.gov/hydlo/
# Displacements are with respect to the center of mass of the total earth
#
# Created for VieVS on 17.03.2017 at 11:46:08 local time
# OFFSET + TREND REMOVED!!! - Hana 
# mjd up (meters) eastwest (meters) northsouth (meters)
43888    -0.00351    -0.00067    -0.00062
43919    -0.00436    -0.00099    -0.00130
43947    -0.00436    -0.00088    -0.00113
43978    -0.00424    -0.00068    -0.00063
44008    -0.00282    -0.00036     0.00056
44039    -0.00061     0.00008     0.00152
44069     0.00256     0.00052     0.00161
44100     0.00367     0.00082     0.00120
44131     0.00405     0.00088     0.00108
44161     0.00396     0.00087     0.00101
44192     0.00245     0.00049     0.00065
44222     0.00178    -0.00017     0.00021
44253    -0.00012    -0.00085    -0.00008
44284    -0.00208    -0.00108    -0.00058
44313    -0.00278    -0.00110    -0.00099
44344    -0.00214    -0.00085    -0.00040
44374    -0.00130    -0.00044     0.00055
44405     0.00075    -0.00007     0.00150
44435     0.00365     0.00027     0.00145
44466     0.00512     0.00052     0.00110
44497     0.00430     0.00063     0.00081
44527     0.00337     0.00068     0.00079
44558     0.00231     0.00037     0.00042
44588     0.00131    -0.00015     0.00004
44619     0.00131    -0.00057    -0.00023
44650     0.00089    -0.00092    -0.00046
44678     0.00037    -0.00117    -0.00082
44709     0.00035    -0.00113    -0.00045
44739     0.00060    -0.00088     0.00049
44770     0.00132    -0.00018     0.00176
44800     0.00336     0.00045     0.00152
44831     0.00457     0.00085     0.00102
44862     0.00458     0.00096     0.00071
44892     0.00290     0.00104     0.00036
44923     0.00158     0.00093     0.00007
44953     0.00018     0.00036    -0.00024
44984    -0.00197    -0.00041    -0.00075
45015    -0.00276    -0.00059    -0.00125
45043    -0.00269    -0.00072    -0.00129
45074    -0.00249    -0.00090    -0.00045
45104    -0.00131    -0.00067     0.00043
45135    -0.00025    -0.00016     0.00197
45165     0.00167     0.00004     0.00273
45196     0.00306     0.00041     0.00194
45227     0.00297     0.00068     0.00149
45257     0.00106     0.00041     0.00126
45288    -0.00029     0.00030     0.00039
45318    -0.00287    -0.00000    -0.00046
45349    -0.00401    -0.00029    -0.00095
45380    -0.00552    -0.00068    -0.00143
45408    -0.00624    -0.00045    -0.00138
45439    -0.00591    -0.00014    -0.00050
45469    -0.00480     0.00035     0.00048
45500    -0.00239     0.00072     0.00162
45530     0.00032     0.00124     0.00202
45561     0.00216     0.00136     0.00142
45592     0.00300     0.00158     0.00098
45622     0.00150     0.00175     0.00056
45653    -0.00040     0.00156     0.00045
45683    -0.00412     0.00090    -0.00000
45714    -0.00543     0.00047    -0.00061
45745    -0.00564     0.00024    -0.00062
45774    -0.00563     0.00020    -0.00039
45805    -0.00513    -0.00021     0.00026
45835    -0.00374     0.00008     0.00134
45866    -0.00201     0.00051     0.00210
45896     0.00074     0.00112     0.00219
45927     0.00210     0.00143     0.00171
45958     0.00267     0.00141     0.00145
45988     0.00124     0.00138     0.00104
46019    -0.00076     0.00101     0.00081
46049    -0.00266     0.00050     0.00024
46080    -0.00442    -0.00031    -0.00023
46111    -0.00472    -0.00084    -0.00090
46139    -0.00475    -0.00061    -0.00106
46170    -0.00365    -0.00072    -0.00050
46200    -0.00248    -0.00039     0.00013
46231    -0.00026     0.00013     0.00120
46261     0.00235     0.00023     0.00132
46292     0.00321     0.00048     0.00098
46323     0.00309     0.00081     0.00081
46353     0.00118     0.00121     0.00054
46384    -0.00067     0.00112     0.00018
46414    -0.00278     0.00049    -0.00035
46445    -0.00264    -0.00012    -0.00096
46476    -0.00356    -0.00053    -0.00127
46504    -0.00374    -0.00099    -0.00125
46535    -0.00315    -0.00098    -0.00060
46565    -0.00233    -0.00070     0.00064
46596    -0.00045    -0.00032     0.00188
46626     0.00196     0.00041     0.00200
46657     0.00383     0.00070     0.00165
46688     0.00337     0.00071     0.00148
46718     0.00151     0.00060     0.00133
46749     0.00053     0.00048     0.00069
46779    -0.00075     0.00017     0.00011
46810    -0.00159    -0.00020    -0.00035
46841    -0.00231    -0.00036    -0.00071
46869    -0.00330    -0.00038    -0.00102
46900    -0.00265    -0.00052    -0.00046
46930    -0.00118    -0.00023     0.00046
46961     0.00041    -0.00003     0.00110
46991     0.00236     0.00049     0.00175
47022     0.00320     0.00067     0.00148
47053     0.00371     0.00087     0.00099
47083     0.00396     0.00079     0.00057
47114     0.00265     0.00070     0.00020
47144     0.00114     0.00020    -0.00009
47175    -0.00050    -0.00026    -0.00070
47206    -0.00098    -0.00061    -0.00111
47235    -0.00047    -0.00091    -0.00131
47266     0.00015    -0.00080    -0.00069
47296     0.00115    -0.00057    -0.00007
47327     0.00343    -0.00036     0.00098
47357     0.00513     0.00001     0.00102
47388     0.00606     0.00028     0.00032
47419     0.00589     0.00064    -0.00025
47449     0.00528     0.00076    -0.00023
47480     0.00398     0.00038    -0.00029
47510     0.00268    -0.00019    -0.00065
47541     0.00144    -0.00066    -0.00121
47572     0.00057    -0.00082    -0.00164
47600     0.00027    -0.00070    -0.00172
47631     0.00119    -0.00061    -0.00124
47661     0.00231    -0.00045    -0.00029
47692     0.00312     0.00021     0.00099
47722     0.00515     0.00045     0.00136
47753     0.00617     0.00045     0.00114
47784     0.00565     0.00071     0.00094
47814     0.00521     0.00068     0.00049
47845     0.00431     0.00049     0.00020
47875     0.00370    -0.00042    -0.00036
47906     0.00281    -0.00103    -0.00093
47937     0.00173    -0.00126    -0.00153
47965     0.00104    -0.00090    -0.00160
47996     0.00154    -0.00062    -0.00099
48026     0.00192    -0.00036     0.00003
48057     0.00302     0.00017     0.00100
48087     0.00488     0.00055     0.00111
48118     0.00571     0.00087     0.00101
48149     0.00593     0.00085     0.00076
48179     0.00486     0.00107     0.00023
48210     0.00366     0.00092    -0.00028
48240     0.00250     0.00045    -0.00092
48271     0.00150     0.00019    -0.00156
48302     0.00171     0.00007    -0.00190
48330     0.00097    -0.00049    -0.00224
48361     0.00079    -0.00069    -0.00157
48391     0.00064    -0.00064    -0.00038
48422     0.00159    -0.00017     0.00082
48452     0.00372     0.00020     0.00136
48483     0.00522     0.00054     0.00098
48514     0.00484     0.00087     0.00087
48544     0.00436     0.00091     0.00061
48575     0.00226     0.00096     0.00028
48605     0.00033     0.00089    -0.00034
48636    -0.00127     0.00049    -0.00099
48667    -0.00212     0.00010    -0.00131
48696    -0.00281     0.00008    -0.00125
48727    -0.00218    -0.00014    -0.00081
48757    -0.00059     0.00010     0.00015
48788     0.00062     0.00052     0.00117
48818     0.00201     0.00088     0.00157
48849     0.00330     0.00117     0.00111
48880     0.00335     0.00114     0.00085
48910     0.00338     0.00118     0.00045
48941     0.00152     0.00079    -0.00012
48971     0.00023     0.00034    -0.00034
49002    -0.00193    -0.00010    -0.00096
49033    -0.00293    -0.00037    -0.00163
49061    -0.00338    -0.00051    -0.00190
49092    -0.00359    -0.00059    -0.00138
49122    -0.00266    -0.00031    -0.00062
49153    -0.00111     0.00010     0.00042
49183     0.00035     0.00069     0.00072
49214     0.00173     0.00095     0.00045
49245     0.00187     0.00109    -0.00002
49275     0.00129     0.00103    -0.00022
49306     0.00023     0.00083    -0.00049
49336    -0.00087     0.00044    -0.00081
49367    -0.00169    -0.00036    -0.00119
49398    -0.00251    -0.00077    -0.00154
49426    -0.00277    -0.00071    -0.00166
49457    -0.00278    -0.00069    -0.00111
49487    -0.00229    -0.00057    -0.00031
49518    -0.00066    -0.00034     0.00052
49548     0.00129     0.00020     0.00043
49579     0.00298     0.00030    -0.00002
49610     0.00324     0.00041    -0.00053
49640     0.00126     0.00018    -0.00059
49671    -0.00061    -0.00022    -0.00103
49701    -0.00204    -0.00044    -0.00174
49732    -0.00336    -0.00065    -0.00239
49763    -0.00398    -0.00074    -0.00292
49791    -0.00455    -0.00091    -0.00306
49822    -0.00464    -0.00102    -0.00219
49852    -0.00516    -0.00075    -0.00099
49883    -0.00468    -0.00022    -0.00003
49913    -0.00191     0.00032     0.00014
49944     0.00030     0.00055    -0.00054
49975     0.00099     0.00073    -0.00098
50005     0.00033     0.00073    -0.00112
50036    -0.00055     0.00054    -0.00136
50066    -0.00153    -0.00030    -0.00142
50097    -0.00246    -0.00097    -0.00203
50128    -0.00330    -0.00140    -0.00263
50157    -0.00355    -0.00149    -0.00294
50188    -0.00320    -0.00155    -0.00241
50218    -0.00214    -0.00145    -0.00075
50249    -0.00027    -0.00142     0.00086
50279     0.00133    -0.00140     0.00231
50310     0.00269    -0.00125     0.00319
50341     0.00306    -0.00142     0.00335
50371     0.00300    -0.00150     0.00297
50402     0.00185    -0.00177     0.00234
50432     0.00058    -0.00199     0.00144
50463    -0.00088    -0.00231     0.00047
50494    -0.00226    -0.00237    -0.00062
50522    -0.00303    -0.00248    -0.00144
50553    -0.00342    -0.00254    -0.00149
50583    -0.00366    -0.00216    -0.00112
50614    -0.00279    -0.00150    -0.00013
50644    -0.00089    -0.00067     0.00015
50675     0.00036     0.00009    -0.00003
50706    -0.00012     0.00044    -0.00058
50736    -0.00198     0.00033    -0.00146
50767    -0.00363    -0.00004    -0.00244
50797    -0.00491    -0.00064    -0.00328
50828    -0.00639    -0.00097    -0.00377
50859    -0.00766    -0.00112    -0.00393
50887    -0.00870    -0.00101    -0.00402
50918    -0.00879    -0.00087    -0.00340
50948    -0.00763    -0.00045    -0.00208
50979    -0.00635    -0.00005    -0.00069
51009    -0.00381     0.00064    -0.00074
51040    -0.00169     0.00085    -0.00118
51071    -0.00071     0.00080    -0.00179
51101    -0.00196     0.00101    -0.00216
51132    -0.00416     0.00089    -0.00237
51162    -0.00524     0.00035    -0.00246
51193    -0.00606    -0.00014    -0.00261
51224    -0.00656    -0.00051    -0.00269
51252    -0.00588    -0.00064    -0.00255
51283    -0.00552    -0.00052    -0.00176
51313    -0.00563    -0.00010    -0.00080
51344    -0.00409     0.00051     0.00015
51374    -0.00214     0.00078     0.00037
51405    -0.00030     0.00084    -0.00012
51436    -0.00022     0.00087    -0.00037
51466    -0.00007     0.00086    -0.00067
51497    -0.00012     0.00061    -0.00080
51527    -0.00080     0.00007    -0.00085
51558    -0.00126    -0.00116    -0.00084
51589    -0.00211    -0.00182    -0.00092
51618    -0.00321    -0.00189    -0.00104
51649    -0.00322    -0.00185    -0.00091
51679    -0.00177    -0.00127    -0.00059
51710    -0.00028    -0.00045    -0.00009
51740     0.00125     0.00007     0.00036
51771     0.00275     0.00043     0.00023
51802     0.00272     0.00035     0.00019
51832     0.00172     0.00027    -0.00029
51863    -0.00051    -0.00001    -0.00058
51893    -0.00117    -0.00053    -0.00071
51924    -0.00224    -0.00074    -0.00084
51955    -0.00314    -0.00045    -0.00107
51983    -0.00375    -0.00053    -0.00118
52014    -0.00322    -0.00066    -0.00080
52044    -0.00178    -0.00022     0.00000
52075     0.00007     0.00027     0.00066
52105     0.00190     0.00072     0.00108
52136     0.00310     0.00117     0.00094
52167     0.00319     0.00136     0.00078
52197     0.00296     0.00144     0.00042
52228     0.00247     0.00109     0.00001
52258     0.00089     0.00048    -0.00009
52289     0.00039    -0.00022    -0.00034
52320     0.00008    -0.00035    -0.00047
52348    -0.00019    -0.00030    -0.00053
52379    -0.00019    -0.00048    -0.00007
52409     0.00038    -0.00009     0.00076
52440     0.00170     0.00039     0.00175
52470     0.00329     0.00093     0.00193
52501     0.00420     0.00121     0.00174
52532     0.00375     0.00129     0.00133
52562     0.00253     0.00123     0.00069
52593     0.00148     0.00079     0.00016
52623     0.00077     0.00035     0.00001
52654     0.00018    -0.00030    -0.00008
52685    -0.00039    -0.00065    -0.00012
52713    -0.00091    -0.00073     0.00001
52744    -0.00065    -0.00088     0.00043
52774    -0.00043    -0.00048     0.00121
52805     0.00081     0.00001     0.00192
52835     0.00274     0.00059     0.00190
52866     0.00418     0.00086     0.00145
52897     0.00403     0.00115     0.00087
52927     0.00363     0.00125     0.00052
52958     0.00249     0.00095     0.00019
52988     0.00154     0.00054    -0.00000
53019     0.00078    -0.00017    -0.00008
53050     0.00041    -0.00065    -0.00017
53079    -0.00014    -0.00079    -0.00022
53110     0.00021    -0.00096    -0.00017
53140     0.00070    -0.00058     0.00044
53171     0.00139     0.00011     0.00113
53201     0.00256     0.00065     0.00139
53232     0.00370     0.00098     0.00101
53263     0.00339     0.00133     0.00064
53293     0.00212     0.00126     0.00028
53324     0.00003     0.00072     0.00004
53354    -0.00083     0.00006    -0.00038
53385    -0.00231    -0.00052    -0.00065
53416    -0.00344    -0.00094    -0.00078
53444    -0.00364    -0.00127    -0.00080
53475    -0.00335    -0.00120    -0.00033
53505    -0.00278    -0.00113     0.00026
53536    -0.00168    -0.00058     0.00125
53566     0.00095     0.00019     0.00145
53597     0.00227     0.00084     0.00104
53628     0.00261     0.00116     0.00073
53658     0.00158     0.00130     0.00064
53689     0.00077     0.00114     0.00054
53719    -0.00026     0.00028     0.00077
53750    -0.00126    -0.00053     0.00091
53781    -0.00170    -0.00087     0.00072
53809    -0.00190    -0.00126     0.00057
53840    -0.00187    -0.00149     0.00083
53870    -0.00086    -0.00098     0.00121
53901     0.00084    -0.00027     0.00169
53931     0.00269     0.00059     0.00186
53962     0.00370     0.00084     0.00145
53993     0.00346     0.00108     0.00090
54023     0.00212     0.00089     0.00080
54054     0.00120     0.00021     0.00052
54084     0.00047    -0.00026     0.00036
54115    -0.00058    -0.00046     0.00026
54146    -0.00080    -0.00073    -0.00006
54174    -0.00103    -0.00077     0.00005
54205    -0.00126    -0.00072     0.00058
54235    -0.00045    -0.00049     0.00095
54266     0.00110     0.00011     0.00143
54296     0.00310     0.00070     0.00118
54327     0.00429     0.00072     0.00065
54358     0.00431     0.00086     0.00008
54388     0.00325     0.00088     0.00010
54419     0.00290     0.00029    -0.00000
54449     0.00105    -0.00032    -0.00016
54480    -0.00030    -0.00102    -0.00017
54511    -0.00135    -0.00128    -0.00024
54540    -0.00205    -0.00141    -0.00017
54571    -0.00168    -0.00127    -0.00003
54601    -0.00080    -0.00085     0.00068
54632     0.00031    -0.00023     0.00125
54662     0.00245     0.00026     0.00114
54693     0.00373     0.00054     0.00054
54724     0.00327     0.00076    -0.00004
54754     0.00235     0.00077    -0.00030
54785     0.00151     0.00072    -0.00056
54815     0.00044     0.00013    -0.00055
54846    -0.00090    -0.00035    -0.00058
54877    -0.00152    -0.00087    -0.00078
54905    -0.00191    -0.00109    -0.00079
54936    -0.00215    -0.00101    -0.00043
54966    -0.00159    -0.00058     0.00018
54997    -0.00058    -0.00009     0.00099
55027     0.00128     0.00037     0.00111
55058     0.00271     0.00064     0.00078
55089     0.00324     0.00076     0.00036
55119     0.00207     0.00092     0.00013
55150     0.00110     0.00025    -0.00019
55180     0.00022    -0.00042    -0.00038
55211    -0.00083    -0.00095    -0.00073
55242    -0.00236    -0.00097    -0.00101
55270    -0.00247    -0.00116    -0.00112
55301    -0.00217    -0.00110    -0.00065
55331    -0.00180    -0.00076    -0.00002
55362    -0.00064    -0.00028     0.00070
55392     0.00137     0.00041     0.00089
55423     0.00304     0.00077     0.00041
55454     0.00338     0.00113    -0.00026
55484     0.00274     0.00127    -0.00071
55515     0.00145     0.00084    -0.00082
55545    -0.00038     0.00019    -0.00103
55576    -0.00236    -0.00053    -0.00100
55607    -0.00298    -0.00081    -0.00097
55635    -0.00391    -0.00108    -0.00077
55666    -0.00428    -0.00104    -0.00017
55696    -0.00417    -0.00066     0.00058
55727    -0.00285     0.00003     0.00136
55757    -0.00039     0.00076     0.00138
55788     0.00152     0.00112     0.00096
55819     0.00228     0.00131     0.00034
55849     0.00176     0.00090     0.00006
55880     0.00112     0.00048    -0.00006
55910     0.00021     0.00021    -0.00016
55941    -0.00043    -0.00027    -0.00028
55972    -0.00126    -0.00050    -0.00025
56001    -0.00142    -0.00041    -0.00008
56032    -0.00134    -0.00051     0.00026
56062    -0.00051    -0.00034     0.00066
56093     0.00114     0.00003     0.00140
56123     0.00304     0.00039     0.00132
56154     0.00426     0.00074     0.00068
56185     0.00460     0.00102    -0.00019
56215     0.00383     0.00086    -0.00038
56246     0.00299     0.00043    -0.00076
56276     0.00198    -0.00015    -0.00091
56307     0.00090    -0.00051    -0.00099
56338     0.00024    -0.00075    -0.00110
56366    -0.00014    -0.00078    -0.00096
56397    -0.00018    -0.00090    -0.00061
56427     0.00048    -0.00055     0.00014
56458     0.00117     0.00010     0.00094
56488     0.00273     0.00073     0.00105
56519     0.00351     0.00118     0.00076
56550     0.00300     0.00133     0.00051
56580     0.00175     0.00144     0.00043
56611     0.00092     0.00103     0.00051
56641     0.00001     0.00058     0.00044
56672    -0.00040     0.00008     0.00045
56703    -0.00094    -0.00030     0.00056
56731    -0.00137    -0.00077     0.00092
56762    -0.00109    -0.00076     0.00134
56792    -0.00053    -0.00066     0.00167
56823     0.00041    -0.00010     0.00208
56853     0.00190     0.00044     0.00205
56884     0.00297     0.00067     0.00141
56915     0.00262     0.00091     0.00075
56945     0.00140     0.00085     0.00031
56976     0.00069     0.00053     0.00009
57006    -0.00037     0.00008     0.00013
57037    -0.00124    -0.00002    -0.00018
57068    -0.00199    -0.00029    -0.00034
57096    -0.00227    -0.00043    -0.00039
57127    -0.00189    -0.00048    -0.00020
57157    -0.00237    -0.00015     0.00049
57188    -0.00174     0.00037     0.00118
57218    -0.00002     0.00067     0.00146
57249     0.00148     0.00089     0.00102
57280     0.00195     0.00107     0.00054
57310     0.00129     0.00115     0.00004
57341    -0.00017     0.00119    -0.00063
57371    -0.00142     0.00113    -0.00116
57402    -0.00233     0.00053    -0.00132
57433    -0.00280     0.00004    -0.00124
57462    -0.00296    -0.00048    -0.00107
57493    -0.00297    -0.00069    -0.00078
57523    -0.00281    -0.00037    -0.00036
57554    -0.00098     0.00008     0.00017
