# Hydrology loading displacements computed from the monthly GLDAS NOAH model
# This is a product of the Hydrology loading service: http://lacerta.gsfc.nasa.gov/hydlo/
# Displacements are with respect to the center of mass of the total earth
#
# Created for VieVS on 17.03.2017 at 11:46:08 local time
# OFFSET + TREND REMOVED!!! - Hana 
# mjd up (meters) eastwest (meters) northsouth (meters)
43888    -0.00293    -0.00079    -0.00041
43919    -0.00336    -0.00120    -0.00107
43947    -0.00287    -0.00107    -0.00086
43978    -0.00237    -0.00089    -0.00034
44008    -0.00134    -0.00055     0.00083
44039    -0.00081    -0.00004     0.00181
44069     0.00143     0.00042     0.00186
44100     0.00144     0.00073     0.00137
44131     0.00153     0.00085     0.00114
44161     0.00199     0.00087     0.00102
44192     0.00130     0.00047     0.00075
44222     0.00110    -0.00015     0.00026
44253     0.00017    -0.00076     0.00008
44284    -0.00101    -0.00113    -0.00020
44313    -0.00090    -0.00127    -0.00045
44344    -0.00034    -0.00102     0.00011
44374     0.00053    -0.00054     0.00106
44405     0.00208    -0.00005     0.00182
44435     0.00386     0.00014     0.00173
44466     0.00420     0.00038     0.00131
44497     0.00257     0.00054     0.00095
44527     0.00178     0.00077     0.00076
44558     0.00147     0.00046     0.00036
44588     0.00095     0.00005    -0.00006
44619     0.00102    -0.00039    -0.00043
44650     0.00106    -0.00072    -0.00069
44678     0.00076    -0.00102    -0.00093
44709     0.00117    -0.00099    -0.00056
44739     0.00134    -0.00073     0.00027
44770     0.00178     0.00001     0.00155
44800     0.00184     0.00049     0.00145
44831     0.00195     0.00083     0.00102
44862     0.00185     0.00105     0.00074
44892     0.00096     0.00122     0.00033
44923     0.00081     0.00116     0.00001
44953     0.00011     0.00061    -0.00037
44984    -0.00066    -0.00012    -0.00092
45015    -0.00096    -0.00035    -0.00138
45043    -0.00069    -0.00050    -0.00139
45074    -0.00020    -0.00068    -0.00060
45104     0.00033    -0.00051     0.00034
45135     0.00083    -0.00009     0.00191
45165     0.00144     0.00009     0.00269
45196     0.00194     0.00025     0.00213
45227     0.00192     0.00046     0.00174
45257     0.00143     0.00034     0.00136
45288     0.00092     0.00023     0.00049
45318    -0.00170    -0.00005    -0.00037
45349    -0.00260    -0.00030    -0.00094
45380    -0.00409    -0.00072    -0.00131
45408    -0.00437    -0.00056    -0.00126
45439    -0.00374    -0.00030    -0.00040
45469    -0.00207     0.00014     0.00050
45500    -0.00047     0.00053     0.00167
45530     0.00114     0.00100     0.00206
45561     0.00201     0.00101     0.00154
45592     0.00262     0.00127     0.00098
45622     0.00015     0.00131     0.00051
45653    -0.00121     0.00129     0.00025
45683    -0.00312     0.00068    -0.00017
45714    -0.00332     0.00024    -0.00074
45745    -0.00291     0.00006    -0.00089
45774    -0.00244     0.00003    -0.00070
45805    -0.00185    -0.00043     0.00008
45835    -0.00082    -0.00016     0.00111
45866     0.00006     0.00037     0.00184
45896     0.00097     0.00094     0.00191
45927     0.00072     0.00125     0.00150
45958     0.00117     0.00120     0.00123
45988    -0.00033     0.00114     0.00099
46019    -0.00183     0.00093     0.00074
46049    -0.00372     0.00046     0.00019
46080    -0.00549    -0.00043    -0.00022
46111    -0.00540    -0.00106    -0.00088
46139    -0.00489    -0.00081    -0.00101
46170    -0.00360    -0.00093    -0.00032
46200    -0.00268    -0.00061     0.00043
46231    -0.00113     0.00002     0.00148
46261     0.00072     0.00012     0.00155
46292     0.00056     0.00027     0.00117
46323     0.00082     0.00064     0.00092
46353    -0.00152     0.00108     0.00068
46384    -0.00281     0.00103     0.00033
46414    -0.00356     0.00029    -0.00010
46445    -0.00273    -0.00033    -0.00080
46476    -0.00285    -0.00065    -0.00117
46504    -0.00232    -0.00106    -0.00121
46535    -0.00132    -0.00105    -0.00057
46565    -0.00051    -0.00074     0.00056
46596    -0.00026    -0.00023     0.00190
46626     0.00079     0.00044     0.00205
46657     0.00234     0.00064     0.00179
46688     0.00184     0.00067     0.00165
46718     0.00034     0.00067     0.00150
46749    -0.00083     0.00056     0.00089
46779    -0.00188     0.00027     0.00026
46810    -0.00235    -0.00005    -0.00023
46841    -0.00233    -0.00019    -0.00061
46869    -0.00254    -0.00026    -0.00089
46900    -0.00174    -0.00045    -0.00035
46930    -0.00066    -0.00017     0.00054
46961    -0.00001     0.00019     0.00117
46991     0.00126     0.00070     0.00181
47022     0.00153     0.00079     0.00156
47053     0.00184     0.00097     0.00104
47083     0.00242     0.00087     0.00058
47114     0.00186     0.00073     0.00032
47144     0.00087     0.00029     0.00001
47175    -0.00018    -0.00014    -0.00055
47206    -0.00029    -0.00055    -0.00099
47235     0.00040    -0.00088    -0.00123
47266     0.00089    -0.00077    -0.00059
47296     0.00189    -0.00053     0.00004
47327     0.00326    -0.00026     0.00110
47357     0.00362     0.00016     0.00113
47388     0.00368     0.00033     0.00045
47419     0.00291     0.00073    -0.00008
47449     0.00266     0.00079    -0.00012
47480     0.00210     0.00043    -0.00028
47510     0.00138    -0.00007    -0.00069
47541     0.00069    -0.00054    -0.00124
47572     0.00029    -0.00074    -0.00166
47600     0.00053    -0.00057    -0.00181
47631     0.00156    -0.00046    -0.00137
47661     0.00242    -0.00032    -0.00040
47692     0.00273     0.00035     0.00096
47722     0.00397     0.00059     0.00144
47753     0.00433     0.00053     0.00131
47784     0.00399     0.00079     0.00100
47814     0.00390     0.00074     0.00049
47845     0.00356     0.00056     0.00006
47875     0.00336    -0.00035    -0.00059
47906     0.00279    -0.00091    -0.00119
47937     0.00216    -0.00110    -0.00176
47965     0.00172    -0.00075    -0.00182
47996     0.00198    -0.00048    -0.00115
48026     0.00209    -0.00024    -0.00006
48057     0.00301     0.00026     0.00092
48087     0.00355     0.00048     0.00107
48118     0.00345     0.00078     0.00094
48149     0.00360     0.00077     0.00064
48179     0.00239     0.00104    -0.00004
48210     0.00174     0.00093    -0.00061
48240     0.00110     0.00046    -0.00129
48271     0.00032     0.00021    -0.00186
48302     0.00079     0.00009    -0.00225
48330     0.00061    -0.00049    -0.00255
48361     0.00088    -0.00069    -0.00187
48391     0.00107    -0.00063    -0.00073
48422     0.00194    -0.00022     0.00051
48452     0.00280     0.00021     0.00102
48483     0.00321     0.00057     0.00072
48514     0.00258     0.00103     0.00054
48544     0.00244     0.00107     0.00016
48575     0.00120     0.00110    -0.00013
48605    -0.00058     0.00104    -0.00068
48636    -0.00258     0.00069    -0.00135
48667    -0.00315     0.00033    -0.00173
48696    -0.00320     0.00024    -0.00166
48727    -0.00247    -0.00004    -0.00118
48757    -0.00143     0.00020    -0.00022
48788    -0.00125     0.00075     0.00093
48818     0.00007     0.00102     0.00139
48849     0.00060     0.00120     0.00104
48880     0.00044     0.00106     0.00079
48910     0.00092     0.00110     0.00031
48941    -0.00013     0.00077    -0.00026
48971    -0.00141     0.00033    -0.00042
49002    -0.00296    -0.00018    -0.00086
49033    -0.00333    -0.00053    -0.00138
49061    -0.00336    -0.00067    -0.00157
49092    -0.00277    -0.00070    -0.00111
49122    -0.00172    -0.00039    -0.00042
49153    -0.00070     0.00002     0.00058
49183    -0.00036     0.00060     0.00073
49214     0.00060     0.00083     0.00043
49245     0.00026     0.00087    -0.00001
49275     0.00043     0.00081    -0.00023
49306    -0.00022     0.00061    -0.00051
49336    -0.00076     0.00022    -0.00086
49367    -0.00104    -0.00053    -0.00136
49398    -0.00128    -0.00095    -0.00165
49426    -0.00112    -0.00084    -0.00173
49457    -0.00081    -0.00084    -0.00115
49487    -0.00065    -0.00065    -0.00030
49518     0.00021    -0.00040     0.00051
49548     0.00127     0.00007     0.00043
49579     0.00219     0.00012     0.00004
49610     0.00194     0.00023    -0.00044
49640     0.00130     0.00003    -0.00058
49671     0.00003    -0.00033    -0.00107
49701    -0.00112    -0.00056    -0.00180
49732    -0.00199    -0.00073    -0.00238
49763    -0.00197    -0.00083    -0.00289
49791    -0.00207    -0.00101    -0.00295
49822    -0.00181    -0.00111    -0.00209
49852    -0.00166    -0.00093    -0.00089
49883    -0.00122    -0.00035     0.00013
49913     0.00032     0.00014     0.00029
49944     0.00147     0.00036    -0.00041
49975     0.00153     0.00056    -0.00095
50005     0.00098     0.00054    -0.00117
50036     0.00041     0.00033    -0.00152
50066     0.00002    -0.00040    -0.00168
50097    -0.00039    -0.00096    -0.00232
50128    -0.00065    -0.00127    -0.00295
50157    -0.00039    -0.00132    -0.00327
50188     0.00006    -0.00134    -0.00276
50218     0.00069    -0.00126    -0.00112
50249     0.00174    -0.00121     0.00057
50279     0.00258    -0.00113     0.00209
50310     0.00341    -0.00102     0.00303
50341     0.00361    -0.00116     0.00324
50371     0.00367    -0.00123     0.00283
50402     0.00305    -0.00141     0.00218
50432     0.00231    -0.00154     0.00124
50463     0.00141    -0.00179     0.00028
50494     0.00035    -0.00182    -0.00077
50522    -0.00030    -0.00196    -0.00158
50553    -0.00074    -0.00205    -0.00147
50583    -0.00108    -0.00175    -0.00103
50614    -0.00072    -0.00115    -0.00012
50644     0.00020    -0.00042     0.00010
50675     0.00069     0.00019    -0.00003
50706    -0.00007     0.00047    -0.00052
50736    -0.00166     0.00033    -0.00134
50767    -0.00302    -0.00003    -0.00235
50797    -0.00430    -0.00061    -0.00320
50828    -0.00520    -0.00086    -0.00370
50859    -0.00566    -0.00094    -0.00382
50887    -0.00600    -0.00086    -0.00387
50918    -0.00556    -0.00079    -0.00319
50948    -0.00432    -0.00041    -0.00194
50979    -0.00306    -0.00002    -0.00072
51009    -0.00176     0.00055    -0.00078
51040    -0.00062     0.00063    -0.00114
51071    -0.00013     0.00061    -0.00170
51101    -0.00112     0.00083    -0.00215
51132    -0.00309     0.00083    -0.00227
51162    -0.00367     0.00035    -0.00244
51193    -0.00393    -0.00010    -0.00268
51224    -0.00403    -0.00042    -0.00275
51252    -0.00337    -0.00055    -0.00263
51283    -0.00302    -0.00054    -0.00180
51313    -0.00275    -0.00016    -0.00078
51344    -0.00206     0.00047     0.00011
51374    -0.00248     0.00061     0.00030
51405    -0.00182     0.00057     0.00002
51436    -0.00199     0.00045    -0.00027
51466    -0.00161     0.00048    -0.00057
51497    -0.00128     0.00029    -0.00075
51527    -0.00150    -0.00016    -0.00085
51558    -0.00136    -0.00136    -0.00085
51589    -0.00109    -0.00196    -0.00091
51618    -0.00138    -0.00202    -0.00089
51649    -0.00154    -0.00199    -0.00066
51679    -0.00029    -0.00145    -0.00048
51710    -0.00028    -0.00048    -0.00012
51740     0.00006     0.00004     0.00034
51771     0.00126     0.00038     0.00025
51802     0.00158     0.00033     0.00012
51832     0.00039     0.00031    -0.00048
51863    -0.00288     0.00025    -0.00074
51893    -0.00283    -0.00026    -0.00086
51924    -0.00340    -0.00046    -0.00097
51955    -0.00390    -0.00019    -0.00113
51983    -0.00397    -0.00026    -0.00113
52014    -0.00291    -0.00049    -0.00082
52044    -0.00175    -0.00012     0.00000
52075    -0.00054     0.00032     0.00063
52105     0.00078     0.00073     0.00107
52136     0.00160     0.00114     0.00104
52167     0.00147     0.00137     0.00085
52197     0.00153     0.00140     0.00046
52228     0.00144     0.00111     0.00001
52258     0.00038     0.00060    -0.00009
52289     0.00015    -0.00008    -0.00033
52320    -0.00007    -0.00020    -0.00053
52348     0.00002    -0.00018    -0.00064
52379     0.00000    -0.00035    -0.00025
52409     0.00042    -0.00000     0.00053
52440     0.00107     0.00046     0.00155
52470     0.00186     0.00102     0.00181
52501     0.00260     0.00122     0.00170
52532     0.00226     0.00123     0.00142
52562     0.00139     0.00121     0.00078
52593     0.00052     0.00084     0.00026
52623    -0.00006     0.00043     0.00007
52654    -0.00024    -0.00020    -0.00004
52685    -0.00045    -0.00056    -0.00012
52713    -0.00083    -0.00070     0.00010
52744    -0.00038    -0.00088     0.00047
52774    -0.00010    -0.00050     0.00118
52805     0.00028     0.00000     0.00190
52835     0.00152     0.00057     0.00192
52866     0.00260     0.00081     0.00157
52897     0.00257     0.00107     0.00103
52927     0.00201     0.00118     0.00057
52958     0.00128     0.00088     0.00018
52988     0.00084     0.00049    -0.00002
53019     0.00056    -0.00014    -0.00013
53050     0.00040    -0.00060    -0.00019
53079    -0.00013    -0.00070    -0.00022
53110    -0.00019    -0.00088    -0.00009
53140     0.00028    -0.00053     0.00047
53171     0.00068     0.00015     0.00110
53201     0.00117     0.00066     0.00146
53232     0.00176     0.00097     0.00114
53263     0.00181     0.00127     0.00069
53293     0.00071     0.00135     0.00033
53324    -0.00073     0.00097     0.00010
53354    -0.00150     0.00036    -0.00026
53385    -0.00227    -0.00023    -0.00036
53416    -0.00333    -0.00063    -0.00041
53444    -0.00353    -0.00097    -0.00042
53475    -0.00282    -0.00093    -0.00002
53505    -0.00189    -0.00085     0.00044
53536    -0.00097    -0.00037     0.00133
53566     0.00067     0.00032     0.00158
53597     0.00116     0.00094     0.00125
53628     0.00129     0.00125     0.00092
53658     0.00052     0.00135     0.00080
53689     0.00027     0.00122     0.00065
53719    -0.00027     0.00039     0.00078
53750    -0.00065    -0.00031     0.00084
53781    -0.00077    -0.00063     0.00062
53809    -0.00069    -0.00102     0.00047
53840    -0.00031    -0.00120     0.00073
53870     0.00017    -0.00072     0.00111
53901     0.00101    -0.00005     0.00161
53931     0.00175     0.00074     0.00194
53962     0.00163     0.00098     0.00158
53993     0.00099     0.00126     0.00096
54023     0.00036     0.00107     0.00092
54054     0.00002     0.00040     0.00060
54084    -0.00032    -0.00005     0.00041
54115    -0.00125    -0.00019     0.00036
54146    -0.00132    -0.00045     0.00007
54174    -0.00124    -0.00051     0.00015
54205    -0.00145    -0.00049     0.00068
54235    -0.00096    -0.00030     0.00106
54266     0.00016     0.00025     0.00150
54296     0.00133     0.00086     0.00131
54327     0.00190     0.00082     0.00078
54358     0.00217     0.00091     0.00019
54388     0.00187     0.00090     0.00013
54419     0.00192     0.00031    -0.00003
54449     0.00059    -0.00034    -0.00014
54480    -0.00005    -0.00104    -0.00008
54511    -0.00066    -0.00133    -0.00008
54540    -0.00097    -0.00145    -0.00006
54571    -0.00061    -0.00133     0.00003
54601    -0.00011    -0.00093     0.00069
54632     0.00063    -0.00034     0.00124
54662     0.00128     0.00023     0.00117
54693     0.00184     0.00051     0.00064
54724     0.00125     0.00079    -0.00004
54754     0.00110     0.00080    -0.00035
54785     0.00099     0.00073    -0.00068
54815     0.00021     0.00010    -0.00064
54846    -0.00036    -0.00039    -0.00067
54877    -0.00028    -0.00091    -0.00088
54905    -0.00041    -0.00110    -0.00095
54936    -0.00048    -0.00106    -0.00065
54966    -0.00023    -0.00065    -0.00001
54997     0.00043    -0.00016     0.00086
55027     0.00134     0.00032     0.00098
55058     0.00219     0.00057     0.00075
55089     0.00241     0.00069     0.00037
55119     0.00158     0.00085     0.00009
55150     0.00097     0.00020    -0.00025
55180     0.00047    -0.00045    -0.00045
55211    -0.00008    -0.00099    -0.00074
55242    -0.00164    -0.00099    -0.00090
55270    -0.00144    -0.00121    -0.00094
55301    -0.00090    -0.00117    -0.00056
55331    -0.00049    -0.00085    -0.00004
55362     0.00031    -0.00036     0.00061
55392     0.00102     0.00037     0.00092
55423     0.00200     0.00064     0.00054
55454     0.00243     0.00098    -0.00019
55484     0.00220     0.00111    -0.00060
55515     0.00173     0.00070    -0.00080
55545     0.00092     0.00012    -0.00106
55576     0.00003    -0.00056    -0.00102
55607    -0.00026    -0.00083    -0.00106
55635    -0.00061    -0.00108    -0.00092
55666    -0.00064    -0.00103    -0.00041
55696    -0.00044    -0.00071     0.00033
55727     0.00044    -0.00006     0.00107
55757     0.00141     0.00062     0.00125
55788     0.00244     0.00098     0.00093
55819     0.00267     0.00113     0.00039
55849     0.00249     0.00075     0.00011
55880     0.00208     0.00029    -0.00004
55910     0.00103     0.00005    -0.00016
55941     0.00060    -0.00038    -0.00034
55972     0.00017    -0.00054    -0.00033
56001     0.00014    -0.00042    -0.00016
56032     0.00018    -0.00049     0.00014
56062     0.00052    -0.00033     0.00048
56093     0.00154     0.00001     0.00123
56123     0.00266     0.00032     0.00127
56154     0.00351     0.00061     0.00075
56185     0.00384     0.00087    -0.00005
56215     0.00328     0.00075    -0.00029
56246     0.00297     0.00033    -0.00076
56276     0.00239    -0.00020    -0.00095
56307     0.00145    -0.00051    -0.00103
56338     0.00097    -0.00077    -0.00114
56366     0.00075    -0.00080    -0.00100
56397     0.00087    -0.00097    -0.00065
56427     0.00116    -0.00067     0.00012
56458     0.00124    -0.00002     0.00087
56488     0.00188     0.00065     0.00107
56519     0.00218     0.00105     0.00093
56550     0.00132     0.00122     0.00072
56580     0.00054     0.00128     0.00055
56611    -0.00006     0.00086     0.00059
56641    -0.00081     0.00039     0.00058
56672    -0.00092    -0.00008     0.00053
56703    -0.00099    -0.00045     0.00062
56731    -0.00115    -0.00090     0.00093
56762    -0.00085    -0.00088     0.00132
56792    -0.00043    -0.00080     0.00164
56823    -0.00020    -0.00021     0.00209
56853     0.00063     0.00032     0.00212
56884     0.00144     0.00054     0.00162
56915     0.00102     0.00073     0.00088
56945     0.00019     0.00067     0.00041
56976    -0.00031     0.00042     0.00009
57006    -0.00101     0.00001     0.00010
57037    -0.00164    -0.00005    -0.00021
57068    -0.00233    -0.00033    -0.00040
57096    -0.00260    -0.00045    -0.00042
57127    -0.00231    -0.00054    -0.00030
57157    -0.00279    -0.00027     0.00046
57188    -0.00252     0.00026     0.00122
57218    -0.00152     0.00057     0.00158
57249    -0.00025     0.00075     0.00119
57280     0.00031     0.00088     0.00064
57310    -0.00020     0.00104     0.00014
57341    -0.00134     0.00113    -0.00048
57371    -0.00216     0.00113    -0.00101
57402    -0.00269     0.00057    -0.00117
57433    -0.00266     0.00007    -0.00113
57462    -0.00261    -0.00040    -0.00107
57493    -0.00240    -0.00065    -0.00081
57523    -0.00207    -0.00041    -0.00038
57554    -0.00119     0.00010     0.00014
