# Hydrology loading displacements computed from the monthly GLDAS NOAH model
# This is a product of the Hydrology loading service: http://lacerta.gsfc.nasa.gov/hydlo/
# Displacements are with respect to the center of mass of the total earth
#
# Created for VieVS on 17.03.2017 at 11:46:08 local time
# OFFSET + TREND REMOVED!!! - Hana 
# mjd up (meters) eastwest (meters) northsouth (meters)
43888    -0.00153    -0.00035    -0.00036
43919    -0.00202    -0.00044    -0.00098
43947    -0.00210    -0.00040    -0.00083
43978    -0.00204    -0.00042    -0.00044
44008    -0.00126    -0.00044     0.00062
44039    -0.00026    -0.00032     0.00158
44069     0.00121     0.00022     0.00176
44100     0.00184     0.00060     0.00144
44131     0.00193     0.00058     0.00123
44161     0.00173     0.00054     0.00105
44192     0.00104     0.00011     0.00062
44222     0.00078    -0.00052     0.00009
44253    -0.00043    -0.00081     0.00001
44284    -0.00161    -0.00051    -0.00022
44313    -0.00198    -0.00033    -0.00047
44344    -0.00135    -0.00050    -0.00009
44374    -0.00057    -0.00030     0.00079
44405     0.00043     0.00002     0.00158
44435     0.00184     0.00040     0.00161
44466     0.00255     0.00066     0.00131
44497     0.00216     0.00076     0.00103
44527     0.00152     0.00066     0.00089
44558     0.00113     0.00029     0.00037
44588     0.00060    -0.00011    -0.00004
44619     0.00069    -0.00042    -0.00037
44650     0.00028    -0.00060    -0.00048
44678    -0.00002    -0.00077    -0.00079
44709     0.00006    -0.00082    -0.00051
44739     0.00036    -0.00086     0.00023
44770     0.00063    -0.00038     0.00149
44800     0.00162     0.00024     0.00153
44831     0.00237     0.00066     0.00120
44862     0.00234     0.00078     0.00096
44892     0.00155     0.00093     0.00055
44923     0.00079     0.00082     0.00025
44953    -0.00017     0.00038    -0.00010
44984    -0.00112    -0.00017    -0.00066
45015    -0.00137    -0.00024    -0.00122
45043    -0.00135    -0.00025    -0.00126
45074    -0.00168    -0.00044    -0.00045
45104    -0.00074    -0.00058     0.00030
45135    -0.00019    -0.00054     0.00169
45165     0.00057    -0.00040     0.00254
45196     0.00154     0.00010     0.00194
45227     0.00159     0.00043     0.00154
45257     0.00103     0.00028     0.00113
45288     0.00016     0.00035     0.00034
45318    -0.00164     0.00033    -0.00029
45349    -0.00236     0.00014    -0.00078
45380    -0.00364     0.00007    -0.00106
45408    -0.00428     0.00040    -0.00090
45439    -0.00371     0.00030    -0.00023
45469    -0.00278     0.00055     0.00060
45500    -0.00132     0.00061     0.00165
45530     0.00000     0.00116     0.00211
45561     0.00112     0.00160     0.00173
45592     0.00134     0.00197     0.00129
45622     0.00050     0.00220     0.00088
45653    -0.00068     0.00192     0.00073
45683    -0.00249     0.00144     0.00031
45714    -0.00258     0.00116    -0.00037
45745    -0.00238     0.00084    -0.00062
45774    -0.00217     0.00058    -0.00059
45805    -0.00166    -0.00009    -0.00007
45835    -0.00103    -0.00007     0.00090
45866    -0.00038     0.00026     0.00171
45896     0.00058     0.00092     0.00206
45927     0.00126     0.00141     0.00188
45958     0.00145     0.00145     0.00161
45988     0.00084     0.00129     0.00120
46019    -0.00044     0.00085     0.00095
46049    -0.00171     0.00059     0.00050
46080    -0.00244    -0.00009    -0.00001
46111    -0.00225    -0.00054    -0.00076
46139    -0.00218    -0.00039    -0.00098
46170    -0.00151    -0.00066    -0.00042
46200    -0.00075    -0.00059     0.00017
46231     0.00009    -0.00021     0.00125
46261     0.00137    -0.00003     0.00146
46292     0.00187     0.00025     0.00119
46323     0.00172     0.00064     0.00099
46353     0.00080     0.00092     0.00077
46384    -0.00018     0.00077     0.00038
46414    -0.00121     0.00032    -0.00009
46445    -0.00091    -0.00020    -0.00087
46476    -0.00159    -0.00043    -0.00119
46504    -0.00192    -0.00072    -0.00120
46535    -0.00137    -0.00079    -0.00070
46565    -0.00087    -0.00072     0.00034
46596    -0.00014    -0.00070     0.00164
46626     0.00103     0.00006     0.00195
46657     0.00205     0.00048     0.00169
46688     0.00184     0.00043     0.00152
46718     0.00108     0.00026     0.00130
46749     0.00075     0.00006     0.00062
46779     0.00006    -0.00027    -0.00001
46810    -0.00042    -0.00051    -0.00047
46841    -0.00071    -0.00060    -0.00083
46869    -0.00119    -0.00057    -0.00111
46900    -0.00077    -0.00086    -0.00068
46930    -0.00008    -0.00073     0.00021
46961     0.00062    -0.00056     0.00092
46991     0.00133    -0.00007     0.00166
47022     0.00185     0.00032     0.00152
47053     0.00209     0.00051     0.00102
47083     0.00212     0.00046     0.00054
47114     0.00142     0.00049     0.00023
47144     0.00055    -0.00001    -0.00008
47175    -0.00027    -0.00035    -0.00062
47206    -0.00026    -0.00074    -0.00117
47235     0.00021    -0.00104    -0.00151
47266     0.00050    -0.00098    -0.00091
47296     0.00101    -0.00070    -0.00025
47327     0.00185    -0.00054     0.00089
47357     0.00265    -0.00012     0.00109
47388     0.00322     0.00029     0.00054
47419     0.00312     0.00062     0.00001
47449     0.00263     0.00060    -0.00010
47480     0.00180     0.00018    -0.00031
47510     0.00109    -0.00030    -0.00072
47541     0.00047    -0.00064    -0.00128
47572     0.00028    -0.00083    -0.00178
47600     0.00013    -0.00071    -0.00190
47631     0.00072    -0.00065    -0.00148
47661     0.00126    -0.00063    -0.00056
47692     0.00154    -0.00022     0.00077
47722     0.00256     0.00006     0.00130
47753     0.00319     0.00019     0.00123
47784     0.00283     0.00042     0.00098
47814     0.00250     0.00040     0.00046
47845     0.00194     0.00016    -0.00001
47875     0.00183    -0.00073    -0.00077
47906     0.00137    -0.00124    -0.00137
47937     0.00082    -0.00139    -0.00194
47965     0.00053    -0.00113    -0.00201
47996     0.00099    -0.00098    -0.00142
48026     0.00118    -0.00089    -0.00039
48057     0.00148    -0.00033     0.00069
48087     0.00236     0.00010     0.00100
48118     0.00273     0.00045     0.00105
48149     0.00273     0.00051     0.00080
48179     0.00210     0.00066     0.00025
48210     0.00146     0.00045    -0.00040
48240     0.00093    -0.00001    -0.00117
48271     0.00062    -0.00022    -0.00181
48302     0.00094    -0.00028    -0.00220
48330     0.00006    -0.00054    -0.00239
48361    -0.00006    -0.00082    -0.00177
48391     0.00007    -0.00096    -0.00079
48422     0.00089    -0.00061     0.00036
48452     0.00168    -0.00019     0.00106
48483     0.00250     0.00025     0.00088
48514     0.00213     0.00057     0.00081
48544     0.00170     0.00056     0.00043
48575     0.00080     0.00056     0.00002
48605    -0.00008     0.00048    -0.00061
48636    -0.00105     0.00021    -0.00114
48667    -0.00176    -0.00000    -0.00140
48696    -0.00227    -0.00002    -0.00135
48727    -0.00184    -0.00036    -0.00103
48757    -0.00096    -0.00027    -0.00009
48788    -0.00031    -0.00008     0.00102
48818     0.00044     0.00029     0.00147
48849     0.00119     0.00066     0.00118
48880     0.00125     0.00066     0.00089
48910     0.00115     0.00073     0.00041
48941     0.00035     0.00039    -0.00025
48971    -0.00034     0.00002    -0.00044
49002    -0.00168     0.00007    -0.00069
49033    -0.00218     0.00014    -0.00116
49061    -0.00239     0.00000    -0.00139
49092    -0.00223    -0.00024    -0.00103
49122    -0.00139    -0.00015    -0.00047
49153    -0.00074     0.00009     0.00056
49183    -0.00017     0.00058     0.00082
49214     0.00071     0.00092     0.00053
49245     0.00081     0.00105     0.00010
49275     0.00061     0.00095    -0.00021
49306     0.00012     0.00064    -0.00059
49336    -0.00043     0.00026    -0.00098
49367    -0.00064    -0.00051    -0.00155
49398    -0.00092    -0.00080    -0.00186
49426    -0.00099    -0.00066    -0.00193
49457    -0.00086    -0.00076    -0.00145
49487    -0.00060    -0.00077    -0.00064
49518     0.00003    -0.00065     0.00019
49548     0.00089    -0.00014     0.00017
49579     0.00177     0.00008    -0.00015
49610     0.00179     0.00022    -0.00059
49640     0.00118    -0.00002    -0.00081
49671     0.00035    -0.00040    -0.00134
49701    -0.00038    -0.00050    -0.00202
49732    -0.00146    -0.00035    -0.00243
49763    -0.00176    -0.00021    -0.00288
49791    -0.00210    -0.00023    -0.00292
49822    -0.00206    -0.00052    -0.00217
49852    -0.00187    -0.00054    -0.00114
49883    -0.00136    -0.00021    -0.00017
49913    -0.00016     0.00027     0.00007
49944     0.00083     0.00064    -0.00052
49975     0.00100     0.00089    -0.00095
50005     0.00070     0.00075    -0.00123
50036     0.00014     0.00044    -0.00165
50066    -0.00048    -0.00028    -0.00180
50097    -0.00095    -0.00078    -0.00239
50128    -0.00162    -0.00094    -0.00288
50157    -0.00181    -0.00087    -0.00312
50188    -0.00161    -0.00093    -0.00260
50218    -0.00132    -0.00106    -0.00100
50249    -0.00056    -0.00115     0.00068
50279    -0.00020    -0.00121     0.00229
50310     0.00045    -0.00120     0.00318
50341     0.00062    -0.00137     0.00339
50371     0.00068    -0.00143     0.00295
50402    -0.00027    -0.00147     0.00246
50432    -0.00093    -0.00147     0.00158
50463    -0.00157    -0.00147     0.00065
50494    -0.00193    -0.00133    -0.00042
50522    -0.00182    -0.00144    -0.00133
50553    -0.00139    -0.00156    -0.00137
50583    -0.00102    -0.00141    -0.00106
50614    -0.00068    -0.00107    -0.00018
50644     0.00000    -0.00037     0.00010
50675     0.00056     0.00031     0.00001
50706     0.00036     0.00070    -0.00048
50736    -0.00026     0.00066    -0.00134
50767    -0.00098     0.00042    -0.00230
50797    -0.00169     0.00006    -0.00303
50828    -0.00270    -0.00001    -0.00341
50859    -0.00405     0.00019    -0.00335
50887    -0.00427     0.00023    -0.00358
50918    -0.00411     0.00022    -0.00304
50948    -0.00357     0.00036    -0.00183
50979    -0.00292     0.00059    -0.00061
51009    -0.00152     0.00116    -0.00067
51040    -0.00011     0.00135    -0.00105
51071     0.00034     0.00145    -0.00155
51101    -0.00028     0.00143    -0.00206
51132    -0.00128     0.00118    -0.00226
51162    -0.00204     0.00070    -0.00239
51193    -0.00239     0.00019    -0.00270
51224    -0.00303    -0.00005    -0.00264
51252    -0.00265    -0.00024    -0.00257
51283    -0.00249    -0.00029    -0.00181
51313    -0.00211    -0.00014    -0.00097
51344    -0.00148     0.00033    -0.00004
51374    -0.00078     0.00060     0.00035
51405     0.00030     0.00079    -0.00000
51436     0.00047     0.00085    -0.00023
51466     0.00045     0.00079    -0.00061
51497     0.00029     0.00055    -0.00080
51527    -0.00005     0.00001    -0.00095
51558     0.00008    -0.00117    -0.00111
51589    -0.00030    -0.00164    -0.00110
51618    -0.00086    -0.00147    -0.00102
51649    -0.00047    -0.00162    -0.00105
51679     0.00015    -0.00112    -0.00079
51710     0.00033    -0.00040    -0.00020
51740     0.00082     0.00001     0.00036
51771     0.00152     0.00039     0.00032
51802     0.00155     0.00036     0.00021
51832     0.00117     0.00037    -0.00027
51863     0.00027     0.00013    -0.00046
51893     0.00037    -0.00040    -0.00076
51924    -0.00032    -0.00060    -0.00094
51955    -0.00113    -0.00024    -0.00106
51983    -0.00178    -0.00022    -0.00105
52014    -0.00134    -0.00043    -0.00085
52044    -0.00070    -0.00020    -0.00009
52075     0.00001     0.00013     0.00053
52105     0.00078     0.00062     0.00107
52136     0.00142     0.00113     0.00108
52167     0.00133     0.00125     0.00093
52197     0.00122     0.00128     0.00050
52228     0.00097     0.00103     0.00004
52258    -0.00003     0.00047    -0.00003
52289    -0.00037    -0.00018    -0.00029
52320    -0.00045    -0.00037    -0.00051
52348    -0.00049    -0.00038    -0.00068
52379    -0.00042    -0.00071    -0.00039
52409    -0.00026    -0.00045     0.00037
52440     0.00015    -0.00010     0.00143
52470     0.00090     0.00050     0.00183
52501     0.00152     0.00086     0.00174
52532     0.00152     0.00100     0.00139
52562     0.00105     0.00089     0.00068
52593     0.00051     0.00044     0.00013
52623    -0.00001     0.00004    -0.00004
52654    -0.00040    -0.00053    -0.00011
52685    -0.00062    -0.00080    -0.00023
52713    -0.00084    -0.00087    -0.00009
52744    -0.00066    -0.00108     0.00023
52774    -0.00071    -0.00082     0.00095
52805    -0.00023    -0.00055     0.00168
52835     0.00077     0.00013     0.00182
52866     0.00163     0.00056     0.00154
52897     0.00174     0.00088     0.00099
52927     0.00139     0.00093     0.00058
52958     0.00073     0.00061     0.00014
52988     0.00028     0.00022    -0.00009
53019    -0.00004    -0.00040    -0.00019
53050    -0.00012    -0.00082    -0.00028
53079    -0.00049    -0.00090    -0.00030
53110     0.00007    -0.00116    -0.00034
53140     0.00028    -0.00096     0.00020
53171     0.00042    -0.00035     0.00089
53201     0.00103     0.00013     0.00131
53232     0.00169     0.00058     0.00107
53263     0.00149     0.00096     0.00066
53293     0.00082     0.00096     0.00033
53324    -0.00027     0.00061     0.00012
53354    -0.00050     0.00001    -0.00030
53385    -0.00176    -0.00016    -0.00028
53416    -0.00239    -0.00048    -0.00035
53444    -0.00270    -0.00076    -0.00039
53475    -0.00239    -0.00082    -0.00005
53505    -0.00182    -0.00075     0.00035
53536    -0.00117    -0.00041     0.00120
53566     0.00000     0.00033     0.00155
53597     0.00071     0.00103     0.00134
53628     0.00090     0.00136     0.00104
53658     0.00037     0.00139     0.00086
53689    -0.00006     0.00121     0.00068
53719    -0.00062     0.00026     0.00073
53750    -0.00147    -0.00040     0.00093
53781    -0.00142    -0.00075     0.00062
53809    -0.00145    -0.00105     0.00047
53840    -0.00142    -0.00114     0.00076
53870    -0.00096    -0.00078     0.00109
53901    -0.00024    -0.00017     0.00164
53931     0.00074     0.00062     0.00204
53962     0.00142     0.00093     0.00177
53993     0.00135     0.00115     0.00126
54023     0.00081     0.00088     0.00108
54054     0.00045     0.00015     0.00064
54084     0.00011    -0.00033     0.00039
54115    -0.00028    -0.00059     0.00026
54146    -0.00030    -0.00078    -0.00005
54174    -0.00040    -0.00089    -0.00001
54205    -0.00043    -0.00103     0.00040
54235    -0.00009    -0.00089     0.00078
54266     0.00051    -0.00029     0.00132
54296     0.00138     0.00046     0.00133
54327     0.00216     0.00067     0.00095
54358     0.00218     0.00088     0.00037
54388     0.00160     0.00085     0.00026
54419     0.00148     0.00028     0.00001
54449     0.00077    -0.00030    -0.00017
54480    -0.00012    -0.00086    -0.00010
54511    -0.00095    -0.00100    -0.00006
54540    -0.00114    -0.00130    -0.00015
54571    -0.00084    -0.00131    -0.00016
54601    -0.00046    -0.00106     0.00047
54632     0.00007    -0.00051     0.00106
54662     0.00101     0.00006     0.00117
54693     0.00179     0.00047     0.00075
54724     0.00161     0.00073     0.00020
54754     0.00127     0.00073    -0.00018
54785     0.00084     0.00071    -0.00054
54815     0.00024     0.00010    -0.00062
54846    -0.00020    -0.00033    -0.00072
54877    -0.00040    -0.00068    -0.00092
54905    -0.00086    -0.00088    -0.00095
54936    -0.00079    -0.00100    -0.00078
54966    -0.00056    -0.00073    -0.00016
54997     0.00001    -0.00030     0.00073
55027     0.00094     0.00022     0.00100
55058     0.00163     0.00056     0.00078
55089     0.00182     0.00074     0.00044
55119     0.00108     0.00083     0.00017
55150     0.00062     0.00012    -0.00029
55180     0.00017    -0.00047    -0.00052
55211    -0.00044    -0.00076    -0.00077
55242    -0.00174    -0.00053    -0.00076
55270    -0.00164    -0.00070    -0.00084
55301    -0.00133    -0.00077    -0.00052
55331    -0.00102    -0.00058    -0.00004
55362    -0.00048    -0.00018     0.00061
55392     0.00051     0.00043     0.00100
55423     0.00162     0.00091     0.00067
55454     0.00180     0.00136    -0.00001
55484     0.00141     0.00154    -0.00045
55515     0.00075     0.00111    -0.00068
55545    -0.00031     0.00068    -0.00092
55576    -0.00145     0.00025    -0.00083
55607    -0.00162    -0.00008    -0.00094
55635    -0.00214    -0.00030    -0.00076
55666    -0.00230    -0.00039    -0.00028
55696    -0.00186    -0.00027     0.00031
55727    -0.00117     0.00036     0.00109
55757    -0.00011     0.00102     0.00136
55788     0.00087     0.00144     0.00112
55819     0.00126     0.00165     0.00057
55849     0.00116     0.00128     0.00023
55880     0.00091     0.00077    -0.00000
55910     0.00041     0.00040    -0.00017
55941     0.00014    -0.00008    -0.00039
55972    -0.00034    -0.00028    -0.00036
56001    -0.00050    -0.00020    -0.00017
56032    -0.00082    -0.00032     0.00019
56062    -0.00040    -0.00027     0.00050
56093     0.00033     0.00004     0.00127
56123     0.00143     0.00052     0.00142
56154     0.00224     0.00100     0.00094
56185     0.00256     0.00138     0.00016
56215     0.00207     0.00112    -0.00015
56246     0.00175     0.00073    -0.00069
56276     0.00107     0.00021    -0.00085
56307     0.00045    -0.00019    -0.00096
56338     0.00026    -0.00051    -0.00117
56366     0.00014    -0.00064    -0.00111
56397     0.00032    -0.00089    -0.00085
56427     0.00059    -0.00073    -0.00011
56458     0.00060    -0.00023     0.00072
56488     0.00131     0.00050     0.00110
56519     0.00178     0.00103     0.00102
56550     0.00160     0.00126     0.00090
56580     0.00103     0.00122     0.00069
56611     0.00058     0.00071     0.00063
56641     0.00019     0.00024     0.00051
56672     0.00015    -0.00030     0.00037
56703    -0.00004    -0.00068     0.00041
56731    -0.00040    -0.00111     0.00070
56762    -0.00027    -0.00117     0.00106
56792     0.00003    -0.00113     0.00136
56823     0.00022    -0.00069     0.00187
56853     0.00086    -0.00006     0.00203
56884     0.00169     0.00041     0.00161
56915     0.00157     0.00075     0.00099
56945     0.00102     0.00066     0.00050
56976     0.00050     0.00029     0.00017
57006    -0.00036    -0.00013     0.00019
57037    -0.00073    -0.00019    -0.00013
57068    -0.00114    -0.00050    -0.00036
57096    -0.00124    -0.00071    -0.00046
57127    -0.00095    -0.00082    -0.00034
57157    -0.00092    -0.00067     0.00035
57188    -0.00061    -0.00028     0.00112
57218     0.00011     0.00007     0.00156
57249     0.00091     0.00054     0.00123
57280     0.00101     0.00088     0.00075
57310     0.00057     0.00103     0.00027
57341    -0.00010     0.00102    -0.00036
57371    -0.00071     0.00097    -0.00091
57402    -0.00123     0.00048    -0.00107
57433    -0.00145    -0.00001    -0.00109
57462    -0.00155    -0.00057    -0.00106
57493    -0.00126    -0.00085    -0.00092
57523    -0.00086    -0.00065    -0.00054
57554    -0.00016    -0.00021     0.00010
