# Hydrology loading displacements computed from the monthly GLDAS NOAH model
# This is a product of the Hydrology loading service: http://lacerta.gsfc.nasa.gov/hydlo/
# Displacements are with respect to the center of mass of the total earth
#
# Created for VieVS on 17.03.2017 at 11:46:08 local time
# OFFSET + TREND REMOVED!!! - Hana 
# mjd up (meters) eastwest (meters) northsouth (meters)
43888     0.00134    -0.00015    -0.00008
43919     0.00222    -0.00003    -0.00042
43947     0.00203    -0.00020    -0.00057
43978     0.00146    -0.00050    -0.00053
44008     0.00012    -0.00078     0.00015
44039    -0.00127    -0.00077     0.00107
44069    -0.00234     0.00011     0.00150
44100    -0.00259     0.00070     0.00154
44131    -0.00243     0.00067     0.00137
44161    -0.00232     0.00048     0.00103
44192    -0.00138     0.00019     0.00066
44222    -0.00007    -0.00004     0.00051
44253     0.00082    -0.00037     0.00029
44284     0.00132    -0.00036    -0.00004
44313     0.00152    -0.00017    -0.00032
44344     0.00106    -0.00040    -0.00012
44374    -0.00017    -0.00049     0.00048
44405    -0.00154    -0.00022     0.00108
44435    -0.00238     0.00059     0.00152
44466    -0.00259     0.00117     0.00164
44497    -0.00248     0.00117     0.00135
44527    -0.00211     0.00071     0.00100
44558    -0.00122     0.00039     0.00056
44588    -0.00023     0.00019     0.00029
44619     0.00041     0.00016     0.00029
44650     0.00112     0.00004     0.00022
44678     0.00173     0.00001     0.00007
44709     0.00146    -0.00010     0.00017
44739     0.00057    -0.00041     0.00062
44770    -0.00124    -0.00063     0.00118
44800    -0.00216     0.00013     0.00144
44831    -0.00252     0.00088     0.00151
44862    -0.00246     0.00104     0.00138
44892    -0.00209     0.00091     0.00070
44923    -0.00143     0.00069     0.00016
44953    -0.00038     0.00026    -0.00028
44984     0.00105    -0.00009    -0.00070
45015     0.00196    -0.00001    -0.00103
45043     0.00203    -0.00005    -0.00110
45074     0.00157    -0.00047    -0.00067
45104     0.00061    -0.00059     0.00011
45135    -0.00092    -0.00095     0.00111
45165    -0.00214    -0.00083     0.00198
45196    -0.00234     0.00016     0.00188
45227    -0.00228     0.00051     0.00154
45257    -0.00165     0.00039     0.00116
45288    -0.00065     0.00052     0.00040
45318     0.00059     0.00025    -0.00040
45349     0.00148     0.00000    -0.00095
45380     0.00241    -0.00022    -0.00130
45408     0.00229    -0.00044    -0.00155
45439     0.00145    -0.00090    -0.00124
45469    -0.00004    -0.00090    -0.00071
45500    -0.00165    -0.00079     0.00040
45530    -0.00300    -0.00006     0.00095
45561    -0.00331     0.00093     0.00120
45592    -0.00340     0.00136     0.00087
45622    -0.00306     0.00122     0.00023
45653    -0.00231     0.00069    -0.00026
45683    -0.00088     0.00016    -0.00081
45714     0.00025     0.00019    -0.00108
45745     0.00075    -0.00005    -0.00124
45774     0.00092    -0.00030    -0.00127
45805     0.00093    -0.00079    -0.00067
45835    -0.00022    -0.00094     0.00003
45866    -0.00148    -0.00078     0.00060
45896    -0.00280    -0.00021     0.00096
45927    -0.00341     0.00035     0.00109
45958    -0.00333     0.00053     0.00094
45988    -0.00270     0.00033     0.00051
46019    -0.00168    -0.00022     0.00007
46049    -0.00047    -0.00049    -0.00038
46080     0.00100    -0.00096    -0.00053
46111     0.00227    -0.00078    -0.00065
46139     0.00224    -0.00069    -0.00098
46170     0.00171    -0.00080    -0.00041
46200     0.00078    -0.00083     0.00005
46231    -0.00101    -0.00075     0.00076
46261    -0.00194    -0.00015     0.00138
46292    -0.00213     0.00037     0.00139
46323    -0.00228     0.00064     0.00106
46353    -0.00190     0.00045     0.00055
46384    -0.00106     0.00008     0.00002
46414     0.00006    -0.00019    -0.00037
46445     0.00105    -0.00009    -0.00067
46476     0.00181    -0.00026    -0.00101
46504     0.00224    -0.00041    -0.00105
46535     0.00188    -0.00052    -0.00060
46565     0.00065    -0.00085     0.00002
46596    -0.00090    -0.00113     0.00103
46626    -0.00222    -0.00030     0.00136
46657    -0.00278     0.00051     0.00146
46688    -0.00266     0.00043     0.00136
46718    -0.00200     0.00012     0.00110
46749    -0.00099     0.00005     0.00068
46779     0.00013    -0.00024     0.00017
46810     0.00110    -0.00041    -0.00018
46841     0.00172    -0.00048    -0.00057
46869     0.00197    -0.00052    -0.00096
46900     0.00160    -0.00079    -0.00065
46930     0.00038    -0.00097    -0.00008
46961    -0.00069    -0.00078     0.00065
46991    -0.00204    -0.00047     0.00119
47022    -0.00245     0.00013     0.00129
47053    -0.00234     0.00058     0.00107
47083    -0.00194     0.00069     0.00075
47114    -0.00132     0.00051     0.00028
47144    -0.00027     0.00003    -0.00008
47175     0.00098    -0.00023    -0.00050
47206     0.00194    -0.00027    -0.00070
47235     0.00228    -0.00010    -0.00064
47266     0.00159    -0.00031    -0.00027
47296     0.00057    -0.00017     0.00014
47327    -0.00104    -0.00011     0.00101
47357    -0.00189     0.00043     0.00138
47388    -0.00202     0.00126     0.00129
47419    -0.00186     0.00159     0.00089
47449    -0.00164     0.00133     0.00057
47480    -0.00075     0.00078     0.00022
47510     0.00033     0.00032    -0.00018
47541     0.00135     0.00018    -0.00060
47572     0.00211     0.00014    -0.00089
47600     0.00235     0.00010    -0.00115
47631     0.00177     0.00004    -0.00079
47661     0.00047    -0.00009    -0.00014
47692    -0.00130    -0.00025     0.00060
47722    -0.00227     0.00026     0.00130
47753    -0.00246     0.00075     0.00165
47784    -0.00236     0.00091     0.00133
47814    -0.00186     0.00093     0.00082
47845    -0.00107     0.00056     0.00025
47875     0.00046     0.00026     0.00006
47906     0.00175     0.00011    -0.00028
47937     0.00276     0.00006    -0.00069
47965     0.00272    -0.00002    -0.00105
47996     0.00192    -0.00020    -0.00062
48026     0.00068    -0.00043     0.00001
48057    -0.00085    -0.00030     0.00052
48087    -0.00185     0.00024     0.00096
48118    -0.00251     0.00063     0.00116
48149    -0.00235     0.00072     0.00103
48179    -0.00181     0.00066     0.00040
48210    -0.00087     0.00042    -0.00028
48240     0.00047     0.00014    -0.00085
48271     0.00156     0.00004    -0.00121
48302     0.00195     0.00024    -0.00136
48330     0.00272     0.00016    -0.00153
48361     0.00246    -0.00018    -0.00113
48391     0.00142    -0.00056    -0.00051
48422    -0.00010    -0.00035     0.00043
48452    -0.00139    -0.00004     0.00101
48483    -0.00204     0.00070     0.00115
48514    -0.00229     0.00071     0.00088
48544    -0.00189     0.00056     0.00045
48575    -0.00123     0.00032    -0.00017
48605    -0.00014     0.00011    -0.00076
48636     0.00098    -0.00019    -0.00121
48667     0.00169    -0.00052    -0.00155
48696     0.00188    -0.00087    -0.00181
48727     0.00175    -0.00112    -0.00145
48757     0.00048    -0.00116    -0.00068
48788    -0.00098    -0.00118     0.00022
48818    -0.00195    -0.00067     0.00067
48849    -0.00234     0.00008     0.00077
48880    -0.00212     0.00020     0.00062
48910    -0.00177     0.00028     0.00017
48941    -0.00066    -0.00002    -0.00039
48971     0.00009    -0.00044    -0.00060
49002     0.00108    -0.00046    -0.00089
49033     0.00199    -0.00024    -0.00113
49061     0.00238    -0.00025    -0.00133
49092     0.00214    -0.00052    -0.00113
49122     0.00122    -0.00046    -0.00064
49153    -0.00025    -0.00039     0.00009
49183    -0.00105    -0.00003     0.00037
49214    -0.00146     0.00067     0.00041
49245    -0.00137     0.00088     0.00014
49275    -0.00103     0.00071    -0.00018
49306    -0.00025     0.00033    -0.00062
49336     0.00070     0.00001    -0.00099
49367     0.00205    -0.00030    -0.00118
49398     0.00298    -0.00039    -0.00126
49426     0.00300    -0.00039    -0.00146
49457     0.00261    -0.00060    -0.00120
49487     0.00174    -0.00078    -0.00065
49518     0.00062    -0.00071    -0.00004
49548    -0.00001     0.00001     0.00008
49579    -0.00031     0.00072     0.00024
49610    -0.00022     0.00098     0.00002
49640     0.00019     0.00060    -0.00030
49671     0.00128     0.00027    -0.00078
49701     0.00248     0.00017    -0.00140
49732     0.00329     0.00016    -0.00189
49763     0.00374     0.00032    -0.00230
49791     0.00393     0.00032    -0.00239
49822     0.00334    -0.00010    -0.00195
49852     0.00227    -0.00045    -0.00132
49883     0.00084    -0.00046    -0.00070
49913    -0.00014     0.00019    -0.00030
49944    -0.00019     0.00107    -0.00031
49975    -0.00026     0.00140    -0.00053
50005     0.00007     0.00116    -0.00084
50036     0.00085     0.00070    -0.00134
50066     0.00192     0.00017    -0.00143
50097     0.00306     0.00005    -0.00175
50128     0.00393     0.00011    -0.00213
50157     0.00416     0.00024    -0.00234
50188     0.00371     0.00012    -0.00196
50218     0.00216    -0.00058    -0.00096
50249     0.00049    -0.00090     0.00043
50279    -0.00113    -0.00134     0.00153
50310    -0.00225    -0.00152     0.00229
50341    -0.00241    -0.00161     0.00256
50371    -0.00203    -0.00156     0.00231
50402    -0.00111    -0.00150     0.00181
50432    -0.00007    -0.00130     0.00114
50463     0.00112    -0.00108     0.00049
50494     0.00219    -0.00083    -0.00028
50522     0.00312    -0.00062    -0.00074
50553     0.00316    -0.00037    -0.00047
50583     0.00267    -0.00031    -0.00019
50614     0.00147    -0.00046     0.00025
50644     0.00034    -0.00002     0.00033
50675    -0.00041     0.00053     0.00021
50706    -0.00036     0.00077    -0.00030
50736     0.00062     0.00082    -0.00095
50767     0.00204     0.00087    -0.00157
50797     0.00350     0.00086    -0.00196
50828     0.00453     0.00079    -0.00238
50859     0.00500     0.00054    -0.00279
50887     0.00517     0.00035    -0.00317
50918     0.00459     0.00008    -0.00294
50948     0.00318    -0.00025    -0.00233
50979     0.00160    -0.00031    -0.00159
51009     0.00043     0.00054    -0.00139
51040     0.00005     0.00132    -0.00105
51071     0.00013     0.00168    -0.00112
51101     0.00069     0.00148    -0.00169
51132     0.00148     0.00088    -0.00219
51162     0.00234     0.00045    -0.00242
51193     0.00342     0.00010    -0.00255
51224     0.00397    -0.00008    -0.00254
51252     0.00384    -0.00010    -0.00238
51283     0.00321    -0.00036    -0.00183
51313     0.00207    -0.00052    -0.00134
51344     0.00045    -0.00046    -0.00084
51374    -0.00048    -0.00020    -0.00034
51405    -0.00082     0.00063    -0.00013
51436    -0.00083     0.00083    -0.00017
51466    -0.00049     0.00085    -0.00042
51497    -0.00001     0.00068    -0.00060
51527     0.00078     0.00030    -0.00064
51558     0.00214    -0.00015    -0.00020
51589     0.00307    -0.00031    -0.00006
51618     0.00344    -0.00028    -0.00007
51649     0.00339    -0.00032     0.00002
51679     0.00242     0.00003     0.00009
51710     0.00105     0.00011     0.00016
51740    -0.00001     0.00022     0.00051
51771    -0.00066     0.00066     0.00054
51802    -0.00064     0.00067     0.00044
51832    -0.00011     0.00071     0.00005
51863     0.00071     0.00028    -0.00009
51893     0.00163     0.00017     0.00001
51924     0.00230    -0.00016    -0.00029
51955     0.00243    -0.00019    -0.00073
51983     0.00271    -0.00032    -0.00087
52014     0.00244    -0.00033    -0.00059
52044     0.00111    -0.00038    -0.00019
52075    -0.00003    -0.00027     0.00017
52105    -0.00129     0.00013     0.00058
52136    -0.00205     0.00079     0.00070
52167    -0.00219     0.00082     0.00057
52197    -0.00174     0.00087     0.00024
52228    -0.00099     0.00085    -0.00001
52258    -0.00011     0.00032    -0.00015
52289     0.00087     0.00003    -0.00017
52320     0.00136    -0.00016    -0.00031
52348     0.00157    -0.00026    -0.00048
52379     0.00160    -0.00070    -0.00028
52409     0.00066    -0.00088     0.00002
52440    -0.00084    -0.00098     0.00060
52470    -0.00216    -0.00041     0.00090
52501    -0.00265     0.00025     0.00106
52532    -0.00253     0.00054     0.00093
52562    -0.00176     0.00051     0.00045
52593    -0.00063     0.00025     0.00015
52623     0.00014    -0.00005     0.00001
52654     0.00100    -0.00030     0.00008
52685     0.00159    -0.00053     0.00008
52713     0.00162    -0.00078     0.00012
52744     0.00140    -0.00095     0.00039
52774     0.00040    -0.00118     0.00057
52805    -0.00095    -0.00127     0.00094
52835    -0.00202    -0.00047     0.00119
52866    -0.00247     0.00031     0.00126
52897    -0.00251     0.00078     0.00084
52927    -0.00226     0.00070     0.00033
52958    -0.00141     0.00034    -0.00009
52988    -0.00069     0.00006    -0.00027
53019     0.00026    -0.00032    -0.00019
53050     0.00063    -0.00048    -0.00017
53079     0.00083    -0.00059    -0.00020
53110     0.00110    -0.00060     0.00012
53140     0.00026    -0.00077     0.00022
53171    -0.00097    -0.00065     0.00044
53201    -0.00192    -0.00025     0.00082
53232    -0.00234     0.00047     0.00088
53263    -0.00232     0.00074     0.00043
53293    -0.00194     0.00061     0.00002
53324    -0.00102     0.00012    -0.00021
53354     0.00007    -0.00003    -0.00019
53385     0.00087    -0.00029    -0.00029
53416     0.00158    -0.00071    -0.00039
53444     0.00201    -0.00097    -0.00043
53475     0.00162    -0.00107    -0.00029
53505     0.00084    -0.00098    -0.00001
53536    -0.00055    -0.00095     0.00046
53566    -0.00190    -0.00029     0.00077
53597    -0.00258     0.00049     0.00076
53628    -0.00265     0.00087     0.00056
53658    -0.00254     0.00069     0.00015
53689    -0.00199     0.00035    -0.00012
53719    -0.00091    -0.00047    -0.00003
53750     0.00007    -0.00098     0.00009
53781     0.00074    -0.00108     0.00008
53809     0.00135    -0.00109     0.00022
53840     0.00114    -0.00108     0.00046
53870     0.00005    -0.00097     0.00055
53901    -0.00134    -0.00069     0.00079
53931    -0.00274    -0.00006     0.00110
53962    -0.00315     0.00059     0.00126
53993    -0.00293     0.00082     0.00096
54023    -0.00244     0.00041     0.00071
54054    -0.00131    -0.00005     0.00051
54084    -0.00031    -0.00035     0.00039
54115     0.00040    -0.00066     0.00032
54146     0.00095    -0.00065     0.00026
54174     0.00116    -0.00090     0.00015
54205     0.00093    -0.00123     0.00038
54235     0.00023    -0.00115     0.00066
54266    -0.00104    -0.00078     0.00097
54296    -0.00220     0.00013     0.00106
54327    -0.00246     0.00093     0.00115
54358    -0.00212     0.00132     0.00082
54388    -0.00181     0.00113     0.00050
54419    -0.00095     0.00089     0.00057
54449     0.00003     0.00039     0.00050
54480     0.00100    -0.00008     0.00056
54511     0.00165    -0.00041     0.00042
54540     0.00202    -0.00083     0.00025
54571     0.00173    -0.00085     0.00020
54601     0.00050    -0.00091     0.00040
54632    -0.00064    -0.00067     0.00070
54662    -0.00174     0.00001     0.00091
54693    -0.00212     0.00082     0.00088
54724    -0.00182     0.00105     0.00051
54754    -0.00139     0.00101     0.00012
54785    -0.00076     0.00097    -0.00030
54815     0.00006     0.00032    -0.00035
54846     0.00084    -0.00004    -0.00041
54877     0.00157    -0.00009    -0.00031
54905     0.00186    -0.00025    -0.00048
54936     0.00177    -0.00050    -0.00041
54966     0.00074    -0.00057    -0.00015
54997    -0.00063    -0.00053     0.00036
55027    -0.00167     0.00008     0.00067
55058    -0.00205     0.00073     0.00078
55089    -0.00201     0.00108     0.00068
55119    -0.00177     0.00094     0.00021
55150    -0.00045     0.00056     0.00009
55180     0.00056     0.00020     0.00004
55211     0.00149     0.00008    -0.00003
55242     0.00176    -0.00014    -0.00037
55270     0.00203    -0.00017    -0.00030
55301     0.00178    -0.00032    -0.00011
55331     0.00098    -0.00036     0.00006
55362    -0.00044    -0.00021     0.00027
55392    -0.00156     0.00032     0.00069
55423    -0.00218     0.00120     0.00080
55454    -0.00217     0.00176     0.00028
55484    -0.00182     0.00176    -0.00022
55515    -0.00097     0.00129    -0.00046
55545     0.00012     0.00082    -0.00073
55576     0.00100     0.00030    -0.00079
55607     0.00143     0.00002    -0.00093
55635     0.00173    -0.00031    -0.00097
55666     0.00130    -0.00065    -0.00082
55696     0.00028    -0.00073    -0.00051
55727    -0.00123    -0.00037     0.00002
55757    -0.00232     0.00021     0.00035
55788    -0.00275     0.00093     0.00054
55819    -0.00262     0.00140     0.00034
55849    -0.00205     0.00132     0.00024
55880    -0.00127     0.00098     0.00013
55910    -0.00062     0.00051    -0.00006
55941    -0.00001     0.00024    -0.00019
55972     0.00042    -0.00009    -0.00025
56001     0.00014    -0.00028    -0.00035
56032     0.00003    -0.00052    -0.00021
56062    -0.00051    -0.00057     0.00000
56093    -0.00172    -0.00044     0.00057
56123    -0.00260     0.00030     0.00097
56154    -0.00288     0.00120     0.00096
56185    -0.00257     0.00189     0.00058
56215    -0.00198     0.00156     0.00029
56246    -0.00088     0.00142    -0.00002
56276     0.00014     0.00105    -0.00015
56307     0.00095     0.00057    -0.00023
56338     0.00158     0.00023    -0.00033
56366     0.00173    -0.00011    -0.00034
56397     0.00164    -0.00028    -0.00007
56427     0.00075    -0.00041     0.00036
56458    -0.00066    -0.00053     0.00052
56488    -0.00181     0.00008     0.00074
56519    -0.00237     0.00075     0.00082
56550    -0.00254     0.00095     0.00068
56580    -0.00223     0.00078     0.00036
56611    -0.00136     0.00021     0.00030
56641    -0.00056    -0.00020     0.00028
56672     0.00028    -0.00044     0.00044
56703     0.00086    -0.00072     0.00058
56731     0.00124    -0.00114     0.00082
56762     0.00081    -0.00130     0.00099
56792     0.00023    -0.00132     0.00116
56823    -0.00088    -0.00125     0.00131
56853    -0.00187    -0.00064     0.00142
56884    -0.00226     0.00032     0.00145
56915    -0.00208     0.00078     0.00103
56945    -0.00155     0.00067     0.00063
56976    -0.00072     0.00028     0.00027
57006     0.00002    -0.00030     0.00008
57037     0.00073    -0.00041    -0.00017
57068     0.00141    -0.00077    -0.00039
57096     0.00174    -0.00103    -0.00046
57127     0.00153    -0.00106    -0.00033
57157     0.00063    -0.00129    -0.00001
57188    -0.00053    -0.00125     0.00043
57218    -0.00151    -0.00086     0.00088
57249    -0.00199     0.00003     0.00085
57280    -0.00211     0.00053     0.00050
57310    -0.00171     0.00060     0.00003
57341    -0.00079     0.00054    -0.00051
57371     0.00020     0.00053    -0.00094
57402     0.00112     0.00023    -0.00094
57433     0.00173    -0.00020    -0.00096
57462     0.00223    -0.00062    -0.00087
57493     0.00226    -0.00074    -0.00060
57523     0.00160    -0.00066    -0.00031
57554     0.00028    -0.00045     0.00010
