# Hydrology loading displacements computed from the monthly GLDAS NOAH model
# This is a product of the Hydrology loading service: http://lacerta.gsfc.nasa.gov/hydlo/
# Displacements are with respect to the center of mass of the total earth
#
# Created for VieVS on 17.03.2017 at 11:46:08 local time
# OFFSET + TREND REMOVED!!! - Hana 
# mjd up (meters) eastwest (meters) northsouth (meters)
43888     0.00028    -0.00045    -0.00100
43919    -0.00113    -0.00043    -0.00165
43947    -0.00203    -0.00042    -0.00139
43978    -0.00154    -0.00068    -0.00085
44008     0.00136    -0.00074     0.00002
44039     0.00381    -0.00050     0.00075
44069     0.00555     0.00022     0.00080
44100     0.00733     0.00052     0.00052
44131     0.00746     0.00048     0.00048
44161     0.00590     0.00055     0.00058
44192     0.00411     0.00009     0.00029
44222     0.00181    -0.00043    -0.00015
44253    -0.00001    -0.00075    -0.00047
44284    -0.00160    -0.00070    -0.00073
44313    -0.00266    -0.00050    -0.00098
44344    -0.00104    -0.00083    -0.00058
44374     0.00195    -0.00075     0.00016
44405     0.00460    -0.00017     0.00058
44435     0.00717     0.00040     0.00039
44466     0.00805     0.00077     0.00016
44497     0.00717     0.00088     0.00013
44527     0.00506     0.00079     0.00043
44558     0.00305     0.00045     0.00025
44588     0.00077     0.00025    -0.00017
44619    -0.00154     0.00016    -0.00048
44650    -0.00313    -0.00005    -0.00070
44678    -0.00375    -0.00033    -0.00103
44709    -0.00334    -0.00047    -0.00083
44739     0.00004    -0.00080    -0.00027
44770     0.00394    -0.00032     0.00069
44800     0.00641     0.00026     0.00069
44831     0.00771     0.00059     0.00035
44862     0.00709     0.00077     0.00027
44892     0.00510     0.00093     0.00028
44923     0.00301     0.00091     0.00015
44953     0.00098     0.00049    -0.00013
44984    -0.00081     0.00000    -0.00076
45015    -0.00215     0.00007    -0.00129
45043    -0.00280     0.00007    -0.00133
45074    -0.00211    -0.00041    -0.00072
45104     0.00085    -0.00073    -0.00011
45135     0.00328    -0.00072     0.00092
45165     0.00581    -0.00062     0.00136
45196     0.00707     0.00001     0.00080
45227     0.00658     0.00040     0.00059
45257     0.00476     0.00026     0.00040
45288     0.00226     0.00034    -0.00013
45318     0.00016     0.00012    -0.00070
45349    -0.00200    -0.00002    -0.00103
45380    -0.00360    -0.00027    -0.00136
45408    -0.00420    -0.00013    -0.00112
45439    -0.00261    -0.00044    -0.00040
45469    -0.00001    -0.00013     0.00028
45500     0.00307     0.00014     0.00098
45530     0.00545     0.00087     0.00115
45561     0.00655     0.00141     0.00080
45592     0.00590     0.00188     0.00062
45622     0.00400     0.00199     0.00068
45653     0.00209     0.00169     0.00061
45683     0.00048     0.00109    -0.00000
45714    -0.00084     0.00093    -0.00065
45745    -0.00272     0.00074    -0.00064
45774    -0.00314     0.00046    -0.00047
45805    -0.00144    -0.00039    -0.00016
45835     0.00096    -0.00034     0.00055
45866     0.00278     0.00011     0.00112
45896     0.00465     0.00075     0.00148
45927     0.00611     0.00107     0.00139
45958     0.00567     0.00122     0.00127
45988     0.00429     0.00112     0.00105
46019     0.00233     0.00072     0.00085
46049    -0.00003     0.00038     0.00040
46080    -0.00250    -0.00043     0.00003
46111    -0.00423    -0.00069    -0.00067
46139    -0.00579    -0.00048    -0.00065
46170    -0.00520    -0.00086    -0.00019
46200    -0.00178    -0.00105     0.00017
46231     0.00234    -0.00054     0.00085
46261     0.00472    -0.00025     0.00089
46292     0.00594     0.00003     0.00060
46323     0.00532     0.00043     0.00059
46353     0.00321     0.00064     0.00071
46384     0.00123     0.00050     0.00051
46414    -0.00039    -0.00005    -0.00001
46445    -0.00223    -0.00040    -0.00062
46476    -0.00368    -0.00063    -0.00093
46504    -0.00475    -0.00096    -0.00098
46535    -0.00460    -0.00111    -0.00043
46565    -0.00125    -0.00118     0.00027
46596     0.00230    -0.00114     0.00121
46626     0.00463    -0.00020     0.00128
46657     0.00550     0.00035     0.00105
46688     0.00513     0.00022     0.00105
46718     0.00328     0.00013     0.00094
46749     0.00152     0.00001     0.00054
46779    -0.00091    -0.00033     0.00017
46810    -0.00304    -0.00059    -0.00014
46841    -0.00447    -0.00061    -0.00041
46869    -0.00556    -0.00060    -0.00060
46900    -0.00398    -0.00121    -0.00021
46930    -0.00125    -0.00108     0.00055
46961     0.00147    -0.00073     0.00084
46991     0.00397    -0.00022     0.00131
47022     0.00520     0.00021     0.00108
47053     0.00458     0.00048     0.00078
47083     0.00301     0.00050     0.00069
47114     0.00097     0.00045     0.00070
47144    -0.00129    -0.00009     0.00047
47175    -0.00302    -0.00051    -0.00003
47206    -0.00460    -0.00077    -0.00049
47235    -0.00572    -0.00100    -0.00076
47266    -0.00515    -0.00111    -0.00023
47296    -0.00137    -0.00086     0.00003
47327     0.00160    -0.00030     0.00072
47357     0.00336     0.00038     0.00074
47388     0.00433     0.00077     0.00022
47419     0.00413     0.00098    -0.00005
47449     0.00228     0.00093     0.00021
47480    -0.00017     0.00058     0.00025
47510    -0.00347     0.00010     0.00002
47541    -0.00546    -0.00024    -0.00048
47572    -0.00696    -0.00036    -0.00082
47600    -0.00760    -0.00024    -0.00080
47631    -0.00566    -0.00035    -0.00056
47661    -0.00115    -0.00045    -0.00006
47692     0.00197    -0.00012     0.00090
47722     0.00478     0.00013     0.00099
47753     0.00637     0.00022     0.00070
47784     0.00617     0.00033     0.00052
47814     0.00371     0.00039     0.00040
47845     0.00057     0.00026     0.00042
47875    -0.00215    -0.00042    -0.00018
47906    -0.00519    -0.00084    -0.00062
47937    -0.00684    -0.00099    -0.00109
47965    -0.00822    -0.00092    -0.00083
47996    -0.00632    -0.00106    -0.00039
48026    -0.00190    -0.00097     0.00002
48057     0.00188    -0.00019     0.00061
48087     0.00423     0.00020     0.00077
48118     0.00600     0.00034     0.00079
48149     0.00528     0.00033     0.00087
48179     0.00311     0.00046     0.00079
48210     0.00063     0.00035     0.00051
48240    -0.00187     0.00003    -0.00005
48271    -0.00383    -0.00015    -0.00048
48302    -0.00555    -0.00007    -0.00071
48330    -0.00698    -0.00046    -0.00098
48361    -0.00608    -0.00109    -0.00058
48391    -0.00209    -0.00135    -0.00020
48422     0.00143    -0.00068     0.00033
48452     0.00393    -0.00025     0.00078
48483     0.00485     0.00020     0.00066
48514     0.00339     0.00058     0.00096
48544     0.00196     0.00065     0.00094
48575    -0.00042     0.00073     0.00077
48605    -0.00400     0.00077     0.00048
48636    -0.00686     0.00042     0.00017
48667    -0.00913     0.00012     0.00012
48696    -0.01061    -0.00020     0.00045
48727    -0.00976    -0.00077     0.00076
48757    -0.00528    -0.00077     0.00120
48788    -0.00108    -0.00042     0.00170
48818     0.00191    -0.00006     0.00177
48849     0.00354     0.00027     0.00139
48880     0.00295     0.00035     0.00123
48910     0.00109     0.00053     0.00115
48941    -0.00176     0.00008     0.00091
48971    -0.00353    -0.00052     0.00082
49002    -0.00490    -0.00071     0.00040
49033    -0.00713    -0.00064    -0.00003
49061    -0.00811    -0.00080    -0.00017
49092    -0.00662    -0.00116    -0.00000
49122    -0.00265    -0.00087     0.00009
49153     0.00056    -0.00039     0.00059
49183     0.00256     0.00019     0.00067
49214     0.00389     0.00069     0.00032
49245     0.00355     0.00072     0.00017
49275     0.00174     0.00063     0.00026
49306    -0.00092     0.00030     0.00030
49336    -0.00375    -0.00007     0.00016
49367    -0.00601    -0.00067    -0.00035
49398    -0.00736    -0.00089    -0.00073
49426    -0.00877    -0.00073    -0.00064
49457    -0.00758    -0.00106    -0.00032
49487    -0.00324    -0.00104    -0.00004
49518    -0.00064    -0.00067     0.00051
49548     0.00095    -0.00003     0.00044
49579     0.00288     0.00021    -0.00001
49610     0.00231     0.00034    -0.00024
49640     0.00004     0.00003    -0.00009
49671    -0.00259    -0.00033    -0.00035
49701    -0.00517    -0.00033    -0.00076
49732    -0.00679    -0.00028    -0.00117
49763    -0.00826    -0.00014    -0.00152
49791    -0.00906    -0.00018    -0.00156
49822    -0.00743    -0.00068    -0.00117
49852    -0.00397    -0.00070    -0.00062
49883    -0.00146    -0.00040     0.00007
49913     0.00094     0.00019     0.00019
49944     0.00185     0.00074    -0.00040
49975     0.00149     0.00099    -0.00056
50005     0.00045     0.00091    -0.00064
50036    -0.00114     0.00066    -0.00078
50066    -0.00232     0.00007    -0.00108
50097    -0.00424    -0.00021    -0.00175
50128    -0.00562    -0.00027    -0.00232
50157    -0.00630    -0.00016    -0.00256
50188    -0.00519    -0.00039    -0.00220
50218    -0.00272    -0.00073    -0.00088
50249    -0.00074    -0.00084     0.00035
50279     0.00110    -0.00106     0.00157
50310     0.00295    -0.00122     0.00234
50341     0.00338    -0.00144     0.00249
50371     0.00262    -0.00141     0.00222
50402     0.00107    -0.00138     0.00169
50432    -0.00085    -0.00123     0.00091
50463    -0.00313    -0.00109     0.00010
50494    -0.00732    -0.00083    -0.00062
50522    -0.01000    -0.00077    -0.00122
50553    -0.00878    -0.00097    -0.00152
50583    -0.00375    -0.00123    -0.00153
50614    -0.00132    -0.00078    -0.00069
50644    -0.00017     0.00000    -0.00023
50675     0.00086     0.00061    -0.00004
50706     0.00035     0.00098    -0.00028
50736    -0.00142     0.00110    -0.00096
50767    -0.00320     0.00083    -0.00177
50797    -0.00573     0.00050    -0.00248
50828    -0.00753     0.00043    -0.00290
50859    -0.00894     0.00048    -0.00290
50887    -0.00978     0.00048    -0.00284
50918    -0.00828     0.00020    -0.00246
50948    -0.00538     0.00023    -0.00143
50979    -0.00266     0.00055    -0.00050
51009    -0.00043     0.00129    -0.00063
51040     0.00115     0.00152    -0.00099
51071     0.00096     0.00159    -0.00124
51101    -0.00055     0.00155    -0.00144
51132    -0.00256     0.00123    -0.00140
51162    -0.00405     0.00079    -0.00158
51193    -0.00550     0.00047    -0.00189
51224    -0.00651     0.00029    -0.00204
51252    -0.00642     0.00013    -0.00199
51283    -0.00480    -0.00023    -0.00138
51313    -0.00292    -0.00019    -0.00062
51344    -0.00113     0.00022     0.00017
51374     0.00089     0.00039     0.00040
51405     0.00249     0.00069    -0.00010
51436     0.00275     0.00077    -0.00024
51466     0.00216     0.00074    -0.00043
51497     0.00096     0.00064    -0.00055
51527    -0.00018     0.00022    -0.00072
51558    -0.00094    -0.00079    -0.00114
51589    -0.00151    -0.00120    -0.00142
51618    -0.00181    -0.00109    -0.00158
51649    -0.00134    -0.00120    -0.00158
51679     0.00027    -0.00068    -0.00131
51710     0.00100    -0.00009    -0.00051
51740     0.00218     0.00021     0.00012
51771     0.00297     0.00060     0.00025
51802     0.00195     0.00067     0.00039
51832     0.00041     0.00075     0.00028
51863    -0.00114     0.00048     0.00013
51893    -0.00214     0.00013    -0.00021
51924    -0.00357    -0.00003    -0.00029
51955    -0.00490     0.00034    -0.00033
51983    -0.00555     0.00030    -0.00036
52014    -0.00455     0.00011    -0.00029
52044    -0.00259     0.00021     0.00038
52075    -0.00100     0.00049     0.00088
52105     0.00060     0.00097     0.00123
52136     0.00180     0.00148     0.00116
52167     0.00171     0.00154     0.00114
52197     0.00083     0.00163     0.00090
52228    -0.00047     0.00153     0.00046
52258    -0.00174     0.00101     0.00023
52289    -0.00268     0.00047    -0.00016
52320    -0.00344     0.00035    -0.00031
52348    -0.00382     0.00037    -0.00036
52379    -0.00365    -0.00016     0.00004
52409    -0.00180    -0.00008     0.00077
52440     0.00028     0.00013     0.00168
52470     0.00235     0.00066     0.00189
52501     0.00333     0.00111     0.00163
52532     0.00289     0.00126     0.00132
52562     0.00142     0.00114     0.00088
52593     0.00001     0.00073     0.00043
52623    -0.00140     0.00045     0.00025
52654    -0.00244     0.00009    -0.00007
52685    -0.00325    -0.00011    -0.00022
52713    -0.00360    -0.00024    -0.00008
52744    -0.00241    -0.00053     0.00012
52774    -0.00089    -0.00054     0.00079
52805     0.00067    -0.00046     0.00150
52835     0.00281     0.00023     0.00146
52866     0.00431     0.00066     0.00111
52897     0.00403     0.00103     0.00069
52927     0.00285     0.00111     0.00057
52958     0.00133     0.00083     0.00034
52988     0.00003     0.00054     0.00008
53019    -0.00088     0.00005    -0.00017
53050    -0.00144    -0.00026    -0.00042
53079    -0.00178    -0.00041    -0.00047
53110    -0.00071    -0.00071    -0.00052
53140     0.00073    -0.00068     0.00007
53171     0.00209    -0.00022     0.00065
53201     0.00444     0.00011     0.00078
53232     0.00596     0.00056     0.00043
53263     0.00542     0.00105     0.00018
53293     0.00381     0.00099     0.00006
53324     0.00221     0.00059    -0.00015
53354     0.00107     0.00018    -0.00072
53385    -0.00017    -0.00011    -0.00096
53416    -0.00160    -0.00031    -0.00100
53444    -0.00207    -0.00057    -0.00103
53475    -0.00123    -0.00066    -0.00071
53505     0.00083    -0.00074    -0.00041
53536     0.00248    -0.00051     0.00032
53566     0.00444     0.00021     0.00060
53597     0.00558     0.00092     0.00047
53628     0.00535     0.00129     0.00033
53658     0.00427     0.00129     0.00037
53689     0.00291     0.00117     0.00040
53719     0.00176     0.00025     0.00043
53750     0.00111    -0.00035     0.00025
53781     0.00060    -0.00059    -0.00003
53809     0.00041    -0.00083    -0.00030
53840     0.00119    -0.00098    -0.00023
53870     0.00218    -0.00070     0.00018
53901     0.00367    -0.00018     0.00076
53931     0.00556     0.00046     0.00115
53962     0.00674     0.00073     0.00080
53993     0.00646     0.00088     0.00051
54023     0.00541     0.00058     0.00051
54054     0.00429    -0.00004     0.00013
54084     0.00313    -0.00037    -0.00016
54115     0.00205    -0.00058    -0.00028
54146     0.00152    -0.00067    -0.00064
54174     0.00108    -0.00075    -0.00054
54205     0.00179    -0.00101    -0.00016
54235     0.00291    -0.00092     0.00017
54266     0.00443    -0.00040     0.00059
54296     0.00585     0.00042     0.00047
54327     0.00672     0.00073    -0.00001
54358     0.00591     0.00095    -0.00040
54388     0.00420     0.00096    -0.00034
54419     0.00280     0.00050    -0.00059
54449     0.00136    -0.00011    -0.00080
54480     0.00003    -0.00071    -0.00097
54511    -0.00134    -0.00092    -0.00100
54540    -0.00250    -0.00123    -0.00084
54571    -0.00221    -0.00127    -0.00069
54601    -0.00002    -0.00110    -0.00009
54632     0.00215    -0.00058     0.00040
54662     0.00389    -0.00004     0.00048
54693     0.00493     0.00040     0.00008
54724     0.00444     0.00066    -0.00022
54754     0.00311     0.00071    -0.00036
54785     0.00155     0.00083    -0.00060
54815    -0.00013     0.00018    -0.00060
54846    -0.00185    -0.00017    -0.00074
54877    -0.00319    -0.00042    -0.00107
54905    -0.00410    -0.00061    -0.00110
54936    -0.00379    -0.00082    -0.00082
54966    -0.00093    -0.00061    -0.00033
54997     0.00143    -0.00036     0.00041
55027     0.00374     0.00012     0.00049
55058     0.00516     0.00045     0.00017
55089     0.00462     0.00074    -0.00006
55119     0.00316     0.00085    -0.00014
55150     0.00123     0.00035    -0.00048
55180    -0.00035    -0.00019    -0.00071
55211    -0.00189    -0.00042    -0.00112
55242    -0.00328    -0.00037    -0.00113
55270    -0.00384    -0.00046    -0.00124
55301    -0.00306    -0.00058    -0.00092
55331    -0.00070    -0.00045    -0.00057
55362     0.00131    -0.00012    -0.00005
55392     0.00333     0.00036     0.00031
55423     0.00520     0.00084    -0.00006
55454     0.00463     0.00141    -0.00050
55484     0.00288     0.00159    -0.00059
55515     0.00088     0.00115    -0.00064
55545    -0.00131     0.00067    -0.00082
55576    -0.00307     0.00021    -0.00080
55607    -0.00469     0.00003    -0.00071
55635    -0.00563    -0.00026    -0.00054
55666    -0.00518    -0.00045    -0.00003
55696    -0.00261    -0.00041     0.00033
55727     0.00016     0.00017     0.00068
55757     0.00244     0.00081     0.00092
55788     0.00357     0.00125     0.00072
55819     0.00316     0.00147     0.00036
55849     0.00252     0.00113     0.00009
55880     0.00116     0.00067    -0.00002
55910    -0.00054     0.00026     0.00002
55941    -0.00205    -0.00017    -0.00014
55972    -0.00323    -0.00042    -0.00008
56001    -0.00394    -0.00037     0.00020
56032    -0.00283    -0.00055     0.00039
56062    -0.00127    -0.00045     0.00064
56093     0.00087    -0.00010     0.00113
56123     0.00328     0.00035     0.00106
56154     0.00483     0.00086     0.00051
56185     0.00459     0.00128    -0.00009
56215     0.00342     0.00096    -0.00014
56246     0.00210     0.00074    -0.00058
56276     0.00076     0.00032    -0.00082
56307    -0.00050    -0.00012    -0.00085
56338    -0.00155    -0.00041    -0.00092
56366    -0.00204    -0.00059    -0.00074
56397    -0.00155    -0.00082    -0.00059
56427     0.00052    -0.00077    -0.00007
56458     0.00206    -0.00051     0.00065
56488     0.00413     0.00010     0.00084
56519     0.00548     0.00058     0.00065
56550     0.00510     0.00069     0.00068
56580     0.00383     0.00064     0.00065
56611     0.00263     0.00009     0.00074
56641     0.00130    -0.00034     0.00068
56672    -0.00005    -0.00073     0.00053
56703    -0.00086    -0.00105     0.00051
56731    -0.00116    -0.00148     0.00064
56762    -0.00049    -0.00151     0.00093
56792     0.00128    -0.00153     0.00108
56823     0.00239    -0.00126     0.00155
56853     0.00371    -0.00074     0.00162
56884     0.00508    -0.00019     0.00113
56915     0.00431     0.00027     0.00072
56945     0.00269     0.00022     0.00050
56976     0.00119    -0.00007     0.00039
57006    -0.00006    -0.00050     0.00041
57037    -0.00148    -0.00048     0.00017
57068    -0.00284    -0.00073     0.00009
57096    -0.00337    -0.00094     0.00016
57127    -0.00276    -0.00098     0.00022
57157    -0.00066    -0.00111     0.00071
57188     0.00139    -0.00100     0.00123
57218     0.00316    -0.00071     0.00148
57249     0.00383    -0.00004     0.00109
57280     0.00283     0.00044     0.00085
57310     0.00137     0.00057     0.00069
57341    -0.00055     0.00062     0.00033
57371    -0.00246     0.00068    -0.00008
57402    -0.00362     0.00026    -0.00036
57433    -0.00489    -0.00014    -0.00032
57462    -0.00556    -0.00064    -0.00027
57493    -0.00407    -0.00089    -0.00028
57523    -0.00192    -0.00085    -0.00012
57554     0.00036    -0.00052     0.00030
