# Hydrology loading displacements computed from the monthly GLDAS NOAH model
# This is a product of the Hydrology loading service: http://lacerta.gsfc.nasa.gov/hydlo/
# Displacements are with respect to the center of mass of the total earth
#
# Created for VieVS on 17.03.2017 at 11:46:08 local time
# OFFSET + TREND REMOVED!!! - Hana 
# mjd up (meters) eastwest (meters) northsouth (meters)
43888     0.00009    -0.00039    -0.00103
43919    -0.00056    -0.00040    -0.00167
43947    -0.00096    -0.00040    -0.00140
43978    -0.00103    -0.00059    -0.00085
44008     0.00028    -0.00072    -0.00000
44039     0.00195    -0.00060     0.00076
44069     0.00337     0.00020     0.00088
44100     0.00417     0.00062     0.00064
44131     0.00411     0.00060     0.00059
44161     0.00322     0.00055     0.00069
44192     0.00204     0.00010     0.00035
44222     0.00111    -0.00041    -0.00016
44253     0.00036    -0.00078    -0.00051
44284    -0.00045    -0.00074    -0.00075
44313    -0.00092    -0.00056    -0.00099
44344    -0.00050    -0.00078    -0.00056
44374     0.00083    -0.00071     0.00020
44405     0.00250    -0.00024     0.00070
44435     0.00397     0.00041     0.00062
44466     0.00456     0.00088     0.00040
44497     0.00402     0.00098     0.00033
44527     0.00293     0.00077     0.00053
44558     0.00187     0.00042     0.00025
44588     0.00105     0.00016    -0.00021
44619     0.00054     0.00004    -0.00055
44650     0.00009    -0.00015    -0.00076
44678    -0.00029    -0.00036    -0.00107
44709    -0.00027    -0.00042    -0.00083
44739     0.00089    -0.00068    -0.00031
44770     0.00244    -0.00046     0.00071
44800     0.00367     0.00025     0.00078
44831     0.00432     0.00075     0.00052
44862     0.00415     0.00091     0.00043
44892     0.00277     0.00103     0.00039
44923     0.00149     0.00096     0.00025
44953     0.00029     0.00051    -0.00009
44984    -0.00072    -0.00006    -0.00076
45015    -0.00131    -0.00001    -0.00128
45043    -0.00158    -0.00001    -0.00130
45074    -0.00141    -0.00045    -0.00070
45104    -0.00006    -0.00072    -0.00012
45135     0.00164    -0.00085     0.00090
45165     0.00324    -0.00070     0.00141
45196     0.00390     0.00005     0.00090
45227     0.00344     0.00042     0.00075
45257     0.00242     0.00029     0.00050
45288     0.00104     0.00040    -0.00008
45318    -0.00039     0.00015    -0.00065
45349    -0.00148    -0.00002    -0.00100
45380    -0.00231    -0.00028    -0.00136
45408    -0.00275    -0.00015    -0.00109
45439    -0.00219    -0.00040    -0.00035
45469    -0.00094    -0.00018     0.00034
45500     0.00108    -0.00003     0.00109
45530     0.00265     0.00076     0.00138
45561     0.00346     0.00146     0.00107
45592     0.00323     0.00195     0.00091
45622     0.00189     0.00200     0.00094
45653     0.00069     0.00163     0.00083
45683    -0.00051     0.00098     0.00016
45714    -0.00109     0.00083    -0.00049
45745    -0.00181     0.00063    -0.00052
45774    -0.00211     0.00039    -0.00037
45805    -0.00137    -0.00035    -0.00010
45835    -0.00013    -0.00037     0.00060
45866     0.00118    -0.00004     0.00122
45896     0.00246     0.00066     0.00164
45927     0.00327     0.00109     0.00160
45958     0.00308     0.00125     0.00148
45988     0.00219     0.00108     0.00121
46019     0.00085     0.00057     0.00094
46049    -0.00037     0.00021     0.00046
46080    -0.00140    -0.00056    -0.00001
46111    -0.00193    -0.00075    -0.00076
46139    -0.00272    -0.00055    -0.00068
46170    -0.00233    -0.00078    -0.00022
46200    -0.00093    -0.00085     0.00020
46231     0.00119    -0.00051     0.00091
46261     0.00286    -0.00015     0.00096
46292     0.00353     0.00021     0.00067
46323     0.00294     0.00063     0.00069
46353     0.00165     0.00077     0.00080
46384     0.00045     0.00053     0.00056
46414    -0.00051     0.00001    -0.00003
46445    -0.00132    -0.00024    -0.00068
46476    -0.00211    -0.00046    -0.00101
46504    -0.00251    -0.00074    -0.00110
46535    -0.00233    -0.00082    -0.00056
46565    -0.00103    -0.00093     0.00023
46596     0.00108    -0.00107     0.00115
46626     0.00261    -0.00010     0.00133
46657     0.00315     0.00053     0.00113
46688     0.00286     0.00039     0.00108
46718     0.00193     0.00015     0.00097
46749     0.00098    -0.00001     0.00053
46779    -0.00040    -0.00038     0.00015
46810    -0.00152    -0.00062    -0.00012
46841    -0.00227    -0.00065    -0.00036
46869    -0.00290    -0.00064    -0.00055
46900    -0.00244    -0.00100    -0.00017
46930    -0.00112    -0.00100     0.00056
46961     0.00078    -0.00080     0.00084
46991     0.00232    -0.00031     0.00136
47022     0.00297     0.00022     0.00116
47053     0.00270     0.00060     0.00085
47083     0.00184     0.00062     0.00072
47114     0.00061     0.00059     0.00069
47144    -0.00059     0.00008     0.00043
47175    -0.00164    -0.00032    -0.00007
47206    -0.00232    -0.00059    -0.00052
47235    -0.00261    -0.00072    -0.00079
47266    -0.00233    -0.00074    -0.00020
47296    -0.00082    -0.00054     0.00010
47327     0.00117    -0.00029     0.00075
47357     0.00257     0.00031     0.00074
47388     0.00316     0.00089     0.00023
47419     0.00284     0.00118    -0.00003
47449     0.00176     0.00109     0.00020
47480     0.00040     0.00066     0.00015
47510    -0.00094     0.00020    -0.00011
47541    -0.00205    -0.00013    -0.00059
47572    -0.00282    -0.00030    -0.00093
47600    -0.00337    -0.00020    -0.00089
47631    -0.00260    -0.00022    -0.00058
47661    -0.00090    -0.00041    -0.00009
47692     0.00090    -0.00016     0.00085
47722     0.00275     0.00022     0.00100
47753     0.00357     0.00040     0.00078
47784     0.00315     0.00056     0.00067
47814     0.00201     0.00060     0.00052
47845     0.00041     0.00040     0.00047
47875    -0.00072    -0.00027    -0.00018
47906    -0.00202    -0.00064    -0.00065
47937    -0.00296    -0.00077    -0.00112
47965    -0.00385    -0.00062    -0.00082
47996    -0.00302    -0.00061    -0.00029
48026    -0.00107    -0.00072     0.00011
48057     0.00092    -0.00021     0.00066
48087     0.00251     0.00029     0.00081
48118     0.00330     0.00057     0.00085
48149     0.00264     0.00062     0.00091
48179     0.00145     0.00072     0.00078
48210    -0.00000     0.00053     0.00048
48240    -0.00140     0.00012    -0.00008
48271    -0.00239    -0.00005    -0.00052
48302    -0.00294     0.00013    -0.00077
48330    -0.00374    -0.00020    -0.00107
48361    -0.00352    -0.00067    -0.00064
48391    -0.00182    -0.00105    -0.00023
48422     0.00043    -0.00061     0.00030
48452     0.00204    -0.00015     0.00077
48483     0.00280     0.00045     0.00065
48514     0.00214     0.00075     0.00088
48544     0.00108     0.00068     0.00086
48575    -0.00031     0.00065     0.00070
48605    -0.00199     0.00063     0.00037
48636    -0.00331     0.00031     0.00001
48667    -0.00436     0.00007    -0.00010
48696    -0.00526    -0.00009     0.00022
48727    -0.00500    -0.00046     0.00054
48757    -0.00313    -0.00053     0.00110
48788    -0.00063    -0.00052     0.00159
48818     0.00106    -0.00012     0.00167
48849     0.00197     0.00035     0.00133
48880     0.00168     0.00043     0.00114
48910     0.00069     0.00064     0.00103
48941    -0.00098     0.00030     0.00069
48971    -0.00198    -0.00022     0.00058
49002    -0.00290    -0.00039     0.00019
49033    -0.00369    -0.00026    -0.00025
49061    -0.00428    -0.00037    -0.00038
49092    -0.00389    -0.00065    -0.00015
49122    -0.00207    -0.00058     0.00002
49153     0.00007    -0.00034     0.00051
49183     0.00133     0.00022     0.00066
49214     0.00203     0.00079     0.00036
49245     0.00153     0.00090     0.00023
49275     0.00048     0.00079     0.00028
49306    -0.00094     0.00043     0.00027
49336    -0.00234     0.00011     0.00009
49367    -0.00329    -0.00049    -0.00046
49398    -0.00375    -0.00074    -0.00086
49426    -0.00427    -0.00054    -0.00076
49457    -0.00388    -0.00076    -0.00037
49487    -0.00207    -0.00096    -0.00011
49518    -0.00053    -0.00076     0.00034
49548     0.00041    -0.00006     0.00028
49579     0.00138     0.00030    -0.00012
49610     0.00101     0.00047    -0.00031
49640    -0.00007     0.00018    -0.00027
49671    -0.00152    -0.00020    -0.00061
49701    -0.00300    -0.00025    -0.00103
49732    -0.00399    -0.00021    -0.00143
49763    -0.00468    -0.00001    -0.00177
49791    -0.00508    -0.00004    -0.00184
49822    -0.00435    -0.00049    -0.00141
49852    -0.00283    -0.00070    -0.00086
49883    -0.00134    -0.00048    -0.00015
49913     0.00005     0.00018     0.00002
49944     0.00074     0.00083    -0.00048
49975     0.00047     0.00113    -0.00063
50005    -0.00012     0.00095    -0.00071
50036    -0.00117     0.00059    -0.00089
50066    -0.00182    -0.00007    -0.00125
50097    -0.00250    -0.00040    -0.00197
50128    -0.00321    -0.00047    -0.00255
50157    -0.00355    -0.00034    -0.00278
50188    -0.00313    -0.00050    -0.00241
50218    -0.00202    -0.00087    -0.00111
50249    -0.00044    -0.00106     0.00011
50279     0.00085    -0.00130     0.00132
50310     0.00186    -0.00140     0.00208
50341     0.00218    -0.00157     0.00219
50371     0.00186    -0.00155     0.00190
50402     0.00097    -0.00156     0.00135
50432     0.00004    -0.00147     0.00056
50463    -0.00094    -0.00135    -0.00028
50494    -0.00222    -0.00106    -0.00098
50522    -0.00303    -0.00099    -0.00158
50553    -0.00230    -0.00106    -0.00185
50583    -0.00101    -0.00114    -0.00177
50614    -0.00020    -0.00091    -0.00091
50644     0.00032    -0.00012    -0.00040
50675     0.00045     0.00056    -0.00016
50706    -0.00013     0.00090    -0.00034
50736    -0.00109     0.00092    -0.00103
50767    -0.00220     0.00071    -0.00188
50797    -0.00319     0.00043    -0.00265
50828    -0.00419     0.00035    -0.00309
50859    -0.00504     0.00031    -0.00309
50887    -0.00570     0.00026    -0.00302
50918    -0.00515     0.00003    -0.00255
50948    -0.00404    -0.00005    -0.00150
50979    -0.00256     0.00021    -0.00058
51009    -0.00121     0.00106    -0.00062
51040    -0.00013     0.00145    -0.00093
51071    -0.00011     0.00161    -0.00118
51101    -0.00107     0.00150    -0.00139
51132    -0.00221     0.00109    -0.00141
51162    -0.00304     0.00062    -0.00163
51193    -0.00374     0.00021    -0.00197
51224    -0.00417    -0.00003    -0.00212
51252    -0.00405    -0.00017    -0.00207
51283    -0.00333    -0.00041    -0.00148
51313    -0.00249    -0.00040    -0.00074
51344    -0.00132    -0.00001     0.00012
51374    -0.00004     0.00020     0.00042
51405     0.00080     0.00061     0.00001
51436     0.00077     0.00070    -0.00011
51466     0.00034     0.00068    -0.00030
51497    -0.00020     0.00055    -0.00045
51527    -0.00074     0.00008    -0.00067
51558    -0.00089    -0.00090    -0.00118
51589    -0.00116    -0.00132    -0.00149
51618    -0.00129    -0.00124    -0.00162
51649    -0.00109    -0.00136    -0.00161
51679    -0.00035    -0.00082    -0.00130
51710     0.00016    -0.00025    -0.00047
51740     0.00103     0.00008     0.00016
51771     0.00150     0.00047     0.00031
51802     0.00099     0.00048     0.00038
51832     0.00018     0.00051     0.00015
51863    -0.00067     0.00015    -0.00006
51893    -0.00103    -0.00022    -0.00047
51924    -0.00187    -0.00048    -0.00058
51955    -0.00273    -0.00021    -0.00057
51983    -0.00317    -0.00030    -0.00060
52014    -0.00287    -0.00046    -0.00049
52044    -0.00195    -0.00031     0.00023
52075    -0.00077     0.00004     0.00076
52105     0.00034     0.00059     0.00119
52136     0.00096     0.00122     0.00121
52167     0.00081     0.00126     0.00122
52197     0.00025     0.00133     0.00099
52228    -0.00038     0.00125     0.00054
52258    -0.00108     0.00067     0.00026
52289    -0.00149     0.00012    -0.00017
52320    -0.00189    -0.00004    -0.00031
52348    -0.00219    -0.00004    -0.00034
52379    -0.00220    -0.00046     0.00000
52409    -0.00154    -0.00043     0.00074
52440    -0.00021    -0.00026     0.00162
52470     0.00111     0.00034     0.00192
52501     0.00178     0.00087     0.00175
52532     0.00151     0.00105     0.00150
52562     0.00054     0.00092     0.00105
52593    -0.00018     0.00047     0.00054
52623    -0.00082     0.00012     0.00031
52654    -0.00116    -0.00029    -0.00004
52685    -0.00154    -0.00054    -0.00020
52713    -0.00171    -0.00070    -0.00006
52744    -0.00132    -0.00096     0.00012
52774    -0.00070    -0.00095     0.00078
52805     0.00034    -0.00085     0.00148
52835     0.00176    -0.00006     0.00154
52866     0.00260     0.00048     0.00127
52897     0.00236     0.00089     0.00091
52927     0.00158     0.00091     0.00079
52958     0.00053     0.00054     0.00051
52988    -0.00009     0.00021     0.00021
53019    -0.00036    -0.00031    -0.00010
53050    -0.00044    -0.00061    -0.00038
53079    -0.00061    -0.00077    -0.00045
53110    -0.00016    -0.00102    -0.00051
53140     0.00037    -0.00101     0.00007
53171     0.00113    -0.00053     0.00071
53201     0.00256    -0.00010     0.00092
53232     0.00330     0.00048     0.00066
53263     0.00274     0.00093     0.00047
53293     0.00169     0.00083     0.00037
53324     0.00078     0.00033     0.00010
53354     0.00029    -0.00012    -0.00049
53385    -0.00034    -0.00045    -0.00077
53416    -0.00097    -0.00079    -0.00084
53444    -0.00124    -0.00111    -0.00091
53475    -0.00101    -0.00117    -0.00058
53505    -0.00002    -0.00113    -0.00032
53536     0.00104    -0.00085     0.00043
53566     0.00231    -0.00000     0.00083
53597     0.00290     0.00080     0.00078
53628     0.00259     0.00121     0.00068
53658     0.00178     0.00116     0.00071
53689     0.00099     0.00098     0.00069
53719     0.00041     0.00000     0.00060
53750     0.00013    -0.00064     0.00036
53781    -0.00012    -0.00088     0.00004
53809    -0.00024    -0.00109    -0.00026
53840     0.00016    -0.00122    -0.00019
53870     0.00073    -0.00096     0.00027
53901     0.00169    -0.00042     0.00090
53931     0.00287     0.00033     0.00139
53962     0.00353     0.00072     0.00112
53993     0.00324     0.00089     0.00086
54023     0.00246     0.00051     0.00083
54054     0.00171    -0.00015     0.00038
54084     0.00113    -0.00053     0.00007
54115     0.00063    -0.00080    -0.00007
54146     0.00038    -0.00088    -0.00042
54174     0.00011    -0.00100    -0.00033
54205     0.00034    -0.00129     0.00004
54235     0.00093    -0.00117     0.00035
54266     0.00195    -0.00058     0.00083
54296     0.00303     0.00030     0.00081
54327     0.00372     0.00075     0.00036
54358     0.00334     0.00107    -0.00002
54388     0.00233     0.00103     0.00002
54419     0.00172     0.00060    -0.00029
54449     0.00097     0.00002    -0.00059
54480     0.00045    -0.00056    -0.00084
54511    -0.00015    -0.00076    -0.00091
54540    -0.00072    -0.00107    -0.00083
54571    -0.00073    -0.00108    -0.00068
54601     0.00005    -0.00103    -0.00003
54632     0.00122    -0.00060     0.00050
54662     0.00241     0.00000     0.00064
54693     0.00298     0.00057     0.00030
54724     0.00267     0.00084    -0.00001
54754     0.00188     0.00087    -0.00017
54785     0.00102     0.00094    -0.00042
54815     0.00024     0.00027    -0.00052
54846    -0.00043    -0.00008    -0.00071
54877    -0.00076    -0.00032    -0.00108
54905    -0.00130    -0.00051    -0.00114
54936    -0.00133    -0.00070    -0.00088
54966    -0.00041    -0.00063    -0.00035
54997     0.00095    -0.00037     0.00042
55027     0.00235     0.00021     0.00058
55058     0.00309     0.00066     0.00032
55089     0.00292     0.00094     0.00012
55119     0.00203     0.00094     0.00003
55150     0.00102     0.00040    -0.00044
55180     0.00037    -0.00011    -0.00078
55211    -0.00015    -0.00029    -0.00124
55242    -0.00088    -0.00026    -0.00128
55270    -0.00101    -0.00033    -0.00141
55301    -0.00074    -0.00044    -0.00107
55331     0.00001    -0.00040    -0.00064
55362     0.00104    -0.00010    -0.00005
55392     0.00231     0.00046     0.00038
55423     0.00320     0.00110     0.00011
55454     0.00275     0.00171    -0.00028
55484     0.00180     0.00192    -0.00039
55515     0.00075     0.00149    -0.00052
55545    -0.00036     0.00101    -0.00084
55576    -0.00121     0.00048    -0.00098
55607    -0.00193     0.00025    -0.00100
55635    -0.00238    -0.00001    -0.00090
55666    -0.00237    -0.00023    -0.00042
55696    -0.00137    -0.00028     0.00006
55727     0.00021     0.00025     0.00059
55757     0.00148     0.00092     0.00095
55788     0.00216     0.00148     0.00083
55819     0.00206     0.00177     0.00052
55849     0.00171     0.00144     0.00018
55880     0.00103     0.00096     0.00001
55910     0.00019     0.00055    -0.00004
55941    -0.00044     0.00016    -0.00026
55972    -0.00094    -0.00007    -0.00024
56001    -0.00121     0.00000     0.00001
56032    -0.00100    -0.00024     0.00020
56062    -0.00034    -0.00025     0.00048
56093     0.00092     0.00003     0.00105
56123     0.00236     0.00060     0.00107
56154     0.00314     0.00121     0.00061
56185     0.00286     0.00167     0.00008
56215     0.00196     0.00132    -0.00001
56246     0.00115     0.00108    -0.00050
56276     0.00044     0.00063    -0.00080
56307    -0.00026     0.00015    -0.00090
56338    -0.00077    -0.00018    -0.00100
56366    -0.00106    -0.00039    -0.00084
56397    -0.00081    -0.00064    -0.00070
56427     0.00017    -0.00067    -0.00012
56458     0.00104    -0.00038     0.00063
56488     0.00227     0.00032     0.00094
56519     0.00298     0.00087     0.00082
56550     0.00264     0.00102     0.00086
56580     0.00172     0.00092     0.00082
56611     0.00096     0.00030     0.00084
56641     0.00030    -0.00018     0.00073
56672    -0.00022    -0.00058     0.00053
56703    -0.00057    -0.00092     0.00047
56731    -0.00071    -0.00138     0.00055
56762    -0.00045    -0.00147     0.00085
56792     0.00041    -0.00150     0.00099
56823     0.00111    -0.00120     0.00150
56853     0.00208    -0.00057     0.00167
56884     0.00287     0.00013     0.00122
56915     0.00242     0.00057     0.00081
56945     0.00147     0.00049     0.00054
56976     0.00052     0.00013     0.00036
57006    -0.00025    -0.00038     0.00032
57037    -0.00092    -0.00039     0.00008
57068    -0.00165    -0.00071    -0.00004
57096    -0.00199    -0.00098    -0.00002
57127    -0.00171    -0.00109     0.00007
57157    -0.00076    -0.00120     0.00057
57188     0.00056    -0.00097     0.00113
57218     0.00181    -0.00059     0.00140
57249     0.00222     0.00017     0.00109
57280     0.00158     0.00065     0.00086
57310     0.00050     0.00075     0.00070
57341    -0.00059     0.00076     0.00029
57371    -0.00161     0.00081    -0.00015
57402    -0.00210     0.00041    -0.00050
57433    -0.00262    -0.00002    -0.00054
57462    -0.00288    -0.00055    -0.00056
57493    -0.00243    -0.00087    -0.00054
57523    -0.00131    -0.00080    -0.00033
57554     0.00014    -0.00042     0.00015
