# Hydrology loading displacements computed from the monthly GLDAS NOAH model
# This is a product of the Hydrology loading service: http://lacerta.gsfc.nasa.gov/hydlo/
# Displacements are with respect to the center of mass of the total earth
#
# Created for VieVS on 17.03.2017 at 11:46:08 local time
# OFFSET + TREND REMOVED!!! - Hana 
# mjd up (meters) eastwest (meters) northsouth (meters)
43888     0.00123     0.00065    -0.00036
43919     0.00202     0.00105    -0.00096
43947     0.00191     0.00085    -0.00094
43978     0.00186     0.00038    -0.00061
44008     0.00079    -0.00008     0.00048
44039    -0.00073    -0.00039     0.00159
44069    -0.00220    -0.00033     0.00182
44100    -0.00260    -0.00017     0.00164
44131    -0.00209    -0.00030     0.00148
44161    -0.00104    -0.00066     0.00123
44192     0.00026    -0.00055     0.00078
44222     0.00174    -0.00020     0.00037
44253     0.00259     0.00006     0.00010
44284     0.00254     0.00032    -0.00021
44313     0.00292     0.00040    -0.00061
44344     0.00258     0.00010    -0.00018
44374     0.00086    -0.00023     0.00069
44405    -0.00145    -0.00033     0.00164
44435    -0.00345     0.00002     0.00197
44466    -0.00417     0.00026     0.00187
44497    -0.00324     0.00003     0.00156
44527    -0.00196    -0.00041     0.00134
44558    -0.00053    -0.00044     0.00084
44588     0.00076    -0.00025     0.00039
44619     0.00126     0.00018     0.00019
44650     0.00134     0.00064     0.00004
44678     0.00192     0.00082    -0.00028
44709     0.00221     0.00061    -0.00015
44739     0.00164     0.00020     0.00059
44770    -0.00159    -0.00026     0.00167
44800    -0.00279    -0.00020     0.00178
44831    -0.00439     0.00018     0.00153
44862    -0.00351     0.00002     0.00138
44892    -0.00210    -0.00037     0.00080
44923    -0.00098    -0.00051     0.00027
44953     0.00030    -0.00043    -0.00022
44984     0.00140    -0.00002    -0.00080
45015     0.00173     0.00036    -0.00131
45043     0.00164     0.00054    -0.00138
45074     0.00190     0.00020    -0.00075
45104     0.00119     0.00002     0.00024
45135    -0.00044    -0.00038     0.00177
45165    -0.00146    -0.00057     0.00274
45196    -0.00210    -0.00025     0.00220
45227    -0.00195    -0.00035     0.00171
45257    -0.00097    -0.00029     0.00125
45288     0.00044    -0.00020     0.00032
45318     0.00191    -0.00014    -0.00057
45349     0.00289    -0.00011    -0.00119
45380     0.00383    -0.00002    -0.00167
45408     0.00363    -0.00026    -0.00179
45439     0.00290    -0.00062    -0.00109
45469     0.00203    -0.00102    -0.00032
45500    -0.00009    -0.00114     0.00098
45530    -0.00266    -0.00111     0.00148
45561    -0.00384    -0.00066     0.00133
45592    -0.00416    -0.00067     0.00090
45622    -0.00245    -0.00110     0.00042
45653    -0.00130    -0.00128     0.00005
45683    -0.00003    -0.00093    -0.00061
45714     0.00068    -0.00033    -0.00115
45745     0.00135    -0.00027    -0.00131
45774     0.00075    -0.00019    -0.00113
45805     0.00122    -0.00022    -0.00046
45835    -0.00110    -0.00048     0.00050
45866    -0.00303    -0.00075     0.00139
45896    -0.00453    -0.00091     0.00181
45927    -0.00530    -0.00077     0.00173
45958    -0.00469    -0.00084     0.00149
45988    -0.00327    -0.00094     0.00109
46019    -0.00142    -0.00105     0.00064
46049     0.00018    -0.00086     0.00007
46080     0.00195    -0.00052    -0.00028
46111     0.00246     0.00024    -0.00072
46139     0.00261     0.00009    -0.00106
46170     0.00248     0.00003    -0.00041
46200     0.00176    -0.00025     0.00026
46231    -0.00005    -0.00069     0.00135
46261    -0.00139    -0.00044     0.00179
46292    -0.00250    -0.00011     0.00165
46323    -0.00219    -0.00035     0.00126
46353    -0.00121    -0.00077     0.00083
46384     0.00013    -0.00085     0.00031
46414     0.00156    -0.00052    -0.00026
46445     0.00242     0.00003    -0.00080
46476     0.00301     0.00020    -0.00125
46504     0.00299     0.00034    -0.00136
46535     0.00304     0.00010    -0.00081
46565     0.00190    -0.00040     0.00013
46596    -0.00022    -0.00070     0.00156
46626    -0.00400    -0.00042     0.00188
46657    -0.00557    -0.00010     0.00166
46688    -0.00449    -0.00024     0.00154
46718    -0.00331    -0.00026     0.00135
46749    -0.00146    -0.00019     0.00080
46779     0.00024    -0.00011     0.00015
46810     0.00112     0.00011    -0.00027
46841     0.00118     0.00035    -0.00059
46869     0.00185     0.00030    -0.00103
46900     0.00179     0.00006    -0.00059
46930     0.00048    -0.00038     0.00022
46961    -0.00148    -0.00034     0.00106
46991    -0.00343    -0.00061     0.00166
47022    -0.00381    -0.00052     0.00156
47053    -0.00304    -0.00043     0.00114
47083    -0.00184    -0.00048     0.00076
47114    -0.00071    -0.00066     0.00032
47144     0.00064    -0.00053    -0.00005
47175     0.00187    -0.00022    -0.00065
47206     0.00281     0.00016    -0.00104
47235     0.00324     0.00053    -0.00117
47266     0.00220     0.00041    -0.00060
47296     0.00011     0.00029    -0.00007
47327    -0.00306     0.00013     0.00106
47357    -0.00430     0.00021     0.00128
47388    -0.00481     0.00061     0.00090
47419    -0.00379     0.00053     0.00039
47449    -0.00242     0.00013     0.00023
47480    -0.00073    -0.00008    -0.00002
47510     0.00034     0.00016    -0.00045
47541     0.00137     0.00059    -0.00103
47572     0.00241     0.00078    -0.00149
47600     0.00211     0.00079    -0.00173
47631     0.00150     0.00075    -0.00130
47661     0.00017     0.00052    -0.00040
47692    -0.00309     0.00013     0.00089
47722    -0.00439     0.00019     0.00152
47753    -0.00458     0.00036     0.00160
47784    -0.00346     0.00014     0.00130
47814    -0.00220    -0.00002     0.00077
47845    -0.00079    -0.00023     0.00023
47875     0.00100     0.00032    -0.00027
47906     0.00205     0.00077    -0.00079
47937     0.00225     0.00112    -0.00141
47965     0.00252     0.00082    -0.00169
47996     0.00208     0.00059    -0.00116
48026     0.00121     0.00026    -0.00021
48057    -0.00078    -0.00023     0.00064
48087    -0.00194    -0.00027     0.00106
48118    -0.00310    -0.00017     0.00125
48149    -0.00232    -0.00029     0.00103
48179    -0.00125    -0.00053     0.00039
48210     0.00028    -0.00069    -0.00031
48240     0.00175    -0.00048    -0.00102
48271     0.00261    -0.00012    -0.00160
48302     0.00265     0.00031    -0.00187
48330     0.00348     0.00049    -0.00220
48361     0.00365     0.00030    -0.00164
48391     0.00299    -0.00008    -0.00066
48422     0.00015    -0.00017     0.00053
48452    -0.00223    -0.00027     0.00124
48483    -0.00308    -0.00013     0.00114
48514    -0.00265    -0.00051     0.00094
48544    -0.00123    -0.00080     0.00057
48575    -0.00015    -0.00099     0.00001
48605     0.00108    -0.00095    -0.00069
48636     0.00236    -0.00074    -0.00130
48667     0.00298    -0.00060    -0.00174
48696     0.00321    -0.00077    -0.00191
48727     0.00254    -0.00060    -0.00140
48757     0.00126    -0.00084    -0.00030
48788    -0.00098    -0.00101     0.00102
48818    -0.00281    -0.00096     0.00146
48849    -0.00409    -0.00048     0.00128
48880    -0.00386    -0.00038     0.00097
48910    -0.00281    -0.00050     0.00049
48941    -0.00090    -0.00051    -0.00018
48971     0.00039    -0.00046    -0.00043
49002     0.00150    -0.00018    -0.00092
49033     0.00168     0.00035    -0.00134
49061     0.00227     0.00040    -0.00164
49092     0.00241     0.00016    -0.00132
49122     0.00090     0.00009    -0.00068
49153    -0.00091    -0.00015     0.00039
49183    -0.00228    -0.00026     0.00067
49214    -0.00336    -0.00005     0.00045
49245    -0.00276    -0.00009     0.00007
49275    -0.00143    -0.00032    -0.00023
49306    -0.00005    -0.00046    -0.00063
49336     0.00118    -0.00034    -0.00105
49367     0.00261     0.00011    -0.00144
49398     0.00329     0.00051    -0.00172
49426     0.00272     0.00060    -0.00178
49457     0.00297     0.00023    -0.00139
49487     0.00250    -0.00008    -0.00060
49518     0.00092    -0.00022     0.00020
49548    -0.00070    -0.00006     0.00017
49579    -0.00126     0.00032     0.00001
49610    -0.00074     0.00031    -0.00035
49640     0.00070     0.00010    -0.00056
49671     0.00225     0.00017    -0.00112
49701     0.00325     0.00030    -0.00192
49732     0.00375     0.00052    -0.00257
49763     0.00349     0.00090    -0.00301
49791     0.00262     0.00137    -0.00300
49822     0.00274     0.00104    -0.00230
49852     0.00192     0.00067    -0.00141
49883     0.00020     0.00028    -0.00053
49913    -0.00140     0.00029    -0.00023
49944    -0.00172     0.00063    -0.00065
49975    -0.00139     0.00054    -0.00096
50005    -0.00030     0.00034    -0.00120
50036     0.00088     0.00016    -0.00167
50066     0.00217     0.00040    -0.00182
50097     0.00327     0.00090    -0.00239
50128     0.00383     0.00128    -0.00299
50157     0.00386     0.00150    -0.00329
50188     0.00346     0.00142    -0.00275
50218     0.00258     0.00078    -0.00123
50249     0.00087     0.00057     0.00065
50279    -0.00029     0.00007     0.00222
50310    -0.00121    -0.00021     0.00324
50341    -0.00097    -0.00027     0.00352
50371    -0.00061    -0.00016     0.00316
50402     0.00007     0.00006     0.00247
50432     0.00104     0.00033     0.00149
50463     0.00166     0.00088     0.00056
50494     0.00188     0.00146    -0.00047
50522     0.00223     0.00198    -0.00122
50553     0.00184     0.00239    -0.00109
50583     0.00079     0.00250    -0.00071
50614    -0.00054     0.00191     0.00006
50644    -0.00120     0.00133     0.00018
50675    -0.00216     0.00101     0.00000
50706    -0.00239     0.00094    -0.00059
50736    -0.00126     0.00123    -0.00145
50767     0.00004     0.00171    -0.00239
50797     0.00128     0.00232    -0.00311
50828     0.00244     0.00247    -0.00370
50859     0.00320     0.00217    -0.00404
50887     0.00376     0.00182    -0.00438
50918     0.00353     0.00138    -0.00391
50948     0.00243     0.00068    -0.00286
50979    -0.00010     0.00028    -0.00169
51009    -0.00279     0.00061    -0.00144
51040    -0.00348     0.00104    -0.00139
51071    -0.00290     0.00115    -0.00171
51101    -0.00143     0.00087    -0.00224
51132     0.00006     0.00055    -0.00259
51162     0.00114     0.00062    -0.00279
51193     0.00228     0.00081    -0.00306
51224     0.00275     0.00097    -0.00308
51252     0.00244     0.00111    -0.00286
51283     0.00148     0.00096    -0.00203
51313     0.00058     0.00045    -0.00120
51344    -0.00189    -0.00000    -0.00038
51374    -0.00275    -0.00009     0.00011
51405    -0.00315     0.00031    -0.00006
51436    -0.00258     0.00028    -0.00021
51466    -0.00171     0.00021    -0.00051
51497    -0.00062     0.00016    -0.00070
51527     0.00044     0.00029    -0.00075
51558     0.00177     0.00108    -0.00059
51589     0.00209     0.00165    -0.00060
51618     0.00142     0.00195    -0.00055
51649     0.00157     0.00195    -0.00039
51679     0.00102     0.00158    -0.00027
51710     0.00026     0.00078     0.00013
51740    -0.00089     0.00034     0.00054
51771    -0.00144     0.00018     0.00050
51802    -0.00091     0.00006     0.00038
51832     0.00017     0.00006    -0.00001
51863     0.00117     0.00023    -0.00023
51893     0.00184     0.00079    -0.00033
51924     0.00230     0.00076    -0.00059
51955     0.00175     0.00070    -0.00088
51983     0.00174     0.00076    -0.00098
52014     0.00206     0.00064    -0.00073
52044     0.00096     0.00010    -0.00004
52075    -0.00031    -0.00031     0.00049
52105    -0.00147    -0.00060     0.00096
52136    -0.00295    -0.00057     0.00096
52167    -0.00243    -0.00077     0.00083
52197    -0.00193    -0.00080     0.00047
52228    -0.00093    -0.00055     0.00005
52258     0.00026    -0.00037    -0.00015
52289     0.00134    -0.00002    -0.00035
52320     0.00154     0.00012    -0.00049
52348     0.00165     0.00007    -0.00065
52379     0.00209    -0.00018    -0.00038
52409     0.00132    -0.00076     0.00022
52440    -0.00004    -0.00135     0.00117
52470    -0.00137    -0.00154     0.00150
52501    -0.00205    -0.00135     0.00148
52532    -0.00159    -0.00124     0.00120
52562    -0.00041    -0.00110     0.00059
52593     0.00087    -0.00082     0.00014
52623     0.00160    -0.00064    -0.00003
52654     0.00226    -0.00025    -0.00009
52685     0.00237     0.00003    -0.00013
52713     0.00241     0.00006    -0.00000
52744     0.00212     0.00005     0.00032
52774     0.00129    -0.00053     0.00080
52805     0.00016    -0.00102     0.00149
52835    -0.00189    -0.00097     0.00163
52866    -0.00292    -0.00070     0.00138
52897    -0.00287    -0.00061     0.00083
52927    -0.00184    -0.00083     0.00041
52958    -0.00049    -0.00086     0.00001
52988     0.00050    -0.00066    -0.00020
53019     0.00131    -0.00028    -0.00020
53050     0.00152     0.00016    -0.00012
53079     0.00144     0.00034    -0.00005
53110     0.00158     0.00052     0.00015
53140     0.00096     0.00001     0.00052
53171    -0.00069    -0.00045     0.00089
53201    -0.00207    -0.00057     0.00133
53232    -0.00270    -0.00040     0.00116
53263    -0.00245    -0.00056     0.00060
53293    -0.00132    -0.00070     0.00022
53324     0.00007    -0.00064    -0.00002
53354     0.00130    -0.00008    -0.00024
53385     0.00213     0.00019    -0.00044
53416     0.00296     0.00017    -0.00058
53444     0.00336     0.00018    -0.00063
53475     0.00294    -0.00006    -0.00039
53505     0.00142    -0.00013     0.00004
53536    -0.00042    -0.00055     0.00085
53566    -0.00203    -0.00075     0.00123
53597    -0.00278    -0.00080     0.00105
53628    -0.00285    -0.00082     0.00072
53658    -0.00190    -0.00108     0.00046
53689    -0.00084    -0.00127     0.00023
53719     0.00068    -0.00117     0.00036
53750     0.00081    -0.00064     0.00051
53781     0.00093    -0.00022     0.00044
53809     0.00117     0.00024     0.00047
53840     0.00073     0.00042     0.00083
53870     0.00038    -0.00008     0.00110
53901    -0.00057    -0.00067     0.00156
53931    -0.00184    -0.00098     0.00191
53962    -0.00243    -0.00074     0.00178
53993    -0.00224    -0.00075     0.00129
54023    -0.00104    -0.00096     0.00112
54054     0.00037    -0.00067     0.00080
54084     0.00128    -0.00048     0.00057
54115     0.00154    -0.00021     0.00045
54146     0.00207     0.00004     0.00019
54174     0.00217    -0.00007     0.00017
54205     0.00209    -0.00028     0.00061
54235     0.00155    -0.00046     0.00096
54266     0.00033    -0.00079     0.00139
54296    -0.00146    -0.00070     0.00137
54327    -0.00231    -0.00022     0.00111
54358    -0.00179    -0.00013     0.00056
54388    -0.00103    -0.00034     0.00033
54419     0.00007    -0.00003     0.00028
54449     0.00096     0.00024     0.00013
54480     0.00202     0.00056     0.00011
54511     0.00178     0.00077     0.00005
54540     0.00196     0.00066     0.00006
54571     0.00164     0.00048     0.00011
54601     0.00085    -0.00006     0.00067
54632    -0.00033    -0.00045     0.00112
54662    -0.00212    -0.00040     0.00124
54693    -0.00320     0.00000     0.00092
54724    -0.00244    -0.00002     0.00045
54754    -0.00161    -0.00015    -0.00001
54785    -0.00084    -0.00014    -0.00049
54815     0.00029    -0.00001    -0.00050
54846     0.00105     0.00025    -0.00054
54877     0.00135     0.00077    -0.00059
54905     0.00196     0.00075    -0.00073
54936     0.00228     0.00045    -0.00059
54966     0.00164    -0.00002    -0.00007
54997    -0.00011    -0.00045     0.00071
55027    -0.00269    -0.00032     0.00099
55058    -0.00336    -0.00008     0.00081
55089    -0.00316    -0.00001     0.00049
55119    -0.00196    -0.00023     0.00016
55150    -0.00029     0.00009    -0.00009
55180     0.00106     0.00039    -0.00024
55211     0.00183     0.00083    -0.00048
55242     0.00228     0.00071    -0.00078
55270     0.00237     0.00095    -0.00087
55301     0.00202     0.00074    -0.00062
55331     0.00149     0.00035    -0.00020
55362     0.00010    -0.00006     0.00036
55392    -0.00173    -0.00015     0.00080
55423    -0.00262     0.00013     0.00062
55454    -0.00279     0.00026    -0.00002
55484    -0.00163    -0.00004    -0.00050
55515    -0.00041    -0.00010    -0.00080
55545     0.00032     0.00020    -0.00106
55576     0.00074     0.00053    -0.00099
55607     0.00072     0.00080    -0.00100
55635     0.00062     0.00096    -0.00088
55666     0.00089     0.00054    -0.00053
55696     0.00031     0.00011     0.00004
55727    -0.00178    -0.00022     0.00070
55757    -0.00383    -0.00035     0.00098
55788    -0.00491    -0.00016     0.00082
55819    -0.00437    -0.00010     0.00037
55849    -0.00334     0.00014     0.00018
55880    -0.00241     0.00031     0.00003
55910    -0.00121     0.00030    -0.00012
55941    -0.00037     0.00052    -0.00021
55972     0.00015     0.00049    -0.00025
56001     0.00010     0.00036    -0.00017
56032     0.00036     0.00008     0.00006
56062     0.00008    -0.00019     0.00036
56093    -0.00172    -0.00044     0.00113
56123    -0.00297    -0.00032     0.00138
56154    -0.00345    -0.00003     0.00098
56185    -0.00298     0.00017     0.00027
56215    -0.00170    -0.00001     0.00004
56246    -0.00072     0.00024    -0.00044
56276     0.00010     0.00045    -0.00066
56307     0.00097     0.00056    -0.00074
56338     0.00160     0.00064    -0.00086
56366     0.00143     0.00062    -0.00081
56397     0.00159     0.00061    -0.00049
56427     0.00057     0.00022     0.00016
56458    -0.00068    -0.00037     0.00075
56488    -0.00183    -0.00060     0.00102
56519    -0.00271    -0.00052     0.00084
56550    -0.00292    -0.00058     0.00067
56580    -0.00181    -0.00077     0.00042
56611    -0.00043    -0.00085     0.00047
56641     0.00047    -0.00068     0.00049
56672     0.00091    -0.00022     0.00060
56703     0.00097     0.00011     0.00071
56731     0.00173     0.00007     0.00093
56762     0.00164    -0.00015     0.00126
56792     0.00039    -0.00023     0.00163
56823    -0.00043    -0.00068     0.00197
56853    -0.00176    -0.00081     0.00199
56884    -0.00223    -0.00048     0.00167
56915    -0.00194    -0.00037     0.00105
56945    -0.00084    -0.00038     0.00059
56976     0.00030    -0.00042     0.00026
57006     0.00123    -0.00048     0.00016
57037     0.00164    -0.00030    -0.00016
57068     0.00219    -0.00031    -0.00039
57096     0.00164    -0.00022    -0.00029
57127     0.00118    -0.00020    -0.00009
57157     0.00093    -0.00063     0.00049
57188    -0.00000    -0.00099     0.00120
57218    -0.00106    -0.00108     0.00164
57249    -0.00234    -0.00075     0.00125
57280    -0.00168    -0.00078     0.00074
57310    -0.00051    -0.00094     0.00023
57341     0.00024    -0.00080    -0.00044
57371     0.00090    -0.00058    -0.00105
57402     0.00137    -0.00016    -0.00120
57433     0.00168     0.00002    -0.00121
57462     0.00234     0.00012    -0.00114
57493     0.00211     0.00026    -0.00096
57523     0.00136     0.00011    -0.00058
57554    -0.00048    -0.00014     0.00009
