# Hydrology loading displacements computed from the monthly GLDAS NOAH model
# This is a product of the Hydrology loading service: http://lacerta.gsfc.nasa.gov/hydlo/
# Displacements are with respect to the center of mass of the total earth
#
# Created for VieVS on 17.03.2017 at 11:46:08 local time
# OFFSET + TREND REMOVED!!! - Hana 
# mjd up (meters) eastwest (meters) northsouth (meters)
43888    -0.00342     0.00023     0.00001
43919    -0.00631     0.00004    -0.00020
43947    -0.00515     0.00030    -0.00037
43978    -0.00414     0.00055    -0.00031
44008    -0.00139     0.00081     0.00027
44039     0.00123     0.00075     0.00094
44069     0.00344    -0.00027     0.00109
44100     0.00481    -0.00095     0.00097
44131     0.00477    -0.00086     0.00069
44161     0.00277    -0.00078     0.00037
44192     0.00044    -0.00034     0.00023
44222    -0.00073     0.00000     0.00036
44253    -0.00214     0.00044     0.00039
44284    -0.00281     0.00043     0.00017
44313    -0.00347     0.00028    -0.00012
44344    -0.00222     0.00051     0.00012
44374    -0.00107     0.00049     0.00054
44405     0.00113     0.00023     0.00100
44435     0.00325    -0.00067     0.00128
44466     0.00438    -0.00137     0.00116
44497     0.00450    -0.00134     0.00083
44527     0.00377    -0.00085     0.00056
44558     0.00148    -0.00044     0.00023
44588     0.00035    -0.00008     0.00017
44619    -0.00042     0.00011     0.00034
44650    -0.00061     0.00030     0.00042
44678    -0.00099     0.00032     0.00043
44709    -0.00083     0.00029     0.00045
44739    -0.00013     0.00060     0.00077
44770     0.00265     0.00072     0.00116
44800     0.00411    -0.00010     0.00124
44831     0.00504    -0.00101     0.00110
44862     0.00523    -0.00116     0.00090
44892     0.00414    -0.00099     0.00048
44923     0.00378    -0.00063     0.00011
44953     0.00184    -0.00007    -0.00002
44984    -0.00244     0.00005    -0.00031
45015    -0.00352     0.00006    -0.00065
45043    -0.00322     0.00019    -0.00066
45074    -0.00243     0.00065    -0.00044
45104    -0.00039     0.00076     0.00015
45135     0.00088     0.00103     0.00099
45165     0.00328     0.00079     0.00161
45196     0.00429    -0.00027     0.00141
45227     0.00443    -0.00064     0.00099
45257     0.00287    -0.00046     0.00089
45288     0.00007    -0.00047     0.00026
45318    -0.00198    -0.00010    -0.00023
45349    -0.00273     0.00024    -0.00060
45380    -0.00318     0.00055    -0.00083
45408    -0.00260     0.00069    -0.00109
45439    -0.00117     0.00109    -0.00076
45469     0.00016     0.00077    -0.00032
45500     0.00276     0.00057     0.00047
45530     0.00494    -0.00026     0.00077
45561     0.00575    -0.00141     0.00079
45592     0.00565    -0.00181     0.00052
45622     0.00570    -0.00160    -0.00006
45653     0.00369    -0.00114    -0.00058
45683     0.00099    -0.00058    -0.00090
45714    -0.00098    -0.00056    -0.00089
45745    -0.00165    -0.00016    -0.00082
45774    -0.00193     0.00015    -0.00087
45805    -0.00163     0.00065    -0.00029
45835    -0.00097     0.00073     0.00020
45866     0.00006     0.00051     0.00067
45896     0.00333    -0.00022     0.00076
45927     0.00503    -0.00086     0.00068
45958     0.00536    -0.00096     0.00054
45988     0.00404    -0.00063     0.00030
46019     0.00089    -0.00010    -0.00002
46049    -0.00156     0.00021    -0.00021
46080    -0.00307     0.00091    -0.00026
46111    -0.00475     0.00080    -0.00023
46139    -0.00431     0.00085    -0.00052
46170    -0.00275     0.00091     0.00003
46200    -0.00153     0.00096     0.00039
46231     0.00066     0.00074     0.00098
46261     0.00278     0.00010     0.00139
46292     0.00417    -0.00052     0.00115
46323     0.00493    -0.00084     0.00065
46353     0.00525    -0.00063     0.00007
46384     0.00380    -0.00018    -0.00029
46414     0.00155     0.00019    -0.00045
46445    -0.00142     0.00011    -0.00044
46476    -0.00336     0.00037    -0.00062
46504    -0.00423     0.00058    -0.00067
46535    -0.00329     0.00073    -0.00022
46565    -0.00090     0.00092     0.00028
46596     0.00211     0.00123     0.00102
46626     0.00471     0.00022     0.00107
46657     0.00566    -0.00075     0.00097
46688     0.00497    -0.00073     0.00084
46718     0.00317    -0.00027     0.00059
46749     0.00161    -0.00007     0.00034
46779     0.00017     0.00032     0.00004
46810    -0.00169     0.00059    -0.00009
46841    -0.00396     0.00061    -0.00046
46869    -0.00399     0.00076    -0.00068
46900    -0.00306     0.00101    -0.00030
46930    -0.00041     0.00113     0.00013
46961     0.00172     0.00093     0.00074
46991     0.00339     0.00045     0.00104
47022     0.00426    -0.00023     0.00097
47053     0.00430    -0.00076     0.00067
47083     0.00250    -0.00082     0.00047
47114     0.00035    -0.00063     0.00006
47144    -0.00218    -0.00009    -0.00016
47175    -0.00412     0.00026    -0.00039
47206    -0.00501     0.00039    -0.00041
47235    -0.00425     0.00038    -0.00026
47266    -0.00338     0.00055     0.00021
47296    -0.00281     0.00023     0.00049
47327    -0.00140     0.00014     0.00119
47357    -0.00020    -0.00067     0.00138
47388     0.00167    -0.00157     0.00105
47419     0.00240    -0.00184     0.00056
47449     0.00179    -0.00150     0.00027
47480     0.00010    -0.00090    -0.00009
47510    -0.00140    -0.00026    -0.00029
47541    -0.00206     0.00000    -0.00049
47572    -0.00254     0.00008    -0.00068
47600    -0.00273     0.00014    -0.00084
47631    -0.00258     0.00007    -0.00056
47661    -0.00085     0.00017     0.00002
47692     0.00090     0.00019     0.00053
47722     0.00336    -0.00040     0.00092
47753     0.00450    -0.00098     0.00103
47784     0.00416    -0.00104     0.00060
47814     0.00385    -0.00099     0.00017
47845     0.00206    -0.00069    -0.00022
47875    -0.00259    -0.00060    -0.00028
47906    -0.00458    -0.00024    -0.00037
47937    -0.00505    -0.00006    -0.00054
47965    -0.00369     0.00008    -0.00083
47996    -0.00266     0.00013    -0.00052
48026    -0.00087     0.00037    -0.00008
48057     0.00176     0.00029     0.00039
48087     0.00395    -0.00035     0.00064
48118     0.00519    -0.00089     0.00060
48149     0.00501    -0.00096     0.00043
48179     0.00392    -0.00084    -0.00009
48210     0.00139    -0.00055    -0.00054
48240    -0.00071    -0.00015    -0.00091
48271    -0.00208    -0.00006    -0.00111
48302    -0.00326    -0.00022    -0.00118
48330    -0.00490    -0.00013    -0.00131
48361    -0.00410     0.00040    -0.00083
48391    -0.00221     0.00098    -0.00020
48422     0.00041     0.00065     0.00044
48452     0.00291     0.00019     0.00077
48483     0.00412    -0.00069     0.00073
48514     0.00434    -0.00075     0.00037
48544     0.00278    -0.00056     0.00004
48575     0.00123    -0.00020    -0.00035
48605    -0.00039     0.00010    -0.00085
48636    -0.00133     0.00049    -0.00110
48667    -0.00178     0.00091    -0.00137
48696    -0.00162     0.00132    -0.00167
48727    -0.00162     0.00153    -0.00128
48757     0.00060     0.00155    -0.00064
48788     0.00145     0.00151     0.00006
48818     0.00294     0.00091     0.00031
48849     0.00425    -0.00003     0.00025
48880     0.00427    -0.00020     0.00015
48910     0.00272    -0.00021    -0.00013
48941     0.00047     0.00023    -0.00042
48971    -0.00073     0.00066    -0.00039
49002    -0.00128     0.00072    -0.00064
49033    -0.00176     0.00053    -0.00087
49061    -0.00195     0.00061    -0.00103
49092    -0.00109     0.00093    -0.00076
49122    -0.00073     0.00072    -0.00042
49153     0.00077     0.00045     0.00018
49183     0.00285     0.00000     0.00023
49214     0.00414    -0.00080     0.00006
49245     0.00387    -0.00101    -0.00021
49275     0.00166    -0.00091    -0.00026
49306    -0.00072    -0.00053    -0.00072
49336    -0.00191    -0.00007    -0.00088
49367    -0.00381     0.00037    -0.00078
49398    -0.00451     0.00052    -0.00079
49426    -0.00414     0.00047    -0.00102
49457    -0.00300     0.00079    -0.00073
49487    -0.00180     0.00089    -0.00028
49518    -0.00008     0.00073     0.00025
49548     0.00232    -0.00014     0.00009
49579     0.00325    -0.00094     0.00001
49610     0.00299    -0.00113    -0.00023
49640     0.00085    -0.00047    -0.00044
49671    -0.00148    -0.00005    -0.00072
49701    -0.00237     0.00015    -0.00117
49732    -0.00397     0.00020    -0.00145
49763    -0.00500    -0.00005    -0.00169
49791    -0.00509    -0.00002    -0.00174
49822    -0.00328     0.00047    -0.00134
49852    -0.00171     0.00077    -0.00080
49883     0.00040     0.00074    -0.00035
49913     0.00203    -0.00011    -0.00020
49944     0.00306    -0.00112    -0.00055
49975     0.00263    -0.00140    -0.00079
50005     0.00216    -0.00106    -0.00099
50036     0.00067    -0.00063    -0.00136
50066    -0.00188    -0.00006    -0.00127
50097    -0.00643    -0.00004    -0.00140
50128    -0.00867     0.00016    -0.00171
50157    -0.00835     0.00008    -0.00184
50188    -0.00797     0.00012    -0.00138
50218    -0.00700     0.00068    -0.00059
50249    -0.00424     0.00091     0.00071
50279    -0.00230     0.00125     0.00176
50310    -0.00197     0.00131     0.00231
50341    -0.00218     0.00145     0.00255
50371    -0.00375     0.00140     0.00255
50402    -0.00501     0.00140     0.00203
50432    -0.00667     0.00133     0.00155
50463    -0.00754     0.00126     0.00090
50494    -0.00745     0.00114     0.00020
50522    -0.00678     0.00101    -0.00026
50553    -0.00630     0.00082     0.00001
50583    -0.00602     0.00071     0.00023
50614    -0.00430     0.00072     0.00053
50644    -0.00212     0.00018     0.00051
50675    -0.00054    -0.00048     0.00028
50706    -0.00048    -0.00073    -0.00033
50736    -0.00210    -0.00072    -0.00092
50767    -0.00565    -0.00087    -0.00135
50797    -0.00859    -0.00073    -0.00170
50828    -0.00833    -0.00048    -0.00211
50859    -0.00823    -0.00020    -0.00258
50887    -0.00680     0.00004    -0.00281
50918    -0.00615     0.00021    -0.00252
50948    -0.00469     0.00041    -0.00216
50979    -0.00293     0.00035    -0.00157
51009    -0.00040    -0.00060    -0.00148
51040     0.00097    -0.00147    -0.00138
51071     0.00087    -0.00183    -0.00149
51101    -0.00078    -0.00157    -0.00191
51132    -0.00166    -0.00086    -0.00223
51162    -0.00241    -0.00024    -0.00227
51193    -0.00405     0.00016    -0.00234
51224    -0.00439     0.00039    -0.00222
51252    -0.00411     0.00045    -0.00195
51283    -0.00250     0.00070    -0.00145
51313    -0.00116     0.00082    -0.00102
51344     0.00161     0.00064    -0.00075
51374     0.00357     0.00026    -0.00053
51405     0.00402    -0.00068    -0.00053
51436     0.00349    -0.00095    -0.00065
51466     0.00226    -0.00105    -0.00083
51497     0.00058    -0.00094    -0.00085
51527    -0.00055    -0.00040    -0.00064
51558    -0.00174     0.00017     0.00003
51589    -0.00169     0.00043     0.00036
51618    -0.00077     0.00048     0.00042
51649    -0.00110     0.00038     0.00060
51679     0.00008    -0.00018     0.00049
51710     0.00280    -0.00027     0.00028
51740     0.00482    -0.00043     0.00040
51771     0.00555    -0.00090     0.00034
51802     0.00573    -0.00090     0.00022
51832     0.00469    -0.00087    -0.00003
51863     0.00256    -0.00054     0.00002
51893     0.00074    -0.00065     0.00025
51924    -0.00175    -0.00042    -0.00006
51955    -0.00274    -0.00033    -0.00046
51983    -0.00348    -0.00016    -0.00055
52014    -0.00193     0.00006    -0.00020
52044    -0.00003     0.00021     0.00007
52075     0.00277     0.00006     0.00015
52105     0.00470    -0.00048     0.00034
52136     0.00554    -0.00123     0.00027
52167     0.00533    -0.00120     0.00007
52197     0.00381    -0.00127    -0.00024
52228     0.00250    -0.00125    -0.00038
52258     0.00176    -0.00052    -0.00041
52289     0.00027    -0.00017    -0.00032
52320    -0.00009     0.00001    -0.00027
52348    -0.00042     0.00009    -0.00042
52379    -0.00008     0.00057    -0.00039
52409     0.00150     0.00084    -0.00019
52440     0.00367     0.00085     0.00029
52470     0.00531     0.00020     0.00043
52501     0.00574    -0.00048     0.00050
52532     0.00509    -0.00079     0.00038
52562     0.00305    -0.00073     0.00002
52593     0.00096    -0.00043     0.00004
52623    -0.00148    -0.00016     0.00009
52654    -0.00335     0.00010     0.00032
52685    -0.00381     0.00048     0.00038
52713    -0.00365     0.00074     0.00034
52744    -0.00283     0.00091     0.00051
52774    -0.00092     0.00120     0.00059
52805     0.00212     0.00126     0.00076
52835     0.00436     0.00029     0.00079
52866     0.00522    -0.00060     0.00066
52897     0.00492    -0.00099     0.00028
52927     0.00334    -0.00092    -0.00010
52958     0.00030    -0.00058    -0.00039
52988    -0.00182    -0.00031    -0.00038
53019    -0.00255     0.00025    -0.00002
53050    -0.00299     0.00054     0.00029
53079    -0.00357     0.00073     0.00031
53110    -0.00387     0.00086     0.00052
53140    -0.00276     0.00114     0.00050
53171     0.00006     0.00088     0.00043
53201     0.00266     0.00035     0.00061
53232     0.00364    -0.00052     0.00052
53263     0.00372    -0.00084     0.00002
53293     0.00317    -0.00071    -0.00027
53324     0.00078    -0.00023    -0.00030
53354    -0.00063     0.00004    -0.00009
53385    -0.00101     0.00045     0.00004
53416    -0.00135     0.00102     0.00002
53444    -0.00163     0.00136    -0.00001
53475    -0.00085     0.00143     0.00020
53505     0.00072     0.00137     0.00047
53536     0.00296     0.00123     0.00064
53566     0.00490     0.00036     0.00062
53597     0.00556    -0.00054     0.00041
53628     0.00531    -0.00091     0.00010
53658     0.00432    -0.00069    -0.00024
53689     0.00228    -0.00047    -0.00031
53719     0.00074     0.00055     0.00001
53750    -0.00037     0.00118     0.00029
53781    -0.00108     0.00137     0.00026
53809    -0.00188     0.00135     0.00057
53840    -0.00114     0.00130     0.00093
53870     0.00061     0.00121     0.00088
53901     0.00301     0.00084     0.00086
53931     0.00510    -0.00001     0.00091
53962     0.00559    -0.00075     0.00090
53993     0.00493    -0.00092     0.00055
54023     0.00340    -0.00053     0.00046
54054     0.00033    -0.00026     0.00035
54084    -0.00106     0.00001     0.00046
54115    -0.00101     0.00046     0.00051
54146    -0.00208     0.00048     0.00055
54174    -0.00195     0.00086     0.00054
54205    -0.00162     0.00136     0.00063
54235    -0.00074     0.00122     0.00077
54266     0.00100     0.00065     0.00099
54296     0.00292    -0.00037     0.00097
54327     0.00374    -0.00116     0.00090
54358     0.00363    -0.00151     0.00045
54388     0.00279    -0.00124     0.00021
54419     0.00199    -0.00086     0.00039
54449     0.00050    -0.00026     0.00048
54480    -0.00127     0.00018     0.00070
54511    -0.00178     0.00052     0.00067
54540    -0.00201     0.00099     0.00054
54571    -0.00271     0.00105     0.00057
54601    -0.00196     0.00115     0.00075
54632    -0.00039     0.00084     0.00096
54662     0.00209     0.00007     0.00091
54693     0.00327    -0.00085     0.00069
54724     0.00312    -0.00111     0.00021
54754     0.00219    -0.00094    -0.00022
54785     0.00058    -0.00072    -0.00047
54815    -0.00130     0.00000    -0.00024
54846    -0.00302     0.00034    -0.00020
54877    -0.00537     0.00039     0.00002
54905    -0.00456     0.00071    -0.00005
54936    -0.00323     0.00103    -0.00004
54966    -0.00104     0.00101     0.00013
54997     0.00148     0.00079     0.00044
55027     0.00340     0.00002     0.00056
55058     0.00409    -0.00080     0.00046
55089     0.00411    -0.00118     0.00017
55119     0.00294    -0.00100    -0.00014
55150     0.00089    -0.00056     0.00010
55180    -0.00190    -0.00027     0.00029
55211    -0.00668    -0.00010     0.00011
55242    -0.00709     0.00023    -0.00018
55270    -0.00781     0.00020    -0.00009
55301    -0.00612     0.00037     0.00013
55331    -0.00416     0.00046     0.00024
55362    -0.00164     0.00036     0.00046
55392     0.00116    -0.00029     0.00059
55423     0.00257    -0.00129     0.00044
55454     0.00256    -0.00188    -0.00014
55484     0.00134    -0.00191    -0.00058
55515    -0.00094    -0.00144    -0.00066
55545    -0.00458    -0.00100    -0.00087
55576    -0.00665    -0.00047    -0.00071
55607    -0.00636    -0.00004    -0.00071
55635    -0.00616     0.00038    -0.00067
55666    -0.00462     0.00076    -0.00051
55696    -0.00314     0.00081    -0.00044
55727    -0.00036     0.00036    -0.00009
55757     0.00233    -0.00031     0.00008
55788     0.00339    -0.00114     0.00012
55819     0.00347    -0.00169    -0.00017
55849     0.00315    -0.00151    -0.00018
55880     0.00031    -0.00131    -0.00017
55910    -0.00100    -0.00083    -0.00012
55941    -0.00163    -0.00034     0.00006
55972    -0.00161     0.00012     0.00005
56001    -0.00066     0.00037     0.00001
56032    -0.00038     0.00067     0.00012
56062    -0.00010     0.00063     0.00037
56093     0.00225     0.00044     0.00075
56123     0.00393    -0.00043     0.00090
56154     0.00454    -0.00146     0.00064
56185     0.00436    -0.00218     0.00015
56215     0.00256    -0.00174    -0.00008
56246    -0.00069    -0.00159    -0.00039
56276    -0.00204    -0.00114    -0.00031
56307    -0.00304    -0.00064    -0.00015
56338    -0.00401    -0.00021    -0.00006
56366    -0.00509     0.00007    -0.00021
56397    -0.00515     0.00026     0.00010
56427    -0.00285     0.00051     0.00046
56458    -0.00032     0.00064     0.00062
56488     0.00253    -0.00012     0.00058
56519     0.00397    -0.00093     0.00038
56550     0.00422    -0.00112     0.00011
56580     0.00357    -0.00098    -0.00012
56611     0.00275    -0.00031    -0.00000
56641     0.00213     0.00023     0.00011
56672     0.00050     0.00041     0.00044
56703    -0.00083     0.00066     0.00065
56731    -0.00072     0.00113     0.00092
56762     0.00020     0.00127     0.00108
56792     0.00167     0.00139     0.00124
56823     0.00341     0.00129     0.00122
56853     0.00457     0.00062     0.00120
56884     0.00494    -0.00038     0.00114
56915     0.00456    -0.00086     0.00064
56945     0.00300    -0.00083     0.00027
56976     0.00132    -0.00044     0.00004
57006    -0.00062     0.00023    -0.00005
57037    -0.00106     0.00041    -0.00014
57068    -0.00214     0.00089    -0.00023
57096    -0.00198     0.00130    -0.00026
57127    -0.00113     0.00139    -0.00012
57157     0.00084     0.00156     0.00019
57188     0.00291     0.00141     0.00040
57218     0.00461     0.00083     0.00056
57249     0.00493    -0.00015     0.00037
57280     0.00441    -0.00065    -0.00002
57310     0.00343    -0.00074    -0.00048
57341     0.00198    -0.00069    -0.00093
57371     0.00155    -0.00057    -0.00116
57402    -0.00020    -0.00035    -0.00084
57433    -0.00137     0.00016    -0.00061
57462    -0.00212     0.00075    -0.00040
57493    -0.00230     0.00081    -0.00016
57523    -0.00162     0.00063    -0.00003
57554     0.00055     0.00043     0.00027
