# Hydrology loading displacements computed from the monthly GLDAS NOAH model
# This is a product of the Hydrology loading service: http://lacerta.gsfc.nasa.gov/hydlo/
# Displacements are with respect to the center of mass of the total earth
#
# Created for VieVS on 17.03.2017 at 11:46:08 local time
# OFFSET + TREND REMOVED!!! - Hana 
# mjd up (meters) eastwest (meters) northsouth (meters)
43888    -0.00215    -0.00069    -0.00067
43919    -0.00297    -0.00102    -0.00137
43947    -0.00349    -0.00096    -0.00116
43978    -0.00338    -0.00086    -0.00050
44008    -0.00177    -0.00051     0.00050
44039     0.00050    -0.00019     0.00130
44069     0.00327     0.00044     0.00123
44100     0.00481     0.00082     0.00094
44131     0.00468     0.00090     0.00096
44161     0.00338     0.00100     0.00102
44192     0.00185     0.00057     0.00074
44222     0.00101    -0.00016     0.00034
44253     0.00007    -0.00071     0.00007
44284    -0.00081    -0.00080    -0.00029
44313    -0.00126    -0.00078    -0.00063
44344    -0.00067    -0.00069    -0.00005
44374     0.00107    -0.00031     0.00085
44405     0.00301     0.00027     0.00125
44435     0.00529     0.00070     0.00105
44466     0.00613     0.00096     0.00072
44497     0.00521     0.00104     0.00054
44527     0.00366     0.00097     0.00073
44558     0.00228     0.00057     0.00054
44588     0.00110     0.00006     0.00013
44619     0.00049    -0.00037    -0.00023
44650     0.00009    -0.00070    -0.00044
44678    -0.00031    -0.00099    -0.00067
44709    -0.00048    -0.00094    -0.00040
44739     0.00080    -0.00076     0.00029
44770     0.00288    -0.00009     0.00127
44800     0.00474     0.00059     0.00117
44831     0.00640     0.00092     0.00078
44862     0.00598     0.00100     0.00075
44892     0.00374     0.00105     0.00056
44923     0.00188     0.00087     0.00033
44953     0.00030     0.00035     0.00004
44984    -0.00117    -0.00040    -0.00050
45015    -0.00228    -0.00062    -0.00109
45043    -0.00267    -0.00071    -0.00114
45074    -0.00220    -0.00081    -0.00033
45104    -0.00056    -0.00073     0.00047
45135     0.00161    -0.00047     0.00156
45165     0.00417    -0.00015     0.00211
45196     0.00528     0.00029     0.00137
45227     0.00446     0.00066     0.00106
45257     0.00317     0.00048     0.00077
45288     0.00129     0.00036     0.00009
45318    -0.00079     0.00009    -0.00052
45349    -0.00234    -0.00019    -0.00089
45380    -0.00357    -0.00052    -0.00117
45408    -0.00435    -0.00028    -0.00101
45439    -0.00349    -0.00011    -0.00010
45469    -0.00190     0.00036     0.00062
45500     0.00090     0.00062     0.00136
45530     0.00341     0.00131     0.00141
45561     0.00478     0.00163     0.00090
45592     0.00485     0.00207     0.00057
45622     0.00302     0.00226     0.00046
45653     0.00086     0.00199     0.00042
45683    -0.00114     0.00136    -0.00009
45714    -0.00219     0.00095    -0.00074
45745    -0.00326     0.00066    -0.00076
45774    -0.00370     0.00052    -0.00053
45805    -0.00249    -0.00002     0.00013
45835    -0.00051     0.00021     0.00088
45866     0.00113     0.00066     0.00130
45896     0.00260     0.00122     0.00157
45927     0.00466     0.00160     0.00150
45958     0.00442     0.00162     0.00125
45988     0.00241     0.00143     0.00100
46019     0.00009     0.00101     0.00077
46049    -0.00168     0.00052     0.00032
46080    -0.00283    -0.00040     0.00006
46111    -0.00363    -0.00099    -0.00065
46139    -0.00434    -0.00081    -0.00073
46170    -0.00356    -0.00092    -0.00014
46200    -0.00166    -0.00064     0.00043
46231     0.00119     0.00004     0.00120
46261     0.00384     0.00028     0.00135
46292     0.00478     0.00049     0.00101
46323     0.00437     0.00088     0.00072
46353     0.00267     0.00104     0.00060
46384     0.00034     0.00079     0.00036
46414    -0.00124     0.00017    -0.00009
46445    -0.00224    -0.00034    -0.00070
46476    -0.00336    -0.00063    -0.00100
46504    -0.00394    -0.00095    -0.00095
46535    -0.00329    -0.00094    -0.00034
46565    -0.00131    -0.00064     0.00054
46596     0.00138    -0.00041     0.00166
46626     0.00375     0.00049     0.00149
46657     0.00487     0.00094     0.00111
46688     0.00479     0.00087     0.00115
46718     0.00349     0.00057     0.00101
46749     0.00214     0.00025     0.00056
46779     0.00040    -0.00017     0.00015
46810    -0.00081    -0.00052    -0.00018
46841    -0.00189    -0.00063    -0.00050
46869    -0.00286    -0.00070    -0.00074
46900    -0.00214    -0.00082    -0.00012
46930    -0.00019    -0.00048     0.00083
46961     0.00218    -0.00025     0.00121
46991     0.00450     0.00035     0.00162
47022     0.00561     0.00068     0.00120
47053     0.00512     0.00088     0.00082
47083     0.00402     0.00083     0.00064
47114     0.00214     0.00072     0.00049
47144     0.00029     0.00016     0.00030
47175    -0.00114    -0.00034    -0.00016
47206    -0.00212    -0.00080    -0.00060
47235    -0.00226    -0.00112    -0.00086
47266    -0.00181    -0.00098    -0.00028
47296     0.00000    -0.00054     0.00017
47327     0.00186    -0.00032     0.00082
47357     0.00278    -0.00002     0.00069
47388     0.00384     0.00034     0.00004
47419     0.00391     0.00062    -0.00030
47449     0.00275     0.00063    -0.00016
47480     0.00046     0.00020    -0.00021
47510    -0.00109    -0.00039    -0.00045
47541    -0.00227    -0.00090    -0.00099
47572    -0.00345    -0.00115    -0.00127
47600    -0.00416    -0.00102    -0.00130
47631    -0.00300    -0.00082    -0.00088
47661    -0.00093    -0.00057    -0.00011
47692     0.00146    -0.00000     0.00079
47722     0.00427     0.00037     0.00097
47753     0.00589     0.00045     0.00077
47784     0.00570     0.00072     0.00050
47814     0.00426     0.00070     0.00028
47845     0.00192     0.00042     0.00009
47875     0.00021    -0.00051    -0.00044
47906    -0.00125    -0.00119    -0.00096
47937    -0.00246    -0.00145    -0.00150
47965    -0.00291    -0.00120    -0.00135
47996    -0.00172    -0.00095    -0.00070
48026    -0.00004    -0.00068     0.00004
48057     0.00242    -0.00001     0.00056
48087     0.00474     0.00045     0.00073
48118     0.00556     0.00078     0.00084
48149     0.00498     0.00085     0.00075
48179     0.00363     0.00095     0.00051
48210     0.00110     0.00071     0.00015
48240    -0.00108     0.00020    -0.00039
48271    -0.00229    -0.00018    -0.00092
48302    -0.00287    -0.00035    -0.00130
48330    -0.00374    -0.00080    -0.00153
48361    -0.00302    -0.00101    -0.00087
48391    -0.00108    -0.00091    -0.00013
48422     0.00101    -0.00046     0.00038
48452     0.00345     0.00009     0.00073
48483     0.00528     0.00046     0.00056
48514     0.00437     0.00076     0.00059
48544     0.00241     0.00079     0.00055
48575     0.00027     0.00075     0.00024
48605    -0.00182     0.00049    -0.00032
48636    -0.00337    -0.00001    -0.00070
48667    -0.00462    -0.00040    -0.00088
48696    -0.00543    -0.00045    -0.00060
48727    -0.00499    -0.00066    -0.00006
48757    -0.00247    -0.00030     0.00073
48788     0.00045     0.00005     0.00145
48818     0.00291     0.00050     0.00155
48849     0.00472     0.00083     0.00115
48880     0.00422     0.00086     0.00085
48910     0.00274     0.00094     0.00058
48941     0.00070     0.00049     0.00021
48971     0.00019    -0.00001     0.00012
49002    -0.00055    -0.00032    -0.00038
49033    -0.00149    -0.00053    -0.00095
49061    -0.00206    -0.00069    -0.00109
49092    -0.00181    -0.00073    -0.00069
49122    -0.00064    -0.00036    -0.00023
49153     0.00191     0.00005     0.00041
49183     0.00342     0.00062     0.00042
49214     0.00410     0.00104    -0.00006
49245     0.00424     0.00111    -0.00037
49275     0.00314     0.00104    -0.00039
49306     0.00136     0.00069    -0.00045
49336    -0.00045     0.00025    -0.00071
49367    -0.00175    -0.00059    -0.00115
49398    -0.00252    -0.00103    -0.00154
49426    -0.00299    -0.00091    -0.00159
49457    -0.00255    -0.00083    -0.00098
49487    -0.00091    -0.00067    -0.00037
49518     0.00062    -0.00053     0.00012
49548     0.00202    -0.00004    -0.00011
49579     0.00376     0.00012    -0.00046
49610     0.00361     0.00020    -0.00068
49640     0.00195    -0.00007    -0.00060
49671    -0.00027    -0.00053    -0.00089
49701    -0.00237    -0.00069    -0.00136
49732    -0.00391    -0.00073    -0.00176
49763    -0.00483    -0.00071    -0.00224
49791    -0.00556    -0.00086    -0.00232
49822    -0.00512    -0.00096    -0.00152
49852    -0.00349    -0.00071    -0.00075
49883    -0.00112    -0.00039    -0.00026
49913     0.00109     0.00019    -0.00028
49944     0.00201     0.00058    -0.00096
49975     0.00185     0.00086    -0.00122
50005     0.00079     0.00074    -0.00117
50036    -0.00103     0.00045    -0.00128
50066    -0.00247    -0.00029    -0.00145
50097    -0.00399    -0.00087    -0.00206
50128    -0.00525    -0.00113    -0.00261
50157    -0.00599    -0.00108    -0.00287
50188    -0.00538    -0.00105    -0.00228
50218    -0.00366    -0.00095    -0.00086
50249    -0.00125    -0.00101     0.00040
50279     0.00102    -0.00094     0.00184
50310     0.00290    -0.00085     0.00272
50341     0.00345    -0.00106     0.00297
50371     0.00286    -0.00113     0.00270
50402     0.00118    -0.00128     0.00212
50432    -0.00041    -0.00142     0.00126
50463    -0.00207    -0.00163     0.00030
50494    -0.00353    -0.00174    -0.00069
50522    -0.00442    -0.00200    -0.00138
50553    -0.00361    -0.00216    -0.00147
50583    -0.00240    -0.00193    -0.00134
50614    -0.00148    -0.00155    -0.00075
50644    -0.00080    -0.00078    -0.00058
50675    -0.00016    -0.00009    -0.00066
50706    -0.00143     0.00035    -0.00106
50736    -0.00381     0.00018    -0.00182
50767    -0.00577    -0.00030    -0.00265
50797    -0.00729    -0.00091    -0.00341
50828    -0.00870    -0.00113    -0.00391
50859    -0.00989    -0.00107    -0.00396
50887    -0.01076    -0.00091    -0.00386
50918    -0.00947    -0.00071    -0.00314
50948    -0.00750    -0.00041    -0.00212
50979    -0.00565    -0.00003    -0.00123
51009    -0.00359     0.00059    -0.00152
51040    -0.00141     0.00068    -0.00183
51071    -0.00114     0.00074    -0.00202
51101    -0.00228     0.00068    -0.00224
51132    -0.00439     0.00035    -0.00212
51162    -0.00575    -0.00012    -0.00220
51193    -0.00709    -0.00065    -0.00243
51224    -0.00771    -0.00098    -0.00253
51252    -0.00699    -0.00111    -0.00237
51283    -0.00565    -0.00100    -0.00165
51313    -0.00459    -0.00066    -0.00089
51344    -0.00275    -0.00002    -0.00011
51374    -0.00072     0.00027     0.00020
51405     0.00098     0.00043    -0.00027
51436     0.00047     0.00054    -0.00035
51466    -0.00016     0.00056    -0.00051
51497    -0.00114     0.00038    -0.00061
51527    -0.00249    -0.00016    -0.00065
51558    -0.00330    -0.00137    -0.00079
51589    -0.00387    -0.00191    -0.00098
51618    -0.00410    -0.00189    -0.00114
51649    -0.00363    -0.00192    -0.00104
51679    -0.00243    -0.00130    -0.00096
51710    -0.00112    -0.00051    -0.00038
51740     0.00106    -0.00009     0.00012
51771     0.00271     0.00019     0.00022
51802     0.00184     0.00017     0.00025
51832     0.00008     0.00017     0.00003
51863    -0.00155    -0.00019    -0.00013
51893    -0.00237    -0.00072    -0.00044
51924    -0.00372    -0.00095    -0.00054
51955    -0.00497    -0.00065    -0.00072
51983    -0.00582    -0.00070    -0.00070
52014    -0.00557    -0.00076    -0.00041
52044    -0.00384    -0.00033     0.00025
52075    -0.00184     0.00004     0.00067
52105     0.00011     0.00070     0.00102
52136     0.00114     0.00124     0.00089
52167     0.00085     0.00135     0.00085
52197     0.00036     0.00137     0.00052
52228    -0.00116     0.00112     0.00010
52258    -0.00296     0.00053    -0.00001
52289    -0.00382    -0.00010    -0.00024
52320    -0.00456    -0.00022    -0.00034
52348    -0.00500    -0.00015    -0.00036
52379    -0.00488    -0.00035     0.00020
52409    -0.00379     0.00012     0.00098
52440    -0.00104     0.00046     0.00178
52470     0.00145     0.00104     0.00195
52501     0.00204     0.00139     0.00164
52532     0.00208     0.00148     0.00127
52562     0.00076     0.00128     0.00080
52593    -0.00064     0.00072     0.00043
52623    -0.00189     0.00031     0.00026
52654    -0.00277    -0.00026     0.00006
52685    -0.00347    -0.00062    -0.00005
52713    -0.00406    -0.00077     0.00017
52744    -0.00360    -0.00089     0.00056
52774    -0.00254    -0.00048     0.00124
52805    -0.00061    -0.00014     0.00192
52835     0.00199     0.00063     0.00178
52866     0.00377     0.00103     0.00143
52897     0.00351     0.00135     0.00094
52927     0.00239     0.00144     0.00073
52958     0.00050     0.00109     0.00050
52988    -0.00057     0.00069     0.00028
53019    -0.00143     0.00005     0.00013
53050    -0.00206    -0.00040    -0.00003
53079    -0.00259    -0.00050    -0.00005
53110    -0.00192    -0.00071     0.00009
53140    -0.00118    -0.00038     0.00071
53171     0.00059     0.00028     0.00114
53201     0.00350     0.00076     0.00135
53232     0.00498     0.00125     0.00096
53263     0.00390     0.00177     0.00058
53293     0.00219     0.00173     0.00047
53324     0.00044     0.00121     0.00035
53354    -0.00081     0.00051    -0.00015
53385    -0.00213     0.00003    -0.00037
53416    -0.00358    -0.00044    -0.00033
53444    -0.00413    -0.00074    -0.00024
53475    -0.00378    -0.00069     0.00019
53505    -0.00211    -0.00043     0.00050
53536    -0.00000    -0.00006     0.00105
53566     0.00199     0.00076     0.00118
53597     0.00326     0.00146     0.00086
53628     0.00301     0.00174     0.00055
53658     0.00167     0.00179     0.00056
53689     0.00019     0.00168     0.00061
53719    -0.00108     0.00083     0.00087
53750    -0.00204     0.00019     0.00085
53781    -0.00277    -0.00010     0.00061
53809    -0.00342    -0.00041     0.00046
53840    -0.00300    -0.00053     0.00071
53870    -0.00128    -0.00020     0.00100
53901     0.00082     0.00030     0.00140
53931     0.00377     0.00107     0.00161
53962     0.00551     0.00131     0.00122
53993     0.00547     0.00141     0.00092
54023     0.00438     0.00119     0.00098
54054     0.00242     0.00049     0.00082
54084     0.00104    -0.00001     0.00056
54115     0.00006    -0.00028     0.00044
54146    -0.00045    -0.00051     0.00011
54174    -0.00107    -0.00055     0.00025
54205    -0.00093    -0.00061     0.00077
54235     0.00003    -0.00045     0.00108
54266     0.00233     0.00017     0.00135
54296     0.00451     0.00073     0.00105
54327     0.00556     0.00081     0.00050
54358     0.00486     0.00103    -0.00014
54388     0.00327     0.00104    -0.00023
54419     0.00187     0.00053    -0.00043
54449     0.00037    -0.00008    -0.00056
54480    -0.00090    -0.00070    -0.00062
54511    -0.00222    -0.00093    -0.00064
54540    -0.00333    -0.00111    -0.00043
54571    -0.00305    -0.00099    -0.00017
54601    -0.00126    -0.00065     0.00042
54632     0.00117    -0.00018     0.00077
54662     0.00396     0.00031     0.00072
54693     0.00555     0.00058     0.00020
54724     0.00502     0.00074    -0.00018
54754     0.00350     0.00077    -0.00039
54785     0.00161     0.00083    -0.00071
54815    -0.00048     0.00017    -0.00059
54846    -0.00212    -0.00031    -0.00069
54877    -0.00301    -0.00078    -0.00097
54905    -0.00413    -0.00097    -0.00097
54936    -0.00438    -0.00091    -0.00053
54966    -0.00265    -0.00041     0.00006
54997     0.00005     0.00004     0.00073
55027     0.00241     0.00060     0.00067
55058     0.00410     0.00096     0.00033
55089     0.00408     0.00100     0.00001
55119     0.00237     0.00103    -0.00011
55150    -0.00004     0.00034    -0.00037
55180    -0.00186    -0.00025    -0.00046
55211    -0.00335    -0.00061    -0.00084
55242    -0.00473    -0.00055    -0.00092
55270    -0.00509    -0.00071    -0.00095
55301    -0.00399    -0.00066    -0.00057
55331    -0.00266    -0.00032    -0.00017
55362    -0.00026     0.00007     0.00028
55392     0.00263     0.00052     0.00047
55423     0.00428     0.00091     0.00002
55454     0.00336     0.00130    -0.00067
55484     0.00185     0.00152    -0.00078
55515     0.00028     0.00112    -0.00076
55545    -0.00177     0.00056    -0.00094
55576    -0.00363    -0.00005    -0.00093
55607    -0.00499    -0.00042    -0.00095
55635    -0.00617    -0.00068    -0.00072
55666    -0.00625    -0.00071    -0.00002
55696    -0.00384    -0.00044     0.00043
55727    -0.00063     0.00021     0.00070
55757     0.00194     0.00085     0.00075
55788     0.00357     0.00130     0.00048
55819     0.00373     0.00154     0.00010
55849     0.00322     0.00110    -0.00005
55880     0.00211     0.00058    -0.00008
55910     0.00046     0.00019    -0.00002
55941    -0.00074    -0.00027    -0.00010
55972    -0.00163    -0.00049    -0.00001
56001    -0.00226    -0.00039     0.00024
56032    -0.00214    -0.00042     0.00062
56062    -0.00070    -0.00033     0.00086
56093     0.00159    -0.00002     0.00125
56123     0.00458     0.00048     0.00110
56154     0.00627     0.00095     0.00050
56185     0.00639     0.00128    -0.00028
56215     0.00502     0.00102    -0.00032
56246     0.00319     0.00062    -0.00080
56276     0.00178     0.00005    -0.00097
56307     0.00054    -0.00044    -0.00095
56338    -0.00044    -0.00080    -0.00099
56366    -0.00094    -0.00092    -0.00077
56397    -0.00044    -0.00115    -0.00048
56427     0.00143    -0.00081     0.00012
56458     0.00289    -0.00021     0.00076
56488     0.00535     0.00048     0.00084
56519     0.00686     0.00095     0.00053
56550     0.00684     0.00110     0.00046
56580     0.00552     0.00105     0.00036
56611     0.00422     0.00055     0.00057
56641     0.00295    -0.00001     0.00054
56672     0.00160    -0.00059     0.00044
56703     0.00074    -0.00099     0.00046
56731     0.00024    -0.00141     0.00077
56762     0.00054    -0.00138     0.00121
56792     0.00191    -0.00118     0.00141
56823     0.00346    -0.00062     0.00174
56853     0.00595     0.00002     0.00166
56884     0.00739     0.00035     0.00106
56915     0.00680     0.00058     0.00047
56945     0.00538     0.00050     0.00016
56976     0.00348     0.00015     0.00005
57006     0.00194    -0.00029     0.00014
57037     0.00070    -0.00042    -0.00015
57068    -0.00058    -0.00073    -0.00020
57096    -0.00118    -0.00097    -0.00007
57127    -0.00075    -0.00107     0.00016
57157     0.00107    -0.00083     0.00072
57188     0.00343    -0.00041     0.00123
57218     0.00554    -0.00005     0.00145
57249     0.00616     0.00043     0.00090
57280     0.00529     0.00074     0.00050
57310     0.00370     0.00084     0.00029
57341     0.00147     0.00079    -0.00009
57371    -0.00064     0.00072    -0.00052
57402    -0.00202     0.00018    -0.00068
57433    -0.00345    -0.00027    -0.00051
57462    -0.00433    -0.00082    -0.00026
57493    -0.00390    -0.00106    -0.00002
57523    -0.00133    -0.00082     0.00007
57554     0.00123    -0.00033     0.00024
