# Hydrology loading displacements computed from the monthly GLDAS NOAH model
# This is a product of the Hydrology loading service: http://lacerta.gsfc.nasa.gov/hydlo/
# Displacements are with respect to the center of mass of the total earth
#
# Created for VieVS on 17.03.2017 at 11:46:08 local time
# OFFSET + TREND REMOVED!!! - Hana 
# mjd up (meters) eastwest (meters) northsouth (meters)
43888    -0.00270    -0.00054    -0.00035
43919    -0.00325    -0.00082    -0.00102
43947    -0.00283    -0.00080    -0.00089
43978    -0.00256    -0.00076    -0.00043
44008    -0.00167    -0.00059     0.00068
44039    -0.00075    -0.00030     0.00170
44069     0.00083     0.00022     0.00187
44100     0.00107     0.00070     0.00155
44131     0.00133     0.00071     0.00132
44161     0.00147     0.00064     0.00113
44192     0.00095     0.00019     0.00069
44222     0.00084    -0.00044     0.00014
44253    -0.00016    -0.00100    -0.00002
44284    -0.00203    -0.00112    -0.00015
44313    -0.00237    -0.00109    -0.00041
44344    -0.00145    -0.00101    -0.00001
44374    -0.00061    -0.00067     0.00093
44405     0.00055    -0.00027     0.00172
44435     0.00188     0.00018     0.00175
44466     0.00243     0.00052     0.00141
44497     0.00181     0.00074     0.00111
44527     0.00123     0.00071     0.00095
44558     0.00095     0.00035     0.00045
44588     0.00058    -0.00010    -0.00001
44619     0.00061    -0.00045    -0.00037
44650     0.00055    -0.00076    -0.00061
44678     0.00011    -0.00103    -0.00089
44709     0.00049    -0.00107    -0.00060
44739     0.00075    -0.00098     0.00021
44770     0.00094    -0.00037     0.00150
44800     0.00164     0.00036     0.00156
44831     0.00216     0.00083     0.00124
44862     0.00206     0.00098     0.00099
44892     0.00139     0.00112     0.00056
44923     0.00106     0.00096     0.00015
44953     0.00024     0.00046    -0.00024
44984    -0.00056    -0.00023    -0.00086
45015    -0.00087    -0.00042    -0.00135
45043    -0.00082    -0.00053    -0.00137
45074    -0.00074    -0.00081    -0.00061
45104    -0.00002    -0.00075     0.00027
45135     0.00037    -0.00056     0.00176
45165     0.00094    -0.00031     0.00264
45196     0.00145     0.00026     0.00208
45227     0.00151     0.00057     0.00170
45257     0.00118     0.00036     0.00126
45288     0.00047     0.00029     0.00039
45318    -0.00200     0.00018    -0.00033
45349    -0.00261    -0.00007    -0.00089
45380    -0.00419    -0.00039    -0.00127
45408    -0.00486    -0.00021    -0.00115
45439    -0.00408    -0.00009    -0.00042
45469    -0.00281     0.00021     0.00044
45500    -0.00143     0.00044     0.00159
45530    -0.00019     0.00105     0.00208
45561     0.00031     0.00147     0.00175
45592     0.00033     0.00183     0.00131
45622    -0.00117     0.00231     0.00093
45653    -0.00181     0.00200     0.00066
45683    -0.00354     0.00136     0.00014
45714    -0.00351     0.00100    -0.00053
45745    -0.00298     0.00070    -0.00077
45774    -0.00247     0.00048    -0.00070
45805    -0.00192    -0.00012    -0.00009
45835    -0.00118    -0.00002     0.00093
45866    -0.00050     0.00038     0.00174
45896     0.00002     0.00117     0.00203
45927     0.00015     0.00175     0.00189
45958     0.00031     0.00182     0.00164
45988    -0.00028     0.00173     0.00126
46019    -0.00127     0.00126     0.00095
46049    -0.00295     0.00087     0.00050
46080    -0.00446     0.00007     0.00013
46111    -0.00419    -0.00042    -0.00062
46139    -0.00360    -0.00030    -0.00088
46170    -0.00251    -0.00055    -0.00031
46200    -0.00163    -0.00040     0.00034
46231    -0.00063     0.00003     0.00141
46261     0.00060     0.00023     0.00162
46292     0.00090     0.00057     0.00133
46323     0.00095     0.00091     0.00111
46353    -0.00041     0.00130     0.00092
46384    -0.00135     0.00113     0.00054
46414    -0.00257     0.00051     0.00007
46445    -0.00188    -0.00011    -0.00074
46476    -0.00210    -0.00048    -0.00115
46504    -0.00187    -0.00093    -0.00123
46535    -0.00110    -0.00097    -0.00068
46565    -0.00056    -0.00078     0.00040
46596    -0.00006    -0.00056     0.00177
46626     0.00101     0.00024     0.00209
46657     0.00211     0.00060     0.00186
46688     0.00175     0.00061     0.00172
46718     0.00093     0.00046     0.00151
46749     0.00057     0.00029     0.00085
46779    -0.00016    -0.00003     0.00021
46810    -0.00051    -0.00034    -0.00027
46841    -0.00050    -0.00048    -0.00072
46869    -0.00086    -0.00051    -0.00104
46900    -0.00030    -0.00075    -0.00057
46930     0.00042    -0.00053     0.00034
46961     0.00102    -0.00031     0.00107
46991     0.00175     0.00020     0.00180
47022     0.00211     0.00060     0.00165
47053     0.00242     0.00076     0.00114
47083     0.00260     0.00065     0.00065
47114     0.00180     0.00056     0.00039
47144     0.00107     0.00004     0.00003
47175     0.00029    -0.00038    -0.00054
47206     0.00031    -0.00077    -0.00105
47235     0.00092    -0.00111    -0.00136
47266     0.00124    -0.00101    -0.00074
47296     0.00191    -0.00075    -0.00009
47327     0.00284    -0.00053     0.00102
47357     0.00349    -0.00007     0.00119
47388     0.00374     0.00038     0.00065
47419     0.00355     0.00073     0.00011
47449     0.00305     0.00075    -0.00000
47480     0.00233     0.00034    -0.00023
47510     0.00179    -0.00020    -0.00069
47541     0.00122    -0.00063    -0.00127
47572     0.00108    -0.00086    -0.00175
47600     0.00119    -0.00074    -0.00193
47631     0.00188    -0.00067    -0.00150
47661     0.00243    -0.00060    -0.00054
47692     0.00260    -0.00009     0.00083
47722     0.00357     0.00020     0.00138
47753     0.00399     0.00035     0.00132
47784     0.00370     0.00055     0.00104
47814     0.00347     0.00052     0.00048
47845     0.00301     0.00029    -0.00001
47875     0.00293    -0.00062    -0.00074
47906     0.00248    -0.00119    -0.00136
47937     0.00199    -0.00140    -0.00195
47965     0.00180    -0.00112    -0.00204
47996     0.00219    -0.00091    -0.00139
48026     0.00233    -0.00076    -0.00033
48057     0.00271    -0.00021     0.00071
48087     0.00318     0.00034     0.00103
48118     0.00328     0.00077     0.00105
48149     0.00330     0.00084     0.00080
48179     0.00248     0.00106     0.00020
48210     0.00201     0.00084    -0.00046
48240     0.00151     0.00037    -0.00123
48271     0.00109     0.00013    -0.00185
48302     0.00160     0.00001    -0.00226
48330     0.00091    -0.00054    -0.00252
48361     0.00099    -0.00084    -0.00189
48391     0.00110    -0.00090    -0.00084
48422     0.00184    -0.00051     0.00039
48452     0.00257    -0.00004     0.00105
48483     0.00322     0.00041     0.00089
48514     0.00279     0.00078     0.00079
48544     0.00241     0.00078     0.00038
48575     0.00148     0.00080    -0.00003
48605     0.00027     0.00075    -0.00063
48636    -0.00099     0.00045    -0.00123
48667    -0.00180     0.00012    -0.00154
48696    -0.00228    -0.00001    -0.00149
48727    -0.00188    -0.00030    -0.00107
48757    -0.00093    -0.00009    -0.00009
48788    -0.00040     0.00022     0.00108
48818     0.00038     0.00059     0.00153
48849     0.00083     0.00101     0.00124
48880     0.00068     0.00109     0.00095
48910     0.00085     0.00109     0.00044
48941     0.00010     0.00071    -0.00020
48971    -0.00102     0.00037    -0.00036
49002    -0.00306     0.00017    -0.00065
49033    -0.00378    -0.00003    -0.00112
49061    -0.00368    -0.00020    -0.00138
49092    -0.00309    -0.00038    -0.00104
49122    -0.00217    -0.00019    -0.00041
49153    -0.00145     0.00011     0.00062
49183    -0.00110     0.00070     0.00086
49214    -0.00018     0.00102     0.00060
49245    -0.00027     0.00122     0.00016
49275    -0.00029     0.00112    -0.00013
49306    -0.00082     0.00085    -0.00048
49336    -0.00124     0.00044    -0.00088
49367    -0.00126    -0.00037    -0.00146
49398    -0.00140    -0.00078    -0.00180
49426    -0.00123    -0.00071    -0.00190
49457    -0.00094    -0.00077    -0.00141
49487    -0.00066    -0.00071    -0.00057
49518    -0.00002    -0.00054     0.00027
49548     0.00081    -0.00002     0.00026
49579     0.00164     0.00019    -0.00007
49610     0.00158     0.00036    -0.00053
49640     0.00100     0.00011    -0.00074
49671     0.00019    -0.00024    -0.00129
49701    -0.00073    -0.00035    -0.00206
49732    -0.00164    -0.00048    -0.00254
49763    -0.00171    -0.00052    -0.00305
49791    -0.00180    -0.00066    -0.00313
49822    -0.00157    -0.00089    -0.00236
49852    -0.00144    -0.00080    -0.00125
49883    -0.00109    -0.00037    -0.00021
49913     0.00007     0.00015     0.00004
49944     0.00092     0.00053    -0.00054
49975     0.00101     0.00082    -0.00100
50005     0.00071     0.00071    -0.00125
50036     0.00013     0.00046    -0.00166
50066    -0.00022    -0.00034    -0.00187
50097    -0.00043    -0.00092    -0.00256
50128    -0.00069    -0.00123    -0.00319
50157    -0.00051    -0.00127    -0.00352
50188    -0.00015    -0.00131    -0.00301
50218     0.00014    -0.00131    -0.00138
50249     0.00082    -0.00132     0.00036
50279     0.00135    -0.00131     0.00192
50310     0.00192    -0.00122     0.00288
50341     0.00205    -0.00137     0.00311
50371     0.00209    -0.00144     0.00268
50402     0.00153    -0.00163     0.00203
50432     0.00101    -0.00173     0.00108
50463     0.00032    -0.00189     0.00013
50494    -0.00046    -0.00182    -0.00089
50522    -0.00087    -0.00189    -0.00169
50553    -0.00085    -0.00196    -0.00162
50583    -0.00080    -0.00172    -0.00121
50614    -0.00049    -0.00124    -0.00029
50644     0.00015    -0.00046     0.00001
50675     0.00059     0.00028    -0.00007
50706    -0.00015     0.00069    -0.00051
50736    -0.00142     0.00065    -0.00130
50767    -0.00234     0.00036    -0.00230
50797    -0.00329    -0.00014    -0.00312
50828    -0.00417    -0.00038    -0.00359
50859    -0.00501    -0.00052    -0.00368
50887    -0.00527    -0.00045    -0.00382
50918    -0.00485    -0.00042    -0.00324
50948    -0.00399    -0.00016    -0.00205
50979    -0.00323     0.00017    -0.00081
51009    -0.00201     0.00082    -0.00080
51040    -0.00083     0.00106    -0.00109
51071    -0.00067     0.00121    -0.00156
51101    -0.00121     0.00124    -0.00207
51132    -0.00221     0.00106    -0.00227
51162    -0.00271     0.00054    -0.00248
51193    -0.00285     0.00002    -0.00282
51224    -0.00307    -0.00034    -0.00288
51252    -0.00247    -0.00053    -0.00282
51283    -0.00225    -0.00055    -0.00203
51313    -0.00200    -0.00029    -0.00108
51344    -0.00150     0.00028    -0.00011
51374    -0.00146     0.00076     0.00032
51405    -0.00045     0.00094     0.00001
51436    -0.00047     0.00106    -0.00020
51466    -0.00036     0.00097    -0.00055
51497    -0.00024     0.00069    -0.00078
51527    -0.00048     0.00015    -0.00094
51558    -0.00025    -0.00107    -0.00106
51589    -0.00016    -0.00169    -0.00116
51618    -0.00054    -0.00169    -0.00117
51649    -0.00027    -0.00177    -0.00109
51679     0.00039    -0.00124    -0.00082
51710     0.00031    -0.00036    -0.00025
51740     0.00061     0.00017     0.00033
51771     0.00135     0.00054     0.00029
51802     0.00145     0.00049     0.00017
51832     0.00068     0.00056    -0.00034
51863    -0.00067     0.00044    -0.00050
51893    -0.00041    -0.00014    -0.00076
51924    -0.00094    -0.00040    -0.00095
51955    -0.00138    -0.00016    -0.00115
51983    -0.00188    -0.00031    -0.00119
52014    -0.00128    -0.00050    -0.00094
52044    -0.00061    -0.00019    -0.00013
52075     0.00005     0.00021     0.00053
52105     0.00083     0.00071     0.00106
52136     0.00152     0.00121     0.00107
52167     0.00135     0.00135     0.00092
52197     0.00133     0.00137     0.00049
52228     0.00123     0.00104    -0.00000
52258     0.00041     0.00047    -0.00015
52289     0.00029    -0.00022    -0.00046
52320     0.00022    -0.00039    -0.00069
52348     0.00019    -0.00038    -0.00083
52379     0.00015    -0.00063    -0.00048
52409     0.00028    -0.00031     0.00030
52440     0.00064     0.00012     0.00138
52470     0.00128     0.00074     0.00177
52501     0.00195     0.00104     0.00169
52532     0.00170     0.00117     0.00139
52562     0.00120     0.00107     0.00070
52593     0.00070     0.00059     0.00012
52623     0.00029     0.00016    -0.00009
52654     0.00015    -0.00046    -0.00025
52685    -0.00017    -0.00080    -0.00033
52713    -0.00057    -0.00094    -0.00011
52744    -0.00025    -0.00113     0.00023
52774    -0.00024    -0.00080     0.00094
52805     0.00006    -0.00039     0.00171
52835     0.00100     0.00029     0.00185
52866     0.00182     0.00068     0.00157
52897     0.00184     0.00097     0.00101
52927     0.00144     0.00109     0.00055
52958     0.00083     0.00074     0.00012
52988     0.00051     0.00033    -0.00014
53019     0.00034    -0.00031    -0.00029
53050     0.00029    -0.00078    -0.00038
53079    -0.00010    -0.00092    -0.00040
53110     0.00027    -0.00112    -0.00032
53140     0.00050    -0.00083     0.00023
53171     0.00063    -0.00017     0.00092
53201     0.00115     0.00034     0.00134
53232     0.00181     0.00076     0.00110
53263     0.00168     0.00111     0.00067
53293     0.00095     0.00107     0.00034
53324    -0.00037     0.00063     0.00018
53354    -0.00070     0.00002    -0.00021
53385    -0.00167    -0.00051    -0.00027
53416    -0.00250    -0.00086    -0.00029
53444    -0.00278    -0.00122    -0.00032
53475    -0.00224    -0.00118    -0.00001
53505    -0.00164    -0.00106     0.00043
53536    -0.00108    -0.00060     0.00132
53566     0.00002     0.00017     0.00167
53597     0.00051     0.00090     0.00146
53628     0.00083     0.00124     0.00115
53658     0.00028     0.00127     0.00098
53689    -0.00005     0.00111     0.00077
53719    -0.00050     0.00020     0.00080
53750    -0.00088    -0.00056     0.00082
53781    -0.00089    -0.00088     0.00055
53809    -0.00083    -0.00126     0.00038
53840    -0.00057    -0.00143     0.00063
53870    -0.00023    -0.00097     0.00102
53901     0.00035    -0.00028     0.00159
53931     0.00112     0.00059     0.00202
53962     0.00159     0.00093     0.00179
53993     0.00134     0.00121     0.00126
54023     0.00079     0.00097     0.00111
54054     0.00045     0.00025     0.00069
54084     0.00019    -0.00024     0.00043
54115    -0.00028    -0.00046     0.00031
54146    -0.00020    -0.00069    -0.00002
54174    -0.00021    -0.00079     0.00001
54205    -0.00034    -0.00087     0.00047
54235     0.00003    -0.00071     0.00087
54266     0.00067    -0.00010     0.00139
54296     0.00154     0.00062     0.00136
54327     0.00226     0.00079     0.00098
54358     0.00230     0.00095     0.00039
54388     0.00182     0.00091     0.00026
54419     0.00178     0.00030     0.00002
54449     0.00081    -0.00026    -0.00011
54480     0.00023    -0.00099    -0.00011
54511    -0.00036    -0.00130    -0.00014
54540    -0.00054    -0.00151    -0.00020
54571    -0.00030    -0.00143    -0.00016
54601    -0.00003    -0.00108     0.00052
54632     0.00042    -0.00047     0.00113
54662     0.00125     0.00013     0.00123
54693     0.00197     0.00051     0.00080
54724     0.00163     0.00080     0.00022
54754     0.00133     0.00078    -0.00017
54785     0.00106     0.00071    -0.00056
54815     0.00014     0.00007    -0.00057
54846    -0.00034    -0.00038    -0.00066
54877    -0.00036    -0.00087    -0.00087
54905    -0.00049    -0.00112    -0.00097
54936    -0.00049    -0.00114    -0.00075
54966    -0.00032    -0.00077    -0.00010
54997     0.00019    -0.00028     0.00080
55027     0.00100     0.00028     0.00106
55058     0.00170     0.00058     0.00086
55089     0.00185     0.00074     0.00051
55119     0.00116     0.00084     0.00020
55150     0.00072     0.00013    -0.00025
55180     0.00023    -0.00055    -0.00047
55211    -0.00038    -0.00101    -0.00074
55242    -0.00190    -0.00094    -0.00076
55270    -0.00167    -0.00112    -0.00086
55301    -0.00125    -0.00114    -0.00054
55331    -0.00092    -0.00087    -0.00004
55362    -0.00044    -0.00038     0.00064
55392     0.00035     0.00032     0.00106
55423     0.00140     0.00078     0.00076
55454     0.00164     0.00120     0.00005
55484     0.00124     0.00135    -0.00039
55515     0.00074     0.00090    -0.00065
55545    -0.00018     0.00029    -0.00093
55576    -0.00125    -0.00042    -0.00085
55607    -0.00131    -0.00072    -0.00097
55635    -0.00171    -0.00097    -0.00085
55666    -0.00176    -0.00098    -0.00039
55696    -0.00150    -0.00070     0.00029
55727    -0.00084    -0.00001     0.00109
55757     0.00003     0.00075     0.00137
55788     0.00093     0.00118     0.00115
55819     0.00126     0.00141     0.00061
55849     0.00116     0.00103     0.00028
55880     0.00082     0.00055     0.00007
55910     0.00022     0.00024    -0.00009
55941     0.00002    -0.00024    -0.00032
55972    -0.00044    -0.00047    -0.00033
56001    -0.00048    -0.00038    -0.00017
56032    -0.00056    -0.00050     0.00013
56062    -0.00023    -0.00037     0.00048
56093     0.00049    -0.00001     0.00127
56123     0.00150     0.00046     0.00143
56154     0.00223     0.00090     0.00097
56185     0.00250     0.00122     0.00018
56215     0.00204     0.00101    -0.00012
56246     0.00179     0.00059    -0.00066
56276     0.00126     0.00004    -0.00089
56307     0.00045    -0.00035    -0.00099
56338     0.00011    -0.00062    -0.00114
56366     0.00002    -0.00071    -0.00106
56397     0.00022    -0.00092    -0.00077
56427     0.00046    -0.00069    -0.00001
56458     0.00044    -0.00011     0.00080
56488     0.00106     0.00064     0.00115
56519     0.00143     0.00115     0.00109
56550     0.00109     0.00138     0.00097
56580     0.00060     0.00136     0.00074
56611     0.00003     0.00090     0.00072
56641    -0.00060     0.00048     0.00066
56672    -0.00059    -0.00005     0.00054
56703    -0.00063    -0.00045     0.00057
56731    -0.00088    -0.00091     0.00084
56762    -0.00064    -0.00094     0.00121
56792    -0.00034    -0.00088     0.00152
56823    -0.00018    -0.00038     0.00201
56853     0.00043     0.00024     0.00214
56884     0.00122     0.00062     0.00173
56915     0.00093     0.00098     0.00109
56945     0.00028     0.00093     0.00059
56976    -0.00012     0.00057     0.00023
57006    -0.00085     0.00009     0.00020
57037    -0.00123     0.00003    -0.00012
57068    -0.00168    -0.00023    -0.00036
57096    -0.00183    -0.00041    -0.00042
57127    -0.00156    -0.00046    -0.00029
57157    -0.00177    -0.00022     0.00045
57188    -0.00152     0.00021     0.00122
57218    -0.00078     0.00055     0.00165
57249     0.00016     0.00092     0.00132
57280     0.00039     0.00118     0.00081
57310    -0.00001     0.00130     0.00031
57341    -0.00070     0.00130    -0.00033
57371    -0.00124     0.00123    -0.00091
57402    -0.00175     0.00066    -0.00109
57433    -0.00176     0.00015    -0.00113
57462    -0.00174    -0.00040    -0.00112
57493    -0.00153    -0.00066    -0.00091
57523    -0.00120    -0.00043    -0.00049
57554    -0.00054     0.00005     0.00014
