# Hydrology loading displacements computed from the monthly GLDAS NOAH model
# This is a product of the Hydrology loading service: http://lacerta.gsfc.nasa.gov/hydlo/
# Displacements are with respect to the center of mass of the total earth
#
# Created for VieVS on 17.03.2017 at 11:46:08 local time
# OFFSET + TREND REMOVED!!! - Hana 
# mjd up (meters) eastwest (meters) northsouth (meters)
43888    -0.00303     0.00043    -0.00011
43919    -0.00591     0.00069     0.00003
43947    -0.00523     0.00092    -0.00017
43978    -0.00255     0.00089    -0.00040
44008     0.00174     0.00069    -0.00043
44039     0.00574     0.00047    -0.00028
44069     0.00730    -0.00046     0.00032
44100     0.00837    -0.00107     0.00075
44131     0.00929    -0.00120     0.00059
44161     0.00775    -0.00104     0.00029
44192     0.00381    -0.00049     0.00004
44222    -0.00006     0.00001     0.00017
44253    -0.00306     0.00057    -0.00005
44284    -0.00548     0.00068    -0.00010
44313    -0.00679     0.00066    -0.00018
44344    -0.00402     0.00078    -0.00013
44374    -0.00013     0.00027     0.00019
44405     0.00347    -0.00035     0.00065
44435     0.00658    -0.00116     0.00119
44466     0.00746    -0.00159     0.00135
44497     0.00681    -0.00158     0.00112
44527     0.00477    -0.00134     0.00082
44558     0.00180    -0.00084     0.00056
44588    -0.00069    -0.00043     0.00057
44619    -0.00297    -0.00021     0.00064
44650    -0.00540     0.00011     0.00074
44678    -0.00719     0.00055     0.00062
44709    -0.00532     0.00085     0.00043
44739    -0.00119     0.00078     0.00038
44770     0.00293     0.00033     0.00047
44800     0.00491    -0.00051     0.00079
44831     0.00648    -0.00112     0.00096
44862     0.00635    -0.00127     0.00097
44892     0.00528    -0.00139     0.00047
44923     0.00159    -0.00121     0.00025
44953    -0.00152    -0.00072     0.00020
44984    -0.00459     0.00009    -0.00009
45015    -0.00706     0.00048    -0.00036
45043    -0.00787     0.00069    -0.00050
45074    -0.00556     0.00099    -0.00055
45104    -0.00080     0.00078    -0.00031
45135     0.00313     0.00074    -0.00006
45165     0.00525     0.00045     0.00068
45196     0.00503    -0.00031     0.00103
45227     0.00614    -0.00080     0.00087
45257     0.00506    -0.00051     0.00051
45288     0.00260    -0.00039     0.00003
45318     0.00001     0.00002    -0.00051
45349    -0.00368     0.00029    -0.00074
45380    -0.00707     0.00071    -0.00084
45408    -0.00844     0.00079    -0.00113
45439    -0.00378     0.00085    -0.00128
45469     0.00025     0.00032    -0.00108
45500     0.00342    -0.00006    -0.00054
45530     0.00584    -0.00098     0.00017
45561     0.00597    -0.00171     0.00083
45592     0.00616    -0.00209     0.00063
45622     0.00519    -0.00206     0.00006
45653     0.00306    -0.00160    -0.00046
45683     0.00029    -0.00083    -0.00086
45714    -0.00256    -0.00059    -0.00059
45745    -0.00341    -0.00035    -0.00081
45774    -0.00392     0.00003    -0.00101
45805    -0.00257     0.00070    -0.00086
45835     0.00071     0.00043    -0.00066
45866     0.00380    -0.00013    -0.00029
45896     0.00722    -0.00102     0.00019
45927     0.00709    -0.00154     0.00063
45958     0.00749    -0.00173     0.00068
45988     0.00684    -0.00157     0.00038
46019     0.00437    -0.00081    -0.00026
46049     0.00089    -0.00017    -0.00053
46080    -0.00169     0.00070    -0.00077
46111    -0.00646     0.00116    -0.00055
46139    -0.00806     0.00117    -0.00078
46170    -0.00476     0.00126    -0.00051
46200    -0.00021     0.00083    -0.00032
46231     0.00244     0.00022     0.00027
46261     0.00439    -0.00034     0.00107
46292     0.00623    -0.00076     0.00114
46323     0.00682    -0.00125     0.00099
46353     0.00509    -0.00114     0.00047
46384     0.00288    -0.00070    -0.00008
46414    -0.00035    -0.00004    -0.00027
46445    -0.00351     0.00024     0.00000
46476    -0.00587     0.00068    -0.00038
46504    -0.00629     0.00109    -0.00039
46535    -0.00322     0.00100    -0.00029
46565     0.00035     0.00082    -0.00035
46596     0.00402     0.00079    -0.00012
46626     0.00784    -0.00033     0.00043
46657     0.00975    -0.00110     0.00082
46688     0.01056    -0.00116     0.00072
46718     0.00927    -0.00067     0.00025
46749     0.00673    -0.00036    -0.00015
46779     0.00406     0.00025    -0.00059
46810    -0.00048     0.00043    -0.00049
46841    -0.00411     0.00060    -0.00049
46869    -0.00611     0.00076    -0.00075
46900    -0.00515     0.00111    -0.00073
46930    -0.00070     0.00076    -0.00040
46961     0.00228     0.00032     0.00018
46991     0.00481    -0.00038     0.00077
47022     0.00690    -0.00098     0.00100
47053     0.00728    -0.00122     0.00102
47083     0.00626    -0.00115     0.00083
47114     0.00417    -0.00101     0.00030
47144     0.00161    -0.00045    -0.00001
47175    -0.00197     0.00018    -0.00036
47206    -0.00458     0.00072    -0.00061
47235    -0.00572     0.00084    -0.00037
47266    -0.00367     0.00082    -0.00017
47296    -0.00068     0.00041     0.00015
47327     0.00201    -0.00005     0.00067
47357     0.00317    -0.00060     0.00113
47388     0.00434    -0.00112     0.00119
47419     0.00426    -0.00146     0.00104
47449     0.00415    -0.00138     0.00056
47480     0.00123    -0.00079     0.00004
47510    -0.00214    -0.00024    -0.00001
47541    -0.00547     0.00043    -0.00011
47572    -0.00691     0.00089    -0.00019
47600    -0.00679     0.00080    -0.00038
47631    -0.00377     0.00056    -0.00017
47661     0.00001     0.00027     0.00020
47692     0.00341    -0.00016     0.00054
47722     0.00590    -0.00074     0.00126
47753     0.00724    -0.00104     0.00161
47784     0.00736    -0.00134     0.00134
47814     0.00515    -0.00136     0.00094
47845     0.00314    -0.00101     0.00040
47875    -0.00224     0.00004     0.00034
47906    -0.00493     0.00078     0.00025
47937    -0.00725     0.00120    -0.00003
47965    -0.00761     0.00121    -0.00037
47996    -0.00462     0.00111    -0.00027
48026    -0.00145     0.00086     0.00002
48057     0.00274     0.00011     0.00039
48087     0.00550    -0.00052     0.00081
48118     0.00745    -0.00092     0.00104
48149     0.00789    -0.00112     0.00100
48179     0.00651    -0.00106     0.00049
48210     0.00344    -0.00072     0.00002
48240     0.00019    -0.00027    -0.00033
48271    -0.00265     0.00016    -0.00047
48302    -0.00531     0.00030    -0.00038
48330    -0.00722     0.00082    -0.00063
48361    -0.00553     0.00108    -0.00056
48391    -0.00295     0.00098    -0.00028
48422     0.00019     0.00040     0.00036
48452     0.00385    -0.00030     0.00071
48483     0.00567    -0.00102     0.00099
48514     0.00622    -0.00124     0.00078
48544     0.00567    -0.00128     0.00037
48575     0.00340    -0.00108    -0.00024
48605     0.00037    -0.00068    -0.00085
48636    -0.00320    -0.00008    -0.00117
48667    -0.00613     0.00049    -0.00140
48696    -0.00719     0.00083    -0.00179
48727    -0.00515     0.00115    -0.00158
48757    -0.00161     0.00090    -0.00107
48788     0.00142     0.00060    -0.00048
48818     0.00373    -0.00008    -0.00002
48849     0.00554    -0.00051     0.00015
48880     0.00593    -0.00055     0.00007
48910     0.00415    -0.00059    -0.00008
48941     0.00070    -0.00022    -0.00033
48971    -0.00206     0.00031    -0.00064
49002    -0.00493     0.00075    -0.00095
49033    -0.00798     0.00096    -0.00096
49061    -0.00894     0.00113    -0.00108
49092    -0.00657     0.00126    -0.00093
49122    -0.00291     0.00082    -0.00075
49153     0.00006     0.00046    -0.00017
49183     0.00268    -0.00029     0.00020
49214     0.00434    -0.00091     0.00044
49245     0.00450    -0.00115     0.00044
49275     0.00402    -0.00107     0.00018
49306     0.00179    -0.00050    -0.00046
49336    -0.00111     0.00002    -0.00080
49367    -0.00404     0.00070    -0.00072
49398    -0.00649     0.00117    -0.00064
49426    -0.00734     0.00111    -0.00069
49457    -0.00545     0.00122    -0.00071
49487    -0.00316     0.00115    -0.00050
49518     0.00027     0.00089    -0.00015
49548     0.00343     0.00028    -0.00007
49579     0.00533    -0.00022     0.00011
49610     0.00580    -0.00056    -0.00001
49640     0.00515    -0.00027    -0.00043
49671     0.00163     0.00027    -0.00095
49701    -0.00333     0.00055    -0.00139
49732    -0.00628     0.00055    -0.00140
49763    -0.00841     0.00047    -0.00128
49791    -0.00858     0.00073    -0.00128
49822    -0.00721     0.00108    -0.00117
49852    -0.00432     0.00109    -0.00096
49883    -0.00051     0.00064    -0.00081
49913     0.00163    -0.00019    -0.00033
49944     0.00340    -0.00082    -0.00017
49975     0.00305    -0.00125    -0.00020
50005     0.00053    -0.00095    -0.00040
50036    -0.00199    -0.00055    -0.00076
50066    -0.00458     0.00025    -0.00081
50097    -0.00737     0.00079    -0.00071
50128    -0.01138     0.00100    -0.00047
50157    -0.01284     0.00103    -0.00027
50188    -0.01041     0.00117    -0.00021
50218    -0.00512     0.00130    -0.00009
50249    -0.00167     0.00122     0.00078
50279     0.00260     0.00113     0.00118
50310     0.00483     0.00095     0.00174
50341     0.00496     0.00097     0.00191
50371     0.00322     0.00099     0.00205
50402     0.00004     0.00121     0.00202
50432    -0.00191     0.00130     0.00154
50463    -0.00532     0.00161     0.00131
50494    -0.00843     0.00178     0.00093
50522    -0.01013     0.00209     0.00048
50553    -0.00845     0.00218     0.00044
50583    -0.00641     0.00198     0.00041
50614    -0.00349     0.00159     0.00046
50644    -0.00206     0.00078     0.00059
50675    -0.00119    -0.00010     0.00073
50706    -0.00149    -0.00052     0.00041
50736    -0.00411    -0.00035     0.00003
50767    -0.00649    -0.00006    -0.00042
50797    -0.00874     0.00043    -0.00075
50828    -0.01213     0.00102    -0.00102
50859    -0.01426     0.00142    -0.00134
50887    -0.01516     0.00167    -0.00158
50918    -0.01144     0.00152    -0.00172
50948    -0.00627     0.00097    -0.00178
50979    -0.00290     0.00040    -0.00143
51009     0.00001    -0.00057    -0.00098
51040     0.00229    -0.00115    -0.00052
51071     0.00284    -0.00152    -0.00044
51101     0.00173    -0.00145    -0.00102
51132    -0.00102    -0.00103    -0.00146
51162    -0.00411    -0.00046    -0.00156
51193    -0.00580     0.00018    -0.00166
51224    -0.00660     0.00047    -0.00155
51252    -0.00693     0.00060    -0.00123
51283    -0.00526     0.00068    -0.00116
51313    -0.00266     0.00058    -0.00111
51344     0.00039     0.00012    -0.00094
51374     0.00274    -0.00024    -0.00060
51405     0.00484    -0.00090    -0.00021
51436     0.00469    -0.00103    -0.00018
51466     0.00383    -0.00103    -0.00033
51497     0.00162    -0.00077    -0.00027
51527    -0.00001    -0.00026    -0.00017
51558    -0.00196     0.00084     0.00016
51589    -0.00480     0.00132     0.00027
51618    -0.00697     0.00132     0.00032
51649    -0.00697     0.00159     0.00032
51679    -0.00471     0.00117     0.00026
51710     0.00026     0.00041    -0.00003
51740     0.00374    -0.00008     0.00025
51771     0.00470    -0.00067     0.00040
51802     0.00454    -0.00065     0.00039
51832     0.00321    -0.00051     0.00004
51863     0.00261     0.00001    -0.00024
51893     0.00085     0.00062    -0.00011
51924    -0.00086     0.00102    -0.00048
51955    -0.00250     0.00082    -0.00075
51983    -0.00434     0.00093    -0.00079
52014    -0.00386     0.00092    -0.00057
52044    -0.00033     0.00048    -0.00039
52075     0.00223     0.00003    -0.00000
52105     0.00520    -0.00064     0.00026
52136     0.00748    -0.00145     0.00046
52167     0.00711    -0.00164     0.00046
52197     0.00536    -0.00163     0.00036
52228     0.00229    -0.00134     0.00031
52258    -0.00063    -0.00063     0.00001
52289    -0.00382     0.00002     0.00002
52320    -0.00485     0.00035    -0.00001
52348    -0.00528     0.00049    -0.00020
52379    -0.00470     0.00096    -0.00048
52409     0.00007     0.00068    -0.00067
52440     0.00435     0.00025    -0.00044
52470     0.00592    -0.00041    -0.00000
52501     0.00605    -0.00102     0.00041
52532     0.00539    -0.00121     0.00044
52562     0.00369    -0.00113     0.00023
52593     0.00107    -0.00069     0.00021
52623    -0.00026    -0.00024    -0.00005
52654    -0.00264     0.00024     0.00004
52685    -0.00403     0.00056     0.00001
52713    -0.00472     0.00085    -0.00020
52744    -0.00459     0.00111    -0.00026
52774    -0.00161     0.00110    -0.00043
52805     0.00332     0.00090    -0.00036
52835     0.00552    -0.00001     0.00029
52866     0.00531    -0.00070     0.00070
52897     0.00465    -0.00119     0.00069
52927     0.00365    -0.00128     0.00037
52958     0.00021    -0.00077     0.00000
52988    -0.00160    -0.00033    -0.00021
53019    -0.00347     0.00026    -0.00030
53050    -0.00548     0.00061    -0.00013
53079    -0.00712     0.00082    -0.00004
53110    -0.00723     0.00118     0.00014
53140    -0.00497     0.00117    -0.00010
53171    -0.00044     0.00039     0.00009
53201     0.00276    -0.00023     0.00065
53232     0.00349    -0.00097     0.00101
53263     0.00327    -0.00132     0.00081
53293     0.00231    -0.00116     0.00051
53324     0.00001    -0.00055     0.00019
53354    -0.00426     0.00012     0.00025
53385    -0.00624     0.00066     0.00013
53416    -0.00788     0.00111    -0.00023
53444    -0.01037     0.00147    -0.00033
53475    -0.01077     0.00160    -0.00043
53505    -0.00854     0.00154    -0.00021
53536    -0.00071     0.00089    -0.00005
53566     0.00305    -0.00017     0.00043
53597     0.00489    -0.00112     0.00056
53628     0.00516    -0.00152     0.00043
53658     0.00384    -0.00138     0.00000
53689     0.00172    -0.00112    -0.00032
53719     0.00053    -0.00016    -0.00037
53750    -0.00090     0.00060    -0.00048
53781    -0.00382     0.00094    -0.00053
53809    -0.00489     0.00121    -0.00025
53840    -0.00310     0.00138     0.00001
53870    -0.00072     0.00101     0.00012
53901     0.00286     0.00010     0.00048
53931     0.00512    -0.00075     0.00070
53962     0.00665    -0.00125     0.00100
53993     0.00615    -0.00151     0.00091
54023     0.00469    -0.00109     0.00049
54054     0.00123    -0.00032     0.00022
54084    -0.00060     0.00040     0.00012
54115    -0.00267     0.00080     0.00008
54146    -0.00505     0.00094     0.00018
54174    -0.00606     0.00114    -0.00005
54205    -0.00560     0.00162    -0.00022
54235    -0.00234     0.00147    -0.00001
54266     0.00284     0.00052     0.00018
54296     0.00466    -0.00047     0.00062
54327     0.00538    -0.00100     0.00102
54358     0.00514    -0.00136     0.00095
54388     0.00440    -0.00129     0.00070
54419     0.00145    -0.00075     0.00064
54449    -0.00121    -0.00001     0.00040
54480    -0.00224     0.00080     0.00027
54511    -0.00358     0.00120     0.00004
54540    -0.00470     0.00162    -0.00015
54571    -0.00322     0.00147    -0.00004
54601    -0.00076     0.00110     0.00012
54632     0.00154     0.00054     0.00037
54662     0.00354    -0.00020     0.00075
54693     0.00509    -0.00087     0.00099
54724     0.00467    -0.00114     0.00079
54754     0.00249    -0.00113     0.00047
54785     0.00141    -0.00109     0.00016
54815    -0.00014    -0.00039    -0.00004
54846    -0.00270     0.00014    -0.00020
54877    -0.00463     0.00052     0.00003
54905    -0.00614     0.00089    -0.00011
54936    -0.00544     0.00116    -0.00036
54966    -0.00207     0.00085    -0.00022
54997     0.00158     0.00036     0.00013
55027     0.00401    -0.00044     0.00043
55058     0.00431    -0.00085     0.00074
55089     0.00407    -0.00112     0.00083
55119     0.00295    -0.00099     0.00048
55150     0.00046    -0.00034     0.00016
55180    -0.00159     0.00035     0.00009
55211    -0.00438     0.00068     0.00020
55242    -0.00605     0.00079    -0.00012
55270    -0.00736     0.00105     0.00011
55301    -0.00566     0.00112     0.00016
55331    -0.00215     0.00082     0.00005
55362     0.00124     0.00018     0.00016
55392     0.00376    -0.00060     0.00050
55423     0.00563    -0.00136     0.00083
55454     0.00531    -0.00192     0.00074
55484     0.00286    -0.00201     0.00043
55515     0.00087    -0.00149     0.00014
55545    -0.00095    -0.00103     0.00007
55576    -0.00232    -0.00035    -0.00002
55607    -0.00428     0.00017    -0.00024
55635    -0.00502     0.00062    -0.00046
55666    -0.00446     0.00087    -0.00048
55696    -0.00297     0.00085    -0.00039
55727    -0.00015     0.00010    -0.00004
55757     0.00237    -0.00089     0.00051
55788     0.00426    -0.00161     0.00084
55819     0.00442    -0.00186     0.00085
55849     0.00271    -0.00151     0.00088
55880     0.00124    -0.00088     0.00060
55910    -0.00011    -0.00034     0.00038
55941    -0.00187     0.00002     0.00037
55972    -0.00355     0.00030     0.00009
56001    -0.00465     0.00031     0.00002
56032    -0.00347     0.00045     0.00004
56062    -0.00143     0.00037    -0.00007
56093     0.00159    -0.00013     0.00038
56123     0.00373    -0.00074     0.00092
56154     0.00471    -0.00149     0.00123
56185     0.00459    -0.00201     0.00127
56215     0.00412    -0.00173     0.00095
56246     0.00180    -0.00141     0.00065
56276    -0.00030    -0.00091     0.00034
56307    -0.00222    -0.00035     0.00007
56338    -0.00351     0.00001    -0.00010
56366    -0.00419     0.00025    -0.00018
56397    -0.00349     0.00049     0.00001
56427     0.00006     0.00040    -0.00000
56458     0.00360    -0.00005    -0.00010
56488     0.00628    -0.00084     0.00023
56519     0.00762    -0.00139     0.00049
56550     0.00782    -0.00164     0.00051
56580     0.00692    -0.00149     0.00020
56611     0.00646    -0.00088    -0.00010
56641     0.00521    -0.00027    -0.00025
56672     0.00442     0.00026    -0.00011
56703     0.00353     0.00063    -0.00010
56731     0.00347     0.00111    -0.00012
56762     0.00414     0.00116    -0.00008
56792     0.00560     0.00096    -0.00007
56823     0.00763     0.00050    -0.00008
56853     0.00899    -0.00022     0.00034
56884     0.00910    -0.00094     0.00078
56915     0.00806    -0.00130     0.00069
56945     0.00566    -0.00104     0.00026
56976     0.00400    -0.00055    -0.00023
57006     0.00254     0.00001    -0.00068
57037     0.00001     0.00003    -0.00069
57068    -0.00127     0.00040    -0.00093
57096    -0.00161     0.00072    -0.00118
57127    -0.00226     0.00085    -0.00105
57157    -0.00030     0.00095    -0.00090
57188     0.00276     0.00059    -0.00068
57218     0.00467     0.00013    -0.00013
57249     0.00611    -0.00059     0.00021
57280     0.00615    -0.00103     0.00021
57310     0.00482    -0.00115    -0.00017
57341     0.00223    -0.00090    -0.00069
57371    -0.00004    -0.00077    -0.00082
57402    -0.00275    -0.00018    -0.00079
57433    -0.00433     0.00028    -0.00080
57462    -0.00462     0.00083    -0.00085
57493    -0.00427     0.00117    -0.00075
57523    -0.00313     0.00098    -0.00053
57554    -0.00158     0.00051    -0.00008
