# Hydrology loading displacements computed from the monthly GLDAS NOAH model
# This is a product of the Hydrology loading service: http://lacerta.gsfc.nasa.gov/hydlo/
# Displacements are with respect to the center of mass of the total earth
#
# Created for VieVS on 17.03.2017 at 11:46:08 local time
# OFFSET + TREND REMOVED!!! - Hana 
# mjd up (meters) eastwest (meters) northsouth (meters)
43888    -0.00235     0.00029    -0.00005
43919    -0.00360     0.00044    -0.00016
43947    -0.00353     0.00054    -0.00022
43978    -0.00249     0.00080    -0.00016
44008    -0.00036     0.00087     0.00025
44039     0.00184     0.00053     0.00068
44069     0.00399    -0.00054     0.00095
44100     0.00419    -0.00131     0.00095
44131     0.00375    -0.00131     0.00078
44161     0.00255    -0.00107     0.00036
44192     0.00053    -0.00055     0.00010
44222    -0.00117    -0.00004     0.00020
44253    -0.00206     0.00057     0.00020
44284    -0.00305     0.00066     0.00003
44313    -0.00292     0.00057    -0.00002
44344    -0.00186     0.00077     0.00014
44374     0.00045     0.00069     0.00041
44405     0.00229     0.00014     0.00063
44435     0.00341    -0.00088     0.00081
44466     0.00373    -0.00167     0.00086
44497     0.00307    -0.00170     0.00069
44527     0.00189    -0.00114     0.00029
44558     0.00022    -0.00058    -0.00003
44588    -0.00107    -0.00011    -0.00003
44619    -0.00215     0.00009     0.00017
44650    -0.00248     0.00039     0.00035
44678    -0.00308     0.00049     0.00038
44709    -0.00187     0.00049     0.00054
44739    -0.00048     0.00063     0.00073
44770     0.00176     0.00051     0.00078
44800     0.00353    -0.00048     0.00082
44831     0.00442    -0.00139     0.00085
44862     0.00408    -0.00158     0.00074
44892     0.00165    -0.00141    -0.00000
44923     0.00042    -0.00097    -0.00037
44953    -0.00121    -0.00016    -0.00057
44984    -0.00338     0.00039    -0.00071
45015    -0.00372     0.00047    -0.00070
45043    -0.00370     0.00045    -0.00067
45074    -0.00217     0.00083    -0.00030
45104    -0.00026     0.00075     0.00030
45135     0.00233     0.00085     0.00086
45165     0.00409     0.00052     0.00138
45196     0.00463    -0.00064     0.00125
45227     0.00392    -0.00114     0.00097
45257     0.00211    -0.00097     0.00061
45288     0.00007    -0.00094    -0.00000
45318    -0.00177    -0.00034    -0.00052
45349    -0.00310     0.00021    -0.00071
45380    -0.00389     0.00070    -0.00077
45408    -0.00376     0.00091    -0.00101
45439    -0.00267     0.00125    -0.00093
45469    -0.00088     0.00092    -0.00080
45500     0.00161     0.00049    -0.00014
45530     0.00420    -0.00045     0.00014
45561     0.00557    -0.00158     0.00039
45592     0.00508    -0.00212     0.00008
45622     0.00332    -0.00201    -0.00046
45653     0.00215    -0.00127    -0.00078
45683    -0.00025    -0.00047    -0.00105
45714    -0.00224    -0.00027    -0.00110
45745    -0.00282     0.00016    -0.00115
45774    -0.00240     0.00052    -0.00103
45805    -0.00161     0.00099    -0.00041
45835     0.00063     0.00102    -0.00003
45866     0.00261     0.00068     0.00005
45896     0.00491    -0.00008     0.00025
45927     0.00584    -0.00077     0.00030
45958     0.00526    -0.00096     0.00020
45988     0.00307    -0.00068    -0.00019
46019     0.00086    -0.00014    -0.00056
46049    -0.00071     0.00032    -0.00080
46080    -0.00166     0.00113    -0.00058
46111    -0.00291     0.00120    -0.00038
46139    -0.00298     0.00120    -0.00059
46170    -0.00229     0.00116    -0.00013
46200    -0.00063     0.00107     0.00015
46231     0.00141     0.00077     0.00041
46261     0.00268    -0.00007     0.00089
46292     0.00270    -0.00083     0.00084
46323     0.00238    -0.00122     0.00049
46353     0.00220    -0.00098     0.00005
46384     0.00111    -0.00039    -0.00030
46414    -0.00084     0.00014    -0.00041
46445    -0.00273     0.00038    -0.00040
46476    -0.00342     0.00081    -0.00050
46504    -0.00369     0.00100    -0.00035
46535    -0.00279     0.00104    -0.00014
46565    -0.00103     0.00103     0.00014
46596     0.00142     0.00108     0.00076
46626     0.00384    -0.00000     0.00085
46657     0.00403    -0.00107     0.00085
46688     0.00363    -0.00087     0.00077
46718     0.00293    -0.00050     0.00068
46749     0.00101    -0.00034     0.00035
46779    -0.00087     0.00010     0.00009
46810    -0.00198     0.00059    -0.00009
46841    -0.00282     0.00088    -0.00029
46869    -0.00353     0.00101    -0.00051
46900    -0.00277     0.00126    -0.00023
46930    -0.00065     0.00127     0.00012
46961     0.00075     0.00089     0.00047
46991     0.00262     0.00032     0.00061
47022     0.00296    -0.00042     0.00061
47053     0.00247    -0.00095     0.00044
47083     0.00143    -0.00103     0.00013
47114     0.00030    -0.00076    -0.00033
47144    -0.00082     0.00001    -0.00039
47175    -0.00259     0.00043    -0.00051
47206    -0.00331     0.00065    -0.00038
47235    -0.00338     0.00063    -0.00002
47266    -0.00234     0.00068     0.00020
47296    -0.00058     0.00032     0.00037
47327     0.00187     0.00008     0.00075
47357     0.00308    -0.00070     0.00087
47388     0.00320    -0.00176     0.00087
47419     0.00259    -0.00212     0.00054
47449     0.00171    -0.00180     0.00023
47480     0.00054    -0.00105     0.00003
47510    -0.00117    -0.00025    -0.00016
47541    -0.00236     0.00011    -0.00011
47572    -0.00316     0.00025    -0.00006
47600    -0.00357     0.00031    -0.00036
47631    -0.00250     0.00022    -0.00018
47661    -0.00033     0.00018     0.00029
47692     0.00253     0.00009     0.00060
47722     0.00477    -0.00060     0.00101
47753     0.00525    -0.00126     0.00131
47784     0.00490    -0.00144     0.00105
47814     0.00381    -0.00134     0.00073
47845     0.00194    -0.00082     0.00024
47875     0.00000    -0.00023     0.00035
47906    -0.00208     0.00010     0.00032
47937    -0.00384     0.00028     0.00008
47965    -0.00359     0.00041    -0.00014
47996    -0.00203     0.00042     0.00012
48026     0.00010     0.00046     0.00048
48057     0.00221     0.00011     0.00056
48087     0.00366    -0.00062     0.00077
48118     0.00495    -0.00114     0.00095
48149     0.00441    -0.00123     0.00083
48179     0.00278    -0.00114     0.00026
48210     0.00079    -0.00066    -0.00034
48240    -0.00114    -0.00011    -0.00067
48271    -0.00271     0.00013    -0.00089
48302    -0.00287     0.00005    -0.00082
48330    -0.00388     0.00023    -0.00081
48361    -0.00288     0.00054    -0.00042
48391    -0.00123     0.00093     0.00003
48422     0.00099     0.00046     0.00056
48452     0.00285    -0.00015     0.00081
48483     0.00375    -0.00104     0.00088
48514     0.00398    -0.00109     0.00062
48544     0.00247    -0.00088     0.00020
48575     0.00045    -0.00052    -0.00042
48605    -0.00097    -0.00012    -0.00087
48636    -0.00252     0.00042    -0.00100
48667    -0.00311     0.00093    -0.00110
48696    -0.00342     0.00132    -0.00127
48727    -0.00297     0.00158    -0.00095
48757    -0.00113     0.00137    -0.00049
48788     0.00149     0.00119    -0.00009
48818     0.00339     0.00049     0.00013
48849     0.00404    -0.00053     0.00030
48880     0.00311    -0.00074     0.00017
48910     0.00188    -0.00071    -0.00027
48941    -0.00048    -0.00010    -0.00062
48971    -0.00169     0.00054    -0.00066
49002    -0.00255     0.00065    -0.00067
49033    -0.00292     0.00065    -0.00060
49061    -0.00303     0.00078    -0.00057
49092    -0.00296     0.00098    -0.00046
49122    -0.00130     0.00071    -0.00024
49153     0.00064     0.00038     0.00006
49183     0.00245    -0.00013     0.00011
49214     0.00291    -0.00094     0.00013
49245     0.00259    -0.00109    -0.00011
49275     0.00079    -0.00090    -0.00051
49306    -0.00029    -0.00039    -0.00081
49336    -0.00211     0.00010    -0.00103
49367    -0.00369     0.00073    -0.00083
49398    -0.00407     0.00100    -0.00057
49426    -0.00426     0.00097    -0.00067
49457    -0.00343     0.00113    -0.00055
49487    -0.00146     0.00117    -0.00019
49518     0.00044     0.00097     0.00019
49548     0.00234    -0.00009     0.00024
49579     0.00323    -0.00099     0.00039
49610     0.00229    -0.00122     0.00011
49640     0.00112    -0.00070    -0.00010
49671    -0.00111    -0.00025    -0.00045
49701    -0.00274     0.00007    -0.00086
49732    -0.00415     0.00029    -0.00116
49763    -0.00516     0.00030    -0.00131
49791    -0.00512     0.00040    -0.00119
49822    -0.00386     0.00081    -0.00074
49852    -0.00182     0.00097    -0.00037
49883     0.00016     0.00075    -0.00018
49913     0.00222    -0.00015    -0.00002
49944     0.00330    -0.00123     0.00003
49975     0.00241    -0.00156    -0.00021
50005     0.00065    -0.00136    -0.00045
50036    -0.00078    -0.00072    -0.00085
50066    -0.00201     0.00008    -0.00082
50097    -0.00364     0.00050    -0.00091
50128    -0.00474     0.00069    -0.00105
50157    -0.00526     0.00064    -0.00108
50188    -0.00441     0.00072    -0.00077
50218    -0.00257     0.00116    -0.00026
50249    -0.00028     0.00119     0.00062
50279     0.00155     0.00143     0.00120
50310     0.00301     0.00148     0.00166
50341     0.00302     0.00159     0.00185
50371     0.00188     0.00161     0.00160
50402     0.00056     0.00171     0.00129
50432    -0.00104     0.00165     0.00090
50463    -0.00235     0.00156     0.00071
50494    -0.00426     0.00141     0.00031
50522    -0.00473     0.00133     0.00029
50553    -0.00395     0.00107     0.00072
50583    -0.00288     0.00082     0.00078
50614    -0.00106     0.00075     0.00072
50644     0.00045     0.00012     0.00046
50675     0.00149    -0.00060     0.00015
50706     0.00115    -0.00088    -0.00028
50736    -0.00057    -0.00079    -0.00067
50767    -0.00267    -0.00070    -0.00106
50797    -0.00426    -0.00051    -0.00115
50828    -0.00502    -0.00028    -0.00129
50859    -0.00530     0.00008    -0.00145
50887    -0.00576     0.00039    -0.00168
50918    -0.00513     0.00063    -0.00162
50948    -0.00282     0.00062    -0.00148
50979    -0.00063     0.00052    -0.00125
51009     0.00066    -0.00057    -0.00116
51040     0.00111    -0.00161    -0.00083
51071     0.00069    -0.00195    -0.00092
51101    -0.00069    -0.00161    -0.00145
51132    -0.00224    -0.00085    -0.00188
51162    -0.00304    -0.00019    -0.00186
51193    -0.00415     0.00031    -0.00182
51224    -0.00447     0.00066    -0.00161
51252    -0.00445     0.00075    -0.00136
51283    -0.00318     0.00085    -0.00099
51313    -0.00146     0.00085    -0.00081
51344     0.00048     0.00051    -0.00068
51374     0.00238     0.00007    -0.00033
51405     0.00317    -0.00091    -0.00011
51436     0.00285    -0.00119    -0.00014
51466     0.00148    -0.00116    -0.00041
51497     0.00037    -0.00088    -0.00056
51527    -0.00140    -0.00035    -0.00051
51558    -0.00225     0.00040     0.00028
51589    -0.00282     0.00073     0.00067
51618    -0.00288     0.00079     0.00078
51649    -0.00254     0.00078     0.00094
51679    -0.00086     0.00014     0.00079
51710     0.00090    -0.00032     0.00051
51740     0.00252    -0.00058     0.00055
51771     0.00289    -0.00112     0.00039
51802     0.00235    -0.00120     0.00028
51832     0.00135    -0.00116    -0.00009
51863     0.00026    -0.00059    -0.00012
51893    -0.00046    -0.00037     0.00024
51924    -0.00109     0.00019     0.00005
51955    -0.00185     0.00031    -0.00039
51983    -0.00217     0.00059    -0.00043
52014    -0.00193     0.00061    -0.00019
52044    -0.00023     0.00054    -0.00005
52075     0.00175     0.00026     0.00017
52105     0.00331    -0.00044     0.00030
52136     0.00404    -0.00129     0.00027
52167     0.00361    -0.00127     0.00010
52197     0.00217    -0.00132    -0.00025
52228     0.00085    -0.00119    -0.00033
52258    -0.00028    -0.00043    -0.00033
52289    -0.00115     0.00007    -0.00008
52320    -0.00223     0.00034    -0.00016
52348    -0.00237     0.00054    -0.00026
52379    -0.00131     0.00096    -0.00005
52409     0.00016     0.00090    -0.00007
52440     0.00202     0.00069     0.00008
52470     0.00359    -0.00006     0.00021
52501     0.00389    -0.00087     0.00022
52532     0.00362    -0.00119     0.00012
52562     0.00212    -0.00103    -0.00017
52593    -0.00012    -0.00056    -0.00035
52623    -0.00094    -0.00004    -0.00038
52654    -0.00186     0.00043    -0.00016
52685    -0.00222     0.00079     0.00001
52713    -0.00185     0.00106     0.00015
52744    -0.00078     0.00122     0.00052
52774     0.00026     0.00123     0.00053
52805     0.00214     0.00109     0.00074
52835     0.00405     0.00010     0.00081
52866     0.00492    -0.00082     0.00082
52897     0.00476    -0.00124     0.00058
52927     0.00372    -0.00106     0.00017
52958     0.00196    -0.00056    -0.00017
52988     0.00016    -0.00018    -0.00031
53019    -0.00138     0.00039    -0.00015
53050    -0.00201     0.00082     0.00009
53079    -0.00204     0.00107     0.00021
53110    -0.00194     0.00103     0.00053
53140    -0.00064     0.00109     0.00047
53171     0.00139     0.00074     0.00046
53201     0.00276     0.00011     0.00059
53232     0.00299    -0.00086     0.00044
53263     0.00237    -0.00123     0.00000
53293     0.00120    -0.00103    -0.00029
53324    -0.00003    -0.00030    -0.00039
53354    -0.00106     0.00006    -0.00004
53385    -0.00213     0.00049     0.00007
53416    -0.00249     0.00115     0.00008
53444    -0.00283     0.00154     0.00016
53475    -0.00237     0.00159     0.00017
53505    -0.00142     0.00143     0.00037
53536     0.00052     0.00112     0.00056
53566     0.00294     0.00015     0.00049
53597     0.00374    -0.00075     0.00028
53628     0.00356    -0.00127     0.00002
53658     0.00255    -0.00113    -0.00037
53689     0.00113    -0.00078    -0.00068
53719     0.00021     0.00036    -0.00038
53750    -0.00049     0.00104    -0.00009
53781    -0.00102     0.00131     0.00006
53809    -0.00154     0.00139     0.00029
53840    -0.00129     0.00136     0.00059
53870     0.00005     0.00113     0.00054
53901     0.00192     0.00069     0.00049
53931     0.00427    -0.00029     0.00055
53962     0.00480    -0.00103     0.00067
53993     0.00387    -0.00127     0.00033
54023     0.00240    -0.00085     0.00013
54054     0.00064    -0.00024     0.00024
54084    -0.00054     0.00023     0.00023
54115    -0.00121     0.00073     0.00027
54146    -0.00173     0.00092     0.00034
54174    -0.00205     0.00121     0.00021
54205    -0.00085     0.00155     0.00045
54235     0.00030     0.00128     0.00064
54266     0.00175     0.00061     0.00055
54296     0.00247    -0.00046     0.00041
54327     0.00255    -0.00140     0.00056
54358     0.00214    -0.00180     0.00036
54388     0.00144    -0.00154     0.00009
54419     0.00035    -0.00115     0.00036
54449    -0.00101    -0.00044     0.00041
54480    -0.00188     0.00016     0.00066
54511    -0.00225     0.00063     0.00072
54540    -0.00275     0.00119     0.00066
54571    -0.00243     0.00128     0.00060
54601    -0.00066     0.00125     0.00062
54632     0.00141     0.00074     0.00057
54662     0.00248    -0.00022     0.00057
54693     0.00241    -0.00122     0.00048
54724     0.00171    -0.00148     0.00015
54754     0.00042    -0.00137    -0.00018
54785    -0.00047    -0.00119    -0.00050
54815    -0.00149    -0.00031    -0.00038
54846    -0.00213     0.00021    -0.00028
54877    -0.00282     0.00044    -0.00003
54905    -0.00322     0.00073     0.00005
54936    -0.00262     0.00092     0.00014
54966    -0.00125     0.00075     0.00015
54997     0.00094     0.00057     0.00034
55027     0.00238    -0.00021     0.00040
55058     0.00243    -0.00115     0.00042
55089     0.00194    -0.00164     0.00032
55119     0.00126    -0.00135     0.00002
55150    -0.00067    -0.00080     0.00006
55180    -0.00157    -0.00013     0.00023
55211    -0.00259     0.00017     0.00027
55242    -0.00323     0.00049    -0.00002
55270    -0.00341     0.00058     0.00017
55301    -0.00273     0.00065     0.00027
55331    -0.00116     0.00063     0.00038
55362     0.00078     0.00041     0.00043
55392     0.00255    -0.00052     0.00053
55423     0.00298    -0.00164     0.00048
55454     0.00212    -0.00223    -0.00002
55484     0.00081    -0.00218    -0.00056
55515    -0.00086    -0.00153    -0.00078
55545    -0.00184    -0.00078    -0.00082
55576    -0.00310    -0.00010    -0.00068
55607    -0.00380     0.00028    -0.00056
55635    -0.00344     0.00074    -0.00038
55666    -0.00247     0.00105    -0.00022
55696    -0.00075     0.00095    -0.00004
55727     0.00090     0.00025     0.00003
55757     0.00251    -0.00049    -0.00002
55788     0.00286    -0.00137    -0.00004
55819     0.00214    -0.00195    -0.00020
55849     0.00119    -0.00181    -0.00008
55880     0.00049    -0.00133    -0.00003
55910    -0.00078    -0.00071    -0.00012
55941    -0.00181    -0.00009    -0.00003
55972    -0.00206     0.00035    -0.00002
56001    -0.00170     0.00061    -0.00006
56032    -0.00119     0.00090     0.00005
56062    -0.00052     0.00084     0.00005
56093     0.00116     0.00050     0.00019
56123     0.00221    -0.00054     0.00031
56154     0.00273    -0.00166     0.00028
56185     0.00215    -0.00245     0.00003
56215     0.00078    -0.00198    -0.00017
56246    -0.00064    -0.00162    -0.00029
56276    -0.00185    -0.00103    -0.00031
56307    -0.00261    -0.00035    -0.00023
56338    -0.00329     0.00014    -0.00021
56366    -0.00318     0.00058    -0.00021
56397    -0.00262     0.00072     0.00011
56427    -0.00109     0.00066     0.00033
56458     0.00093     0.00062     0.00019
56488     0.00332    -0.00027     0.00021
56519     0.00431    -0.00120     0.00016
56550     0.00434    -0.00143     0.00001
56580     0.00337    -0.00125    -0.00025
56611     0.00225    -0.00052    -0.00026
56641     0.00145     0.00001    -0.00009
56672     0.00045     0.00034     0.00017
56703    -0.00020     0.00069     0.00031
56731    -0.00013     0.00116     0.00064
56762     0.00069     0.00132     0.00083
56792     0.00122     0.00129     0.00091
56823     0.00254     0.00105     0.00085
56853     0.00403     0.00035     0.00077
56884     0.00416    -0.00078     0.00075
56915     0.00376    -0.00120     0.00046
56945     0.00235    -0.00106     0.00019
56976     0.00061    -0.00059    -0.00007
57006    -0.00045     0.00018    -0.00020
57037    -0.00149     0.00049    -0.00035
57068    -0.00216     0.00106    -0.00041
57096    -0.00226     0.00136    -0.00038
57127    -0.00158     0.00141    -0.00015
57157    -0.00036     0.00152     0.00005
57188     0.00171     0.00124     0.00028
57218     0.00335     0.00060     0.00059
57249     0.00367    -0.00047     0.00050
57280     0.00328    -0.00093     0.00016
57310     0.00233    -0.00091    -0.00026
57341     0.00064    -0.00082    -0.00071
57371    -0.00126    -0.00070    -0.00103
57402    -0.00229    -0.00019    -0.00087
57433    -0.00305     0.00048    -0.00075
57462    -0.00318     0.00110    -0.00051
57493    -0.00267     0.00118    -0.00021
57523    -0.00126     0.00101    -0.00007
57554     0.00059     0.00063    -0.00001
