# Hydrology loading displacements computed from the monthly GLDAS NOAH model
# This is a product of the Hydrology loading service: http://lacerta.gsfc.nasa.gov/hydlo/
# Displacements are with respect to the center of mass of the total earth
#
# Created for VieVS on 17.03.2017 at 11:46:08 local time
# OFFSET + TREND REMOVED!!! - Hana 
# mjd up (meters) eastwest (meters) northsouth (meters)
43888    -0.00431    -0.00094    -0.00007
43919    -0.00488    -0.00132    -0.00070
43947    -0.00456    -0.00112    -0.00051
43978    -0.00461    -0.00098    -0.00007
44008    -0.00274    -0.00032     0.00078
44039    -0.00082     0.00004     0.00186
44069     0.00213     0.00042     0.00183
44100     0.00297     0.00040     0.00158
44131     0.00191     0.00057     0.00150
44161     0.00089     0.00091     0.00132
44192    -0.00068     0.00045     0.00106
44222    -0.00161    -0.00023     0.00057
44253    -0.00259    -0.00065     0.00030
44284    -0.00303    -0.00076    -0.00015
44313    -0.00404    -0.00080    -0.00043
44344    -0.00365    -0.00057     0.00007
44374    -0.00087    -0.00005     0.00084
44405     0.00136     0.00051     0.00149
44435     0.00435     0.00087     0.00139
44466     0.00647     0.00082     0.00104
44497     0.00689     0.00085     0.00078
44527     0.00502     0.00090     0.00076
44558     0.00309     0.00061     0.00036
44588     0.00160     0.00010     0.00013
44619     0.00210    -0.00029    -0.00008
44650    -0.00062    -0.00064    -0.00028
44678    -0.00118    -0.00091    -0.00054
44709    -0.00078    -0.00075    -0.00025
44739     0.00087    -0.00050     0.00058
44770     0.00060     0.00015     0.00183
44800     0.00350     0.00038     0.00163
44831     0.00504     0.00056     0.00113
44862     0.00494     0.00059     0.00090
44892     0.00530     0.00072     0.00048
44923     0.00359     0.00065     0.00019
44953     0.00142     0.00034    -0.00007
44984    -0.00362    -0.00019    -0.00058
45015    -0.00504    -0.00055    -0.00095
45043    -0.00391    -0.00052    -0.00109
45074    -0.00312    -0.00038    -0.00048
45104    -0.00155    -0.00032     0.00032
45135    -0.00009     0.00014     0.00177
45165     0.00162     0.00041     0.00254
45196     0.00220     0.00049     0.00182
45227     0.00331     0.00071     0.00144
45257     0.00272     0.00051     0.00114
45288     0.00143     0.00030     0.00037
45318    -0.00410    -0.00046    -0.00017
45349    -0.00422    -0.00050    -0.00081
45380    -0.00550    -0.00071    -0.00121
45408    -0.00543    -0.00034    -0.00132
45439    -0.00560     0.00006    -0.00045
45469    -0.00305     0.00040     0.00055
45500    -0.00024     0.00065     0.00158
45530     0.00284     0.00113     0.00159
45561     0.00671     0.00119     0.00083
45592     0.00731     0.00146     0.00014
45622     0.00654     0.00163    -0.00015
45653     0.00340     0.00142     0.00000
45683    -0.00378     0.00071    -0.00009
45714    -0.00444     0.00035    -0.00067
45745    -0.00420     0.00031    -0.00084
45774    -0.00465     0.00030    -0.00063
45805    -0.00414     0.00009     0.00020
45835    -0.00260     0.00038     0.00130
45866     0.00063     0.00104     0.00176
45896     0.00250     0.00183     0.00193
45927     0.00172     0.00209     0.00149
45958     0.00403     0.00201     0.00105
45988     0.00423     0.00153     0.00085
46019     0.00104     0.00077     0.00096
46049    -0.00169     0.00026     0.00068
46080    -0.00324    -0.00040     0.00048
46111    -0.00529    -0.00096    -0.00019
46139    -0.00382    -0.00082    -0.00050
46170    -0.00151    -0.00078     0.00008
46200    -0.00037    -0.00046     0.00062
46231     0.00205     0.00026     0.00157
46261     0.00352     0.00041     0.00160
46292     0.00289     0.00047     0.00130
46323     0.00347     0.00076     0.00088
46353     0.00251     0.00084     0.00068
46384    -0.00107     0.00067     0.00050
46414    -0.00349     0.00010     0.00013
46445    -0.00260    -0.00046    -0.00064
46476    -0.00369    -0.00071    -0.00093
46504    -0.00326    -0.00086    -0.00098
46535    -0.00043    -0.00070    -0.00051
46565     0.00252    -0.00027     0.00044
46596     0.00347    -0.00008     0.00179
46626     0.00681     0.00049     0.00176
46657     0.00883     0.00093     0.00132
46688     0.00794     0.00087     0.00119
46718     0.00619     0.00054     0.00120
46749     0.00337     0.00007     0.00080
46779    -0.00152    -0.00038     0.00037
46810    -0.00370    -0.00048    -0.00008
46841    -0.00449    -0.00056    -0.00047
46869    -0.00489    -0.00070    -0.00082
46900    -0.00295    -0.00041    -0.00029
46930     0.00046     0.00015     0.00037
46961     0.00146     0.00020     0.00086
46991     0.00224     0.00077     0.00134
47022     0.00486     0.00086     0.00088
47053     0.00615     0.00099     0.00033
47083     0.00744     0.00097    -0.00005
47114     0.00696     0.00088    -0.00034
47144     0.00413     0.00023    -0.00039
47175     0.00017    -0.00038    -0.00064
47206    -0.00181    -0.00074    -0.00096
47235    -0.00203    -0.00110    -0.00112
47266    -0.00131    -0.00079    -0.00052
47296     0.00185    -0.00016    -0.00014
47327     0.00604     0.00043     0.00055
47357     0.00821     0.00049     0.00033
47388     0.00878     0.00041    -0.00030
47419     0.00667     0.00053    -0.00094
47449     0.00512     0.00056    -0.00086
47480     0.00272     0.00023    -0.00072
47510     0.00050    -0.00033    -0.00095
47541    -0.00167    -0.00097    -0.00108
47572    -0.00179    -0.00118    -0.00132
47600    -0.00328    -0.00090    -0.00154
47631    -0.00225    -0.00054    -0.00113
47661    -0.00073    -0.00014    -0.00023
47692    -0.00107     0.00021     0.00101
47722    -0.00085     0.00041     0.00136
47753     0.00203     0.00053     0.00119
47784     0.00180     0.00071     0.00102
47814     0.00050     0.00079     0.00057
47845    -0.00033     0.00066     0.00010
47875    -0.00180    -0.00014    -0.00049
47906    -0.00332    -0.00083    -0.00088
47937    -0.00458    -0.00132    -0.00117
47965    -0.00407    -0.00100    -0.00142
47996    -0.00248    -0.00075    -0.00094
48026    -0.00068    -0.00057     0.00016
48057     0.00167     0.00007     0.00099
48087     0.00526     0.00043     0.00104
48118     0.00690     0.00077     0.00101
48149     0.00833     0.00102     0.00073
48179     0.00703     0.00126     0.00041
48210     0.00496     0.00114    -0.00004
48240     0.00230     0.00045    -0.00042
48271    -0.00172    -0.00013    -0.00094
48302    -0.00385    -0.00043    -0.00161
48330    -0.00420    -0.00067    -0.00196
48361    -0.00375    -0.00077    -0.00134
48391    -0.00427    -0.00078    -0.00045
48422    -0.00149    -0.00026     0.00045
48452     0.00030     0.00039     0.00073
48483     0.00263     0.00084     0.00033
48514     0.00295     0.00098     0.00018
48544     0.00348     0.00101    -0.00009
48575     0.00247     0.00071    -0.00029
48605    -0.00138     0.00006    -0.00034
48636    -0.00372    -0.00023    -0.00085
48667    -0.00470    -0.00036    -0.00132
48696    -0.00503    -0.00012    -0.00124
48727    -0.00361    -0.00011    -0.00076
48757    -0.00037     0.00038     0.00020
48788     0.00031     0.00065     0.00117
48818     0.00179     0.00094     0.00141
48849     0.00189     0.00093     0.00099
48880     0.00142     0.00094     0.00079
48910     0.00149     0.00115     0.00031
48941    -0.00200     0.00063    -0.00020
48971    -0.00390     0.00015    -0.00026
49002    -0.00508    -0.00027    -0.00064
49033    -0.00428    -0.00056    -0.00120
49061    -0.00531    -0.00061    -0.00137
49092    -0.00451    -0.00056    -0.00092
49122    -0.00164    -0.00039    -0.00025
49153     0.00117     0.00007     0.00067
49183     0.00298     0.00031     0.00065
49214     0.00508     0.00041     0.00012
49245     0.00578     0.00042    -0.00037
49275     0.00618     0.00051    -0.00056
49306     0.00299     0.00035    -0.00092
49336     0.00029    -0.00004    -0.00095
49367    -0.00258    -0.00065    -0.00121
49398    -0.00498    -0.00107    -0.00130
49426    -0.00537    -0.00084    -0.00144
49457    -0.00443    -0.00066    -0.00090
49487    -0.00305    -0.00054    -0.00019
49518    -0.00198    -0.00027     0.00042
49548    -0.00263     0.00013     0.00023
49579    -0.00152     0.00021    -0.00010
49610    -0.00054     0.00028    -0.00063
49640    -0.00140     0.00015    -0.00093
49671    -0.00230    -0.00042    -0.00128
49701    -0.00400    -0.00079    -0.00177
49732    -0.00458    -0.00101    -0.00226
49763    -0.00507    -0.00106    -0.00277
49791    -0.00491    -0.00125    -0.00292
49822    -0.00296    -0.00122    -0.00216
49852    -0.00247    -0.00110    -0.00092
49883    -0.00131    -0.00048    -0.00005
49913     0.00114     0.00007    -0.00004
49944     0.00259     0.00011    -0.00077
49975     0.00331     0.00034    -0.00128
50005     0.00134     0.00032    -0.00135
50036    -0.00155     0.00010    -0.00151
50066    -0.00283    -0.00050    -0.00167
50097    -0.00391    -0.00123    -0.00221
50128    -0.00467    -0.00160    -0.00286
50157    -0.00390    -0.00170    -0.00316
50188    -0.00288    -0.00158    -0.00270
50218    -0.00147    -0.00101    -0.00110
50249     0.00021    -0.00072     0.00050
50279     0.00293    -0.00020     0.00176
50310     0.00423     0.00009     0.00254
50341     0.00472    -0.00006     0.00270
50371     0.00455    -0.00021     0.00227
50402     0.00340    -0.00058     0.00179
50432     0.00120    -0.00100     0.00099
50463    -0.00182    -0.00143     0.00018
50494    -0.00442    -0.00161    -0.00071
50522    -0.00467    -0.00197    -0.00120
50553    -0.00459    -0.00232    -0.00119
50583    -0.00443    -0.00232    -0.00083
50614    -0.00403    -0.00166    -0.00003
50644    -0.00233    -0.00077    -0.00000
50675    -0.00011    -0.00018    -0.00029
50706    -0.00003     0.00006    -0.00074
50736    -0.00225    -0.00036    -0.00148
50767    -0.00452    -0.00110    -0.00240
50797    -0.00561    -0.00188    -0.00305
50828    -0.00641    -0.00226    -0.00345
50859    -0.00669    -0.00197    -0.00373
50887    -0.00672    -0.00184    -0.00389
50918    -0.00561    -0.00137    -0.00324
50948    -0.00400    -0.00062    -0.00211
50979    -0.00202     0.00010    -0.00092
51009    -0.00030     0.00038    -0.00102
51040     0.00091     0.00021    -0.00149
51071     0.00202     0.00015    -0.00230
51101     0.00059    -0.00000    -0.00285
51132    -0.00006    -0.00025    -0.00294
51162    -0.00203    -0.00069    -0.00287
51193    -0.00482    -0.00106    -0.00278
51224    -0.00577    -0.00111    -0.00278
51252    -0.00459    -0.00124    -0.00264
51283    -0.00295    -0.00106    -0.00192
51313    -0.00185    -0.00080    -0.00103
51344    -0.00050    -0.00013    -0.00034
51374     0.00029     0.00016    -0.00011
51405     0.00372     0.00024    -0.00068
51436     0.00557     0.00047    -0.00106
51466     0.00420     0.00070    -0.00125
51497     0.00315     0.00056    -0.00129
51527     0.00173     0.00004    -0.00124
51558     0.00036    -0.00112    -0.00092
51589    -0.00030    -0.00160    -0.00080
51618    -0.00106    -0.00187    -0.00075
51649    -0.00214    -0.00207    -0.00046
51679     0.00044    -0.00141    -0.00024
51710     0.00161    -0.00052     0.00025
51740     0.00028     0.00041     0.00082
51771     0.00007     0.00094     0.00059
51802     0.00047     0.00119     0.00013
51832     0.00180     0.00085    -0.00049
51863     0.00099     0.00002    -0.00057
51893    -0.00081    -0.00068    -0.00054
51924    -0.00266    -0.00091    -0.00069
51955    -0.00344    -0.00087    -0.00076
51983    -0.00502    -0.00094    -0.00090
52014    -0.00343    -0.00083    -0.00066
52044     0.00072    -0.00018    -0.00002
52075     0.00072     0.00038     0.00048
52105     0.00278     0.00106     0.00057
52136     0.00410     0.00134     0.00029
52167     0.00397     0.00121     0.00007
52197     0.00463     0.00107    -0.00016
52228     0.00524     0.00067    -0.00046
52258     0.00182    -0.00021    -0.00017
52289     0.00005    -0.00076    -0.00021
52320    -0.00147    -0.00077    -0.00025
52348    -0.00187    -0.00060    -0.00039
52379    -0.00184    -0.00050     0.00009
52409    -0.00027     0.00016     0.00102
52440     0.00262     0.00095     0.00168
52470     0.00426     0.00132     0.00158
52501     0.00615     0.00128     0.00119
52532     0.00637     0.00129     0.00073
52562     0.00269     0.00070     0.00035
52593    -0.00083     0.00026     0.00009
52623    -0.00260     0.00002     0.00016
52654    -0.00314    -0.00042     0.00016
52685    -0.00378    -0.00069     0.00027
52713    -0.00488    -0.00055     0.00030
52744    -0.00389    -0.00045     0.00065
52774    -0.00430     0.00001     0.00144
52805    -0.00359     0.00065     0.00191
52835    -0.00193     0.00108     0.00177
52866    -0.00114     0.00136     0.00137
52897     0.00065     0.00125     0.00083
52927     0.00121     0.00127     0.00049
52958     0.00025     0.00112     0.00026
52988    -0.00205     0.00062     0.00025
53019    -0.00282    -0.00003     0.00028
53050    -0.00428    -0.00054     0.00027
53079    -0.00359    -0.00069     0.00026
53110    -0.00157    -0.00082     0.00049
53140    -0.00077    -0.00045     0.00095
53171    -0.00054     0.00016     0.00141
53201    -0.00030     0.00054     0.00157
53232     0.00138     0.00091     0.00105
53263     0.00024     0.00141     0.00048
53293    -0.00027     0.00139     0.00014
53324    -0.00300     0.00056     0.00025
53354    -0.00500    -0.00040     0.00019
53385    -0.00460    -0.00076     0.00005
53416    -0.00551    -0.00100    -0.00008
53444    -0.00579    -0.00100    -0.00015
53475    -0.00572    -0.00075     0.00008
53505    -0.00258    -0.00038     0.00038
53536    -0.00114     0.00034     0.00090
53566    -0.00055     0.00113     0.00103
53597     0.00041     0.00148     0.00053
53628     0.00280     0.00153     0.00023
53658     0.00322     0.00161     0.00010
53689     0.00345     0.00164     0.00003
53719     0.00021     0.00110     0.00044
53750    -0.00195     0.00055     0.00076
53781    -0.00380     0.00000     0.00072
53809    -0.00350    -0.00051     0.00065
53840    -0.00180    -0.00066     0.00103
53870    -0.00033    -0.00030     0.00134
53901     0.00317     0.00067     0.00160
53931     0.00597     0.00153     0.00179
53962     0.00753     0.00150     0.00136
53993     0.00727     0.00156     0.00087
54023     0.00634     0.00131     0.00101
54054     0.00369     0.00062     0.00096
54084     0.00220     0.00019     0.00088
54115    -0.00126    -0.00026     0.00089
54146    -0.00180    -0.00063     0.00060
54174    -0.00175    -0.00045     0.00071
54205    -0.00106    -0.00036     0.00117
54235     0.00164    -0.00022     0.00142
54266     0.00524     0.00041     0.00140
54296     0.00686     0.00061     0.00095
54327     0.00936     0.00053     0.00032
54358     0.00916     0.00050    -0.00046
54388     0.00833     0.00053    -0.00065
54419     0.00695     0.00006    -0.00061
54449     0.00463    -0.00045    -0.00047
54480     0.00178    -0.00085    -0.00030
54511    -0.00091    -0.00107    -0.00017
54540    -0.00359    -0.00112     0.00015
54571    -0.00379    -0.00106     0.00043
54601    -0.00159    -0.00055     0.00104
54632     0.00128     0.00002     0.00137
54662     0.00417     0.00053     0.00105
54693     0.00529     0.00043     0.00019
54724     0.00436     0.00024    -0.00062
54754     0.00512     0.00039    -0.00096
54785     0.00466     0.00044    -0.00127
54815    -0.00004     0.00003    -0.00099
54846    -0.00306    -0.00035    -0.00061
54877    -0.00262    -0.00082    -0.00067
54905    -0.00396    -0.00086    -0.00066
54936    -0.00463    -0.00070    -0.00043
54966    -0.00379    -0.00037     0.00030
54997    -0.00119     0.00049     0.00087
55027     0.00229     0.00093     0.00079
55058     0.00312     0.00080     0.00045
55089     0.00253     0.00070    -0.00007
55119    -0.00159     0.00053    -0.00002
55150    -0.00312    -0.00015    -0.00009
55180    -0.00485    -0.00061    -0.00021
55211    -0.00469    -0.00115    -0.00035
55242    -0.00574    -0.00116    -0.00051
55270    -0.00461    -0.00136    -0.00058
55301    -0.00238    -0.00108    -0.00024
55331    -0.00207    -0.00061     0.00030
55362    -0.00018     0.00006     0.00062
55392     0.00272     0.00046     0.00062
55423     0.00547     0.00062     0.00003
55454     0.00716     0.00063    -0.00089
55484     0.00807     0.00095    -0.00135
55515     0.00633     0.00067    -0.00139
55545     0.00323     0.00026    -0.00125
55576     0.00107    -0.00026    -0.00110
55607    -0.00085    -0.00047    -0.00116
55635    -0.00324    -0.00063    -0.00077
55666    -0.00391    -0.00038    -0.00012
55696    -0.00180    -0.00017     0.00073
55727     0.00275     0.00057     0.00110
55757     0.00450     0.00116     0.00089
55788     0.00692     0.00129     0.00024
55819     0.00694     0.00121    -0.00029
55849     0.00688     0.00091    -0.00045
55880     0.00588     0.00055    -0.00030
55910     0.00149     0.00018     0.00014
55941    -0.00123    -0.00029     0.00006
55972    -0.00287    -0.00059    -0.00006
56001    -0.00317    -0.00042    -0.00005
56032    -0.00191    -0.00033     0.00014
56062     0.00001     0.00013     0.00042
56093     0.00286     0.00077     0.00080
56123     0.00623     0.00106     0.00057
56154     0.00703     0.00116    -0.00008
56185     0.00715     0.00101    -0.00085
56215     0.00626     0.00082    -0.00086
56246     0.00617     0.00039    -0.00109
56276     0.00445    -0.00012    -0.00107
56307    -0.00013    -0.00073    -0.00070
56338    -0.00299    -0.00098    -0.00075
56366    -0.00382    -0.00079    -0.00068
56397    -0.00350    -0.00095    -0.00021
56427    -0.00306    -0.00058     0.00058
56458    -0.00167     0.00030     0.00113
56488    -0.00122     0.00116     0.00109
56519    -0.00005     0.00130     0.00072
56550     0.00204     0.00145     0.00033
56580     0.00236     0.00131     0.00022
56611     0.00174     0.00094     0.00043
56641    -0.00207     0.00038     0.00076
56672    -0.00450    -0.00009     0.00085
56703    -0.00494    -0.00043     0.00106
56731    -0.00493    -0.00061     0.00128
56762    -0.00506    -0.00055     0.00157
56792    -0.00330    -0.00037     0.00183
56823    -0.00124    -0.00003     0.00221
56853     0.00176     0.00046     0.00212
56884     0.00461     0.00067     0.00156
56915     0.00540     0.00065     0.00095
56945     0.00472     0.00047     0.00059
56976     0.00351     0.00024     0.00047
57006     0.00084     0.00007     0.00060
57037    -0.00277    -0.00021     0.00032
57068    -0.00408    -0.00034     0.00015
57096    -0.00575    -0.00059     0.00022
57127    -0.00555    -0.00064     0.00033
57157    -0.00315    -0.00038     0.00082
57188    -0.00117    -0.00001     0.00149
57218     0.00076     0.00030     0.00203
57249     0.00358     0.00052     0.00146
57280     0.00499     0.00073     0.00075
57310     0.00415     0.00107     0.00024
57341     0.00002     0.00065    -0.00029
57371    -0.00316     0.00010    -0.00053
57402    -0.00567    -0.00044    -0.00072
57433    -0.00603    -0.00057    -0.00064
57462    -0.00557    -0.00096    -0.00052
57493    -0.00474    -0.00108    -0.00046
57523    -0.00227    -0.00080    -0.00010
57554     0.00075    -0.00023     0.00024
