# Hydrology loading displacements computed from the monthly GLDAS NOAH model
# This is a product of the Hydrology loading service: http://lacerta.gsfc.nasa.gov/hydlo/
# Displacements are with respect to the center of mass of the total earth
#
# Created for VieVS on 17.03.2017 at 11:46:08 local time
# OFFSET + TREND REMOVED!!! - Hana 
# mjd up (meters) eastwest (meters) northsouth (meters)
43888    -0.00327    -0.00081    -0.00060
43919    -0.00486    -0.00140    -0.00110
43947    -0.00428    -0.00109    -0.00107
43978    -0.00413    -0.00065    -0.00043
44008    -0.00172    -0.00013     0.00082
44039     0.00138     0.00036     0.00168
44069     0.00560     0.00067     0.00162
44100     0.00715     0.00067     0.00127
44131     0.00577     0.00086     0.00101
44161     0.00374     0.00102     0.00078
44192     0.00196     0.00054     0.00042
44222     0.00042    -0.00013     0.00021
44253    -0.00066    -0.00053     0.00003
44284    -0.00119    -0.00068    -0.00026
44313    -0.00184    -0.00077    -0.00067
44344    -0.00248    -0.00053    -0.00033
44374    -0.00063     0.00012     0.00057
44405     0.00210     0.00047     0.00128
44435     0.00481     0.00063     0.00130
44466     0.00582     0.00060     0.00107
44497     0.00531     0.00060     0.00095
44527     0.00329     0.00076     0.00101
44558     0.00188     0.00052     0.00049
44588     0.00043     0.00018     0.00011
44619     0.00016    -0.00020     0.00002
44650    -0.00066    -0.00051    -0.00031
44678    -0.00156    -0.00076    -0.00066
44709    -0.00186    -0.00066    -0.00027
44739    -0.00139    -0.00027     0.00065
44770     0.00059     0.00048     0.00159
44800     0.00417     0.00071     0.00134
44831     0.00596     0.00076     0.00078
44862     0.00484     0.00056     0.00063
44892     0.00315     0.00076     0.00024
44923     0.00184     0.00072    -0.00023
44953     0.00040     0.00041    -0.00048
44984    -0.00235    -0.00018    -0.00088
45015    -0.00444    -0.00051    -0.00141
45043    -0.00380    -0.00050    -0.00153
45074    -0.00335    -0.00027    -0.00080
45104    -0.00109    -0.00012     0.00015
45135     0.00118     0.00017     0.00137
45165     0.00490     0.00044     0.00224
45196     0.00714     0.00047     0.00153
45227     0.00659     0.00063     0.00123
45257     0.00488     0.00028     0.00097
45288     0.00219     0.00003     0.00012
45318    -0.00109    -0.00044    -0.00061
45349    -0.00319    -0.00054    -0.00095
45380    -0.00503    -0.00070    -0.00124
45408    -0.00524    -0.00035    -0.00135
45439    -0.00548     0.00013    -0.00078
45469    -0.00424     0.00066     0.00007
45500    -0.00107     0.00103     0.00130
45530     0.00424     0.00141     0.00159
45561     0.00808     0.00139     0.00101
45592     0.00937     0.00146     0.00058
45622     0.00686     0.00151     0.00030
45653     0.00328     0.00149     0.00001
45683    -0.00224     0.00096    -0.00059
45714    -0.00434     0.00040    -0.00107
45745    -0.00472     0.00027    -0.00120
45774    -0.00508     0.00028    -0.00116
45805    -0.00464     0.00005    -0.00035
45835    -0.00217     0.00041     0.00066
45866     0.00076     0.00091     0.00139
45896     0.00388     0.00143     0.00145
45927     0.00574     0.00155     0.00110
45958     0.00591     0.00149     0.00092
45988     0.00506     0.00125     0.00066
46019     0.00193     0.00086     0.00050
46049    -0.00079     0.00052     0.00009
46080    -0.00374    -0.00022     0.00009
46111    -0.00468    -0.00098    -0.00038
46139    -0.00525    -0.00073    -0.00068
46170    -0.00454    -0.00062     0.00001
46200    -0.00209    -0.00014     0.00072
46231     0.00036     0.00057     0.00160
46261     0.00343     0.00064     0.00184
46292     0.00576     0.00047     0.00146
46323     0.00575     0.00059     0.00088
46353     0.00364     0.00088     0.00054
46384     0.00065     0.00051    -0.00010
46414    -0.00198    -0.00016    -0.00046
46445    -0.00314    -0.00060    -0.00075
46476    -0.00477    -0.00078    -0.00111
46504    -0.00491    -0.00093    -0.00109
46535    -0.00333    -0.00067    -0.00055
46565    -0.00172    -0.00006     0.00071
46596     0.00003     0.00050     0.00195
46626     0.00339     0.00094     0.00194
46657     0.00434     0.00106     0.00149
46688     0.00386     0.00090     0.00155
46718     0.00175     0.00045     0.00132
46749     0.00088     0.00012     0.00070
46779    -0.00192    -0.00016     0.00012
46810    -0.00363    -0.00038    -0.00026
46841    -0.00469    -0.00045    -0.00055
46869    -0.00406    -0.00053    -0.00100
46900    -0.00359    -0.00049    -0.00058
46930    -0.00096     0.00016     0.00050
46961     0.00162     0.00040     0.00115
46991     0.00442     0.00104     0.00157
47022     0.00702     0.00102     0.00149
47053     0.00697     0.00091     0.00089
47083     0.00538     0.00091     0.00059
47114     0.00344     0.00096     0.00029
47144     0.00010     0.00050     0.00012
47175    -0.00179    -0.00005    -0.00031
47206    -0.00354    -0.00050    -0.00066
47235    -0.00358    -0.00087    -0.00075
47266    -0.00263    -0.00064    -0.00033
47296    -0.00096    -0.00014     0.00017
47327     0.00349     0.00051     0.00123
47357     0.00682     0.00083     0.00134
47388     0.00754     0.00064     0.00081
47419     0.00629     0.00057     0.00027
47449     0.00456     0.00058     0.00023
47480     0.00155     0.00039     0.00003
47510     0.00040    -0.00009    -0.00033
47541    -0.00155    -0.00070    -0.00074
47572    -0.00259    -0.00099    -0.00109
47600    -0.00325    -0.00087    -0.00143
47631    -0.00236    -0.00061    -0.00125
47661    -0.00125    -0.00017    -0.00043
47692    -0.00047     0.00048     0.00064
47722     0.00360     0.00058     0.00086
47753     0.00640     0.00061     0.00072
47784     0.00633     0.00063     0.00041
47814     0.00450     0.00066     0.00001
47845     0.00139     0.00058    -0.00012
47875    -0.00050    -0.00027    -0.00025
47906    -0.00237    -0.00088    -0.00053
47937    -0.00451    -0.00115    -0.00111
47965    -0.00449    -0.00088    -0.00135
47996    -0.00388    -0.00056    -0.00091
48026    -0.00256    -0.00032     0.00001
48057     0.00021     0.00029     0.00069
48087     0.00363     0.00060     0.00093
48118     0.00543     0.00088     0.00075
48149     0.00598     0.00092     0.00060
48179     0.00287     0.00094     0.00020
48210     0.00080     0.00077    -0.00040
48240    -0.00199     0.00028    -0.00086
48271    -0.00433    -0.00015    -0.00144
48302    -0.00432    -0.00036    -0.00176
48330    -0.00511    -0.00069    -0.00201
48361    -0.00515    -0.00069    -0.00133
48391    -0.00352    -0.00049    -0.00015
48422     0.00090    -0.00012     0.00077
48452     0.00538     0.00032     0.00119
48483     0.00770     0.00058     0.00083
48514     0.00760     0.00098     0.00075
48544     0.00508     0.00108     0.00063
48575     0.00293     0.00088     0.00023
48605    -0.00025     0.00046    -0.00043
48636    -0.00234     0.00006    -0.00078
48667    -0.00406    -0.00009    -0.00087
48696    -0.00513     0.00008    -0.00098
48727    -0.00496     0.00008    -0.00063
48757    -0.00321     0.00053     0.00028
48788    -0.00049     0.00099     0.00116
48818     0.00148     0.00121     0.00144
48849     0.00308     0.00100     0.00091
48880     0.00254     0.00065     0.00076
48910     0.00169     0.00071     0.00030
48941    -0.00097     0.00030    -0.00024
48971    -0.00166     0.00001    -0.00042
49002    -0.00331    -0.00040    -0.00087
49033    -0.00446    -0.00067    -0.00137
49061    -0.00523    -0.00070    -0.00173
49092    -0.00477    -0.00063    -0.00142
49122    -0.00315    -0.00028    -0.00059
49153    -0.00112     0.00012     0.00047
49183     0.00248     0.00036     0.00062
49214     0.00493     0.00049     0.00033
49245     0.00488     0.00047     0.00002
49275     0.00237     0.00049    -0.00008
49306     0.00020     0.00038    -0.00043
49336    -0.00228     0.00002    -0.00086
49367    -0.00465    -0.00058    -0.00109
49398    -0.00581    -0.00104    -0.00138
49426    -0.00559    -0.00093    -0.00175
49457    -0.00546    -0.00072    -0.00122
49487    -0.00469    -0.00046    -0.00032
49518    -0.00242    -0.00011     0.00067
49548    -0.00028    -0.00002     0.00043
49579     0.00177    -0.00024    -0.00012
49610     0.00252    -0.00030    -0.00055
49640     0.00139    -0.00041    -0.00061
49671    -0.00061    -0.00081    -0.00098
49701    -0.00284    -0.00102    -0.00172
49732    -0.00460    -0.00123    -0.00219
49763    -0.00583    -0.00137    -0.00253
49791    -0.00598    -0.00147    -0.00269
49822    -0.00557    -0.00131    -0.00185
49852    -0.00506    -0.00108    -0.00080
49883    -0.00267    -0.00058     0.00008
49913     0.00110    -0.00025     0.00012
49944     0.00319    -0.00038    -0.00075
49975     0.00440    -0.00029    -0.00105
50005     0.00164    -0.00021    -0.00119
50036    -0.00188    -0.00037    -0.00142
50066    -0.00341    -0.00092    -0.00139
50097    -0.00419    -0.00156    -0.00188
50128    -0.00525    -0.00196    -0.00244
50157    -0.00560    -0.00203    -0.00283
50188    -0.00499    -0.00182    -0.00237
50218    -0.00428    -0.00112    -0.00082
50249    -0.00170    -0.00061     0.00085
50279     0.00184     0.00015     0.00236
50310     0.00435     0.00058     0.00311
50341     0.00595     0.00064     0.00332
50371     0.00551     0.00055     0.00299
50402     0.00345     0.00021     0.00241
50432     0.00124    -0.00023     0.00148
50463    -0.00199    -0.00086     0.00067
50494    -0.00500    -0.00142    -0.00023
50522    -0.00608    -0.00193    -0.00100
50553    -0.00532    -0.00228    -0.00117
50583    -0.00490    -0.00229    -0.00077
50614    -0.00271    -0.00165     0.00008
50644     0.00041    -0.00091     0.00012
50675     0.00267    -0.00034    -0.00024
50706     0.00185    -0.00027    -0.00078
50736     0.00004    -0.00088    -0.00152
50767    -0.00216    -0.00158    -0.00250
50797    -0.00386    -0.00233    -0.00310
50828    -0.00629    -0.00261    -0.00346
50859    -0.00724    -0.00243    -0.00359
50887    -0.00788    -0.00221    -0.00378
50918    -0.00679    -0.00192    -0.00326
50948    -0.00374    -0.00117    -0.00235
50979    -0.00148    -0.00041    -0.00135
51009     0.00025    -0.00007    -0.00162
51040     0.00313    -0.00019    -0.00182
51071     0.00374    -0.00019    -0.00205
51101     0.00184    -0.00028    -0.00242
51132     0.00018    -0.00035    -0.00246
51162    -0.00194    -0.00072    -0.00238
51193    -0.00483    -0.00110    -0.00256
51224    -0.00618    -0.00136    -0.00252
51252    -0.00618    -0.00138    -0.00244
51283    -0.00485    -0.00115    -0.00179
51313    -0.00281    -0.00069    -0.00103
51344    -0.00047    -0.00003    -0.00012
51374     0.00217     0.00013     0.00025
51405     0.00496    -0.00001    -0.00007
51436     0.00512     0.00011    -0.00042
51466     0.00205     0.00009    -0.00067
51497     0.00098    -0.00010    -0.00077
51527    -0.00080    -0.00047    -0.00070
51558    -0.00258    -0.00145    -0.00023
51589    -0.00348    -0.00186    -0.00018
51618    -0.00338    -0.00202    -0.00044
51649    -0.00419    -0.00204    -0.00048
51679    -0.00326    -0.00149    -0.00029
51710    -0.00145    -0.00073     0.00017
51740     0.00044    -0.00014     0.00045
51771     0.00142     0.00017     0.00004
51802     0.00237     0.00018    -0.00001
51832     0.00245     0.00010    -0.00036
51863     0.00134    -0.00030    -0.00037
51893    -0.00095    -0.00092    -0.00045
51924    -0.00299    -0.00094    -0.00049
51955    -0.00461    -0.00076    -0.00069
51983    -0.00539    -0.00078    -0.00071
52014    -0.00425    -0.00077    -0.00063
52044    -0.00146    -0.00023     0.00010
52075     0.00037     0.00027     0.00044
52105     0.00398     0.00094     0.00080
52136     0.00805     0.00109     0.00050
52167     0.00826     0.00108     0.00051
52197     0.00611     0.00085     0.00035
52228     0.00440     0.00042     0.00021
52258     0.00144    -0.00006     0.00028
52289    -0.00017    -0.00057     0.00023
52320    -0.00160    -0.00066     0.00014
52348    -0.00285    -0.00061     0.00010
52379    -0.00345    -0.00046     0.00031
52409    -0.00317     0.00011     0.00079
52440    -0.00140     0.00086     0.00164
52470     0.00316     0.00147     0.00170
52501     0.00685     0.00148     0.00155
52532     0.00829     0.00135     0.00116
52562     0.00585     0.00100     0.00060
52593     0.00288     0.00053     0.00023
52623     0.00049     0.00027     0.00021
52654    -0.00101    -0.00022     0.00025
52685    -0.00202    -0.00046     0.00034
52713    -0.00271    -0.00045     0.00048
52744    -0.00230    -0.00046     0.00068
52774    -0.00167     0.00004     0.00111
52805    -0.00025     0.00056     0.00148
52835     0.00317     0.00085     0.00140
52866     0.00422     0.00102     0.00091
52897     0.00563     0.00089     0.00028
52927     0.00323     0.00098     0.00012
52958    -0.00050     0.00080    -0.00006
52988    -0.00322     0.00047    -0.00006
53019    -0.00505     0.00003     0.00029
53050    -0.00581    -0.00041     0.00049
53079    -0.00611    -0.00056     0.00057
53110    -0.00564    -0.00076     0.00061
53140    -0.00462    -0.00045     0.00095
53171    -0.00219     0.00011     0.00113
53201     0.00055     0.00044     0.00127
53232     0.00260     0.00057     0.00061
53263     0.00219     0.00084     0.00005
53293     0.00190     0.00073    -0.00026
53324    -0.00029     0.00025    -0.00026
53354    -0.00333    -0.00050    -0.00035
53385    -0.00530    -0.00094    -0.00030
53416    -0.00622    -0.00107    -0.00018
53444    -0.00692    -0.00111    -0.00008
53475    -0.00622    -0.00083     0.00006
53505    -0.00455    -0.00051     0.00054
53536    -0.00169     0.00015     0.00118
53566     0.00236     0.00084     0.00100
53597     0.00590     0.00113     0.00053
53628     0.00593     0.00140     0.00023
53658     0.00348     0.00164     0.00024
53689     0.00146     0.00159     0.00021
53719    -0.00143     0.00101     0.00072
53750    -0.00433     0.00058     0.00109
53781    -0.00683     0.00016     0.00126
53809    -0.00687    -0.00028     0.00133
53840    -0.00544    -0.00045     0.00133
53870    -0.00379    -0.00001     0.00141
53901    -0.00063     0.00075     0.00144
53931     0.00239     0.00140     0.00138
53962     0.00476     0.00136     0.00121
53993     0.00497     0.00127     0.00064
54023     0.00208     0.00116     0.00083
54054    -0.00049     0.00055     0.00068
54084    -0.00182     0.00000     0.00061
54115    -0.00334    -0.00028     0.00057
54146    -0.00345    -0.00058     0.00047
54174    -0.00399    -0.00045     0.00050
54205    -0.00441    -0.00029     0.00085
54235    -0.00246    -0.00004     0.00114
54266     0.00069     0.00056     0.00155
54296     0.00397     0.00096     0.00139
54327     0.00727     0.00079     0.00089
54358     0.00804     0.00061     0.00051
54388     0.00679     0.00062     0.00040
54419     0.00464     0.00022     0.00039
54449     0.00134    -0.00017     0.00036
54480    -0.00166    -0.00068     0.00058
54511    -0.00385    -0.00089     0.00054
54540    -0.00559    -0.00080     0.00057
54571    -0.00501    -0.00076     0.00050
54601    -0.00315    -0.00042     0.00100
54632    -0.00050     0.00004     0.00134
54662     0.00233     0.00040     0.00128
54693     0.00419     0.00050     0.00074
54724     0.00528     0.00034     0.00012
54754     0.00449     0.00040    -0.00012
54785     0.00266     0.00041    -0.00047
54815    -0.00056     0.00005    -0.00034
54846    -0.00308    -0.00035    -0.00037
54877    -0.00379    -0.00086    -0.00039
54905    -0.00445    -0.00101    -0.00043
54936    -0.00469    -0.00092    -0.00030
54966    -0.00326    -0.00050     0.00017
54997    -0.00044     0.00014     0.00075
55027     0.00228     0.00062     0.00083
55058     0.00393     0.00055     0.00055
55089     0.00587     0.00043     0.00017
55119     0.00384     0.00040    -0.00019
55150     0.00146    -0.00030    -0.00026
55180    -0.00066    -0.00079    -0.00025
55211    -0.00200    -0.00126    -0.00036
55242    -0.00312    -0.00120    -0.00058
55270    -0.00307    -0.00135    -0.00067
55301    -0.00243    -0.00107    -0.00035
55331    -0.00075    -0.00077    -0.00001
55362     0.00189    -0.00029     0.00020
55392     0.00479     0.00019     0.00033
55423     0.00746     0.00024    -0.00006
55454     0.00770     0.00029    -0.00054
55484     0.00564     0.00072    -0.00092
55515     0.00374     0.00060    -0.00096
55545     0.00044     0.00020    -0.00106
55576    -0.00113    -0.00029    -0.00084
55607    -0.00235    -0.00049    -0.00084
55635    -0.00376    -0.00061    -0.00079
55666    -0.00405    -0.00043    -0.00050
55696    -0.00373    -0.00004    -0.00004
55727    -0.00058     0.00053     0.00044
55757     0.00296     0.00108     0.00052
55788     0.00599     0.00128     0.00006
55819     0.00650     0.00142    -0.00060
55849     0.00544     0.00097    -0.00079
55880     0.00401     0.00050    -0.00071
55910     0.00150     0.00024    -0.00076
55941    -0.00016    -0.00009    -0.00072
55972    -0.00117    -0.00017    -0.00063
56001    -0.00125    -0.00005    -0.00058
56032    -0.00065     0.00011    -0.00017
56062     0.00025     0.00042     0.00017
56093     0.00331     0.00085     0.00079
56123     0.00783     0.00105     0.00079
56154     0.00994     0.00090     0.00017
56185     0.01038     0.00075    -0.00066
56215     0.00801     0.00078    -0.00066
56246     0.00570     0.00030    -0.00088
56276     0.00340    -0.00005    -0.00089
56307     0.00057    -0.00029    -0.00088
56338    -0.00116    -0.00059    -0.00097
56366    -0.00189    -0.00056    -0.00093
56397    -0.00190    -0.00075    -0.00060
56427    -0.00054    -0.00035     0.00010
56458     0.00004     0.00052     0.00055
56488     0.00301     0.00106     0.00032
56519     0.00543     0.00117     0.00011
56550     0.00611     0.00135     0.00005
56580     0.00478     0.00122    -0.00000
56611     0.00247     0.00094     0.00033
56641     0.00016     0.00059     0.00035
56672    -0.00200     0.00016     0.00042
56703    -0.00337    -0.00007     0.00044
56731    -0.00384    -0.00022     0.00088
56762    -0.00350    -0.00012     0.00110
56792    -0.00295    -0.00004     0.00140
56823    -0.00077     0.00051     0.00172
56853     0.00229     0.00094     0.00160
56884     0.00470     0.00085     0.00100
56915     0.00500     0.00060     0.00050
56945     0.00328     0.00039     0.00037
56976     0.00114     0.00023     0.00030
57006    -0.00123     0.00012     0.00035
57037    -0.00305    -0.00003     0.00004
57068    -0.00465    -0.00008    -0.00004
57096    -0.00485    -0.00016    -0.00005
57127    -0.00421    -0.00024     0.00001
57157    -0.00233     0.00008     0.00067
57188    -0.00074     0.00060     0.00106
57218     0.00203     0.00092     0.00113
57249     0.00484     0.00099     0.00089
57280     0.00598     0.00098     0.00051
57310     0.00515     0.00106    -0.00009
57341     0.00247     0.00072    -0.00058
57371     0.00003     0.00034    -0.00104
57402    -0.00257    -0.00024    -0.00101
57433    -0.00440    -0.00044    -0.00075
57462    -0.00577    -0.00059    -0.00045
57493    -0.00577    -0.00079    -0.00016
57523    -0.00369    -0.00062     0.00005
57554    -0.00027    -0.00009     0.00050
