# Hydrology loading displacements computed from the monthly GLDAS NOAH model
# This is a product of the Hydrology loading service: http://lacerta.gsfc.nasa.gov/hydlo/
# Displacements are with respect to the center of mass of the total earth
#
# Created for VieVS on 17.03.2017 at 11:46:08 local time
# OFFSET + TREND REMOVED!!! - Hana 
# mjd up (meters) eastwest (meters) northsouth (meters)
43888    -0.00368     0.00044    -0.00015
43919    -0.00658     0.00066    -0.00029
43947    -0.00586     0.00081    -0.00031
43978    -0.00309     0.00090    -0.00041
44008     0.00005     0.00075     0.00003
44039     0.00321     0.00028     0.00058
44069     0.00634    -0.00075     0.00100
44100     0.00715    -0.00144     0.00125
44131     0.00674    -0.00141     0.00108
44161     0.00524    -0.00120     0.00063
44192     0.00127    -0.00059     0.00021
44222    -0.00193     0.00002     0.00029
44253    -0.00357     0.00071     0.00005
44284    -0.00491     0.00091    -0.00004
44313    -0.00391     0.00073    -0.00012
44344    -0.00228     0.00089    -0.00001
44374     0.00092     0.00061     0.00023
44405     0.00330    -0.00000     0.00065
44435     0.00314    -0.00109     0.00112
44466     0.00439    -0.00183     0.00134
44497     0.00433    -0.00180     0.00118
44527     0.00285    -0.00127     0.00071
44558     0.00056    -0.00067     0.00028
44588    -0.00168    -0.00009     0.00011
44619    -0.00379     0.00027     0.00017
44650    -0.00418     0.00060     0.00027
44678    -0.00457     0.00071     0.00035
44709    -0.00201     0.00050     0.00043
44739    -0.00017     0.00054     0.00061
44770     0.00251     0.00039     0.00084
44800     0.00393    -0.00076     0.00098
44831     0.00477    -0.00157     0.00110
44862     0.00486    -0.00168     0.00105
44892     0.00161    -0.00150     0.00031
44923    -0.00016    -0.00101    -0.00007
44953    -0.00346    -0.00011    -0.00052
44984    -0.00575     0.00049    -0.00082
45015    -0.00566     0.00068    -0.00085
45043    -0.00511     0.00066    -0.00085
45074    -0.00269     0.00085    -0.00058
45104    -0.00010     0.00075     0.00006
45135     0.00347     0.00065     0.00071
45165     0.00636     0.00031     0.00151
45196     0.00675    -0.00083     0.00132
45227     0.00684    -0.00131     0.00110
45257     0.00293    -0.00122     0.00067
45288     0.00036    -0.00118     0.00004
45318    -0.00291    -0.00051    -0.00063
45349    -0.00441     0.00026    -0.00085
45380    -0.00523     0.00078    -0.00102
45408    -0.00464     0.00092    -0.00128
45439    -0.00352     0.00111    -0.00121
45469    -0.00128     0.00060    -0.00099
45500     0.00209     0.00022    -0.00018
45530     0.00564    -0.00087     0.00029
45561     0.00844    -0.00201     0.00071
45592     0.00826    -0.00257     0.00041
45622     0.00705    -0.00235    -0.00002
45653     0.00545    -0.00163    -0.00042
45683     0.00094    -0.00062    -0.00078
45714    -0.00289    -0.00032    -0.00092
45745    -0.00442     0.00014    -0.00122
45774    -0.00307     0.00049    -0.00124
45805    -0.00188     0.00100    -0.00068
45835     0.00069     0.00090    -0.00026
45866     0.00182     0.00040     0.00003
45896     0.00557    -0.00035     0.00051
45927     0.00689    -0.00103     0.00069
45958     0.00542    -0.00116     0.00059
45988     0.00195    -0.00099     0.00012
46019     0.00072    -0.00041    -0.00039
46049    -0.00113     0.00014    -0.00076
46080    -0.00296     0.00113    -0.00083
46111    -0.00489     0.00143    -0.00070
46139    -0.00465     0.00140    -0.00091
46170    -0.00356     0.00129    -0.00031
46200    -0.00112     0.00101    -0.00013
46231     0.00131     0.00059     0.00031
46261     0.00338    -0.00015     0.00107
46292     0.00440    -0.00082     0.00135
46323     0.00488    -0.00113     0.00112
46353     0.00536    -0.00096     0.00071
46384     0.00302    -0.00028     0.00016
46414    -0.00044     0.00042    -0.00007
46445    -0.00446     0.00069    -0.00028
46476    -0.00485     0.00108    -0.00076
46504    -0.00514     0.00131    -0.00077
46535    -0.00506     0.00115    -0.00044
46565    -0.00141     0.00100    -0.00008
46596     0.00196     0.00108     0.00062
46626     0.00570    -0.00013     0.00090
46657     0.00710    -0.00109     0.00110
46688     0.00565    -0.00099     0.00105
46718     0.00440    -0.00062     0.00083
46749     0.00105    -0.00039     0.00055
46779    -0.00127     0.00012     0.00020
46810    -0.00364     0.00076    -0.00012
46841    -0.00489     0.00104    -0.00042
46869    -0.00678     0.00123    -0.00070
46900    -0.00471     0.00143    -0.00047
46930    -0.00100     0.00132    -0.00011
46961    -0.00004     0.00085     0.00040
46991     0.00249     0.00012     0.00065
47022     0.00279    -0.00063     0.00091
47053     0.00235    -0.00113     0.00087
47083     0.00083    -0.00132     0.00046
47114    -0.00075    -0.00104    -0.00006
47144    -0.00252    -0.00010    -0.00033
47175    -0.00427     0.00041    -0.00051
47206    -0.00540     0.00076    -0.00057
47235    -0.00580     0.00091    -0.00024
47266    -0.00348     0.00080    -0.00006
47296    -0.00012     0.00014     0.00009
47327     0.00257    -0.00024     0.00051
47357     0.00378    -0.00115     0.00098
47388     0.00503    -0.00207     0.00119
47419     0.00430    -0.00232     0.00096
47449     0.00253    -0.00204     0.00058
47480     0.00083    -0.00118     0.00020
47510    -0.00306    -0.00014    -0.00011
47541    -0.00370     0.00030    -0.00018
47572    -0.00404     0.00047    -0.00020
47600    -0.00486     0.00045    -0.00052
47631    -0.00367     0.00016    -0.00040
47661    -0.00051     0.00009     0.00003
47692     0.00414    -0.00008     0.00041
47722     0.00688    -0.00071     0.00092
47753     0.00846    -0.00127     0.00130
47784     0.00828    -0.00142     0.00111
47814     0.00656    -0.00121     0.00084
47845     0.00365    -0.00063     0.00035
47875     0.00006     0.00012     0.00041
47906    -0.00289     0.00051     0.00030
47937    -0.00525     0.00070    -0.00003
47965    -0.00458     0.00070    -0.00033
47996    -0.00223     0.00059    -0.00014
48026     0.00096     0.00055     0.00024
48057     0.00371     0.00020     0.00043
48087     0.00561    -0.00056     0.00085
48118     0.00870    -0.00120     0.00116
48149     0.00754    -0.00118     0.00117
48179     0.00555    -0.00098     0.00061
48210     0.00137    -0.00051    -0.00017
48240    -0.00227     0.00014    -0.00068
48271    -0.00461     0.00029    -0.00095
48302    -0.00409     0.00019    -0.00091
48330    -0.00513     0.00045    -0.00097
48361    -0.00325     0.00077    -0.00069
48391    -0.00141     0.00107    -0.00027
48422     0.00200     0.00053     0.00050
48452     0.00459    -0.00017     0.00100
48483     0.00618    -0.00109     0.00121
48514     0.00745    -0.00126     0.00095
48544     0.00494    -0.00102     0.00045
48575     0.00140    -0.00061    -0.00013
48605    -0.00143    -0.00013    -0.00070
48636    -0.00388     0.00060    -0.00101
48667    -0.00471     0.00115    -0.00130
48696    -0.00470     0.00157    -0.00154
48727    -0.00383     0.00169    -0.00129
48757    -0.00082     0.00131    -0.00068
48788     0.00174     0.00088    -0.00029
48818     0.00391     0.00015    -0.00001
48849     0.00616    -0.00089     0.00038
48880     0.00492    -0.00106     0.00043
48910     0.00318    -0.00101    -0.00010
48941    -0.00124    -0.00027    -0.00056
48971    -0.00310     0.00045    -0.00072
49002    -0.00400     0.00069    -0.00071
49033    -0.00459     0.00079    -0.00071
49061    -0.00447     0.00102    -0.00080
49092    -0.00353     0.00125    -0.00070
49122    -0.00102     0.00073    -0.00052
49153     0.00162     0.00034     0.00004
49183     0.00409    -0.00016     0.00016
49214     0.00480    -0.00096     0.00057
49245     0.00379    -0.00112     0.00037
49275     0.00001    -0.00104    -0.00017
49306    -0.00132    -0.00048    -0.00066
49336    -0.00436     0.00016    -0.00093
49367    -0.00641     0.00089    -0.00096
49398    -0.00628     0.00121    -0.00087
49426    -0.00606     0.00126    -0.00089
49457    -0.00513     0.00135    -0.00077
49487    -0.00206     0.00127    -0.00051
49518    -0.00014     0.00095    -0.00005
49548     0.00368    -0.00006     0.00016
49579     0.00508    -0.00097     0.00035
49610     0.00321    -0.00120     0.00019
49640     0.00164    -0.00074    -0.00012
49671    -0.00160    -0.00016    -0.00048
49701    -0.00425     0.00027    -0.00095
49732    -0.00693     0.00054    -0.00139
49763    -0.00795     0.00055    -0.00155
49791    -0.00740     0.00062    -0.00153
49822    -0.00570     0.00104    -0.00115
49852    -0.00307     0.00109    -0.00091
49883    -0.00091     0.00092    -0.00058
49913     0.00234    -0.00008    -0.00023
49944     0.00451    -0.00113    -0.00015
49975     0.00301    -0.00130    -0.00036
50005     0.00135    -0.00099    -0.00059
50036    -0.00049    -0.00027    -0.00103
50066    -0.00275     0.00050    -0.00114
50097    -0.00623     0.00093    -0.00133
50128    -0.00803     0.00118    -0.00153
50157    -0.00885     0.00119    -0.00155
50188    -0.00759     0.00130    -0.00117
50218    -0.00447     0.00140    -0.00061
50249    -0.00062     0.00131     0.00037
50279     0.00159     0.00136     0.00115
50310     0.00402     0.00135     0.00168
50341     0.00367     0.00147     0.00185
50371     0.00149     0.00147     0.00153
50402    -0.00050     0.00169     0.00122
50432    -0.00322     0.00175     0.00070
50463    -0.00485     0.00182     0.00035
50494    -0.00768     0.00189     0.00007
50522    -0.00735     0.00187    -0.00004
50553    -0.00619     0.00157     0.00034
50583    -0.00497     0.00123     0.00044
50614    -0.00285     0.00097     0.00046
50644    -0.00107     0.00029     0.00033
50675     0.00115    -0.00052     0.00020
50706     0.00132    -0.00088    -0.00021
50736    -0.00141    -0.00070    -0.00061
50767    -0.00481    -0.00050    -0.00115
50797    -0.00762    -0.00011    -0.00142
50828    -0.00821     0.00016    -0.00164
50859    -0.00745     0.00054    -0.00190
50887    -0.00792     0.00081    -0.00205
50918    -0.00725     0.00083    -0.00204
50948    -0.00375     0.00068    -0.00192
50979    -0.00147     0.00043    -0.00148
51009     0.00104    -0.00056    -0.00106
51040     0.00282    -0.00149    -0.00053
51071     0.00097    -0.00174    -0.00042
51101    -0.00203    -0.00138    -0.00115
51132    -0.00480    -0.00060    -0.00181
51162    -0.00551     0.00005    -0.00202
51193    -0.00645     0.00053    -0.00204
51224    -0.00713     0.00087    -0.00199
51252    -0.00697     0.00098    -0.00173
51283    -0.00474     0.00105    -0.00138
51313    -0.00205     0.00095    -0.00118
51344     0.00112     0.00053    -0.00090
51374     0.00377     0.00007    -0.00046
51405     0.00514    -0.00093    -0.00012
51436     0.00534    -0.00121    -0.00008
51466     0.00315    -0.00125    -0.00026
51497     0.00145    -0.00095    -0.00049
51527    -0.00171    -0.00036    -0.00042
51558    -0.00397     0.00055     0.00015
51589    -0.00535     0.00114     0.00046
51618    -0.00548     0.00126     0.00054
51649    -0.00397     0.00109     0.00057
51679    -0.00024     0.00005     0.00038
51710     0.00364    -0.00072     0.00029
51740     0.00559    -0.00116     0.00057
51771     0.00540    -0.00175     0.00065
51802     0.00549    -0.00175     0.00070
51832     0.00378    -0.00177     0.00026
51863     0.00174    -0.00134    -0.00001
51893     0.00021    -0.00094     0.00018
51924    -0.00176    -0.00024    -0.00018
51955    -0.00322     0.00005    -0.00058
51983    -0.00407     0.00046    -0.00079
52014    -0.00402     0.00057    -0.00050
52044    -0.00080     0.00030    -0.00028
52075     0.00324     0.00003     0.00009
52105     0.00609    -0.00073     0.00040
52136     0.00773    -0.00170     0.00056
52167     0.00667    -0.00170     0.00042
52197     0.00458    -0.00168     0.00014
52228     0.00260    -0.00145     0.00008
52258    -0.00006    -0.00051     0.00003
52289    -0.00195     0.00013     0.00013
52320    -0.00373     0.00047     0.00003
52348    -0.00416     0.00064    -0.00023
52379    -0.00202     0.00109    -0.00018
52409     0.00018     0.00100    -0.00017
52440     0.00411     0.00066     0.00013
52470     0.00674    -0.00028     0.00047
52501     0.00721    -0.00100     0.00059
52532     0.00690    -0.00133     0.00039
52562     0.00483    -0.00096     0.00003
52593     0.00064    -0.00035    -0.00015
52623    -0.00151     0.00010    -0.00034
52654    -0.00428     0.00065    -0.00019
52685    -0.00503     0.00108    -0.00019
52713    -0.00395     0.00137    -0.00008
52744    -0.00157     0.00149     0.00021
52774     0.00147     0.00128     0.00038
52805     0.00508     0.00088     0.00074
52835     0.00838    -0.00025     0.00101
52866     0.01010    -0.00122     0.00110
52897     0.00950    -0.00165     0.00087
52927     0.00766    -0.00135     0.00040
52958     0.00509    -0.00075    -0.00010
52988     0.00249    -0.00025    -0.00022
53019    -0.00081     0.00049    -0.00007
53050    -0.00286     0.00101     0.00018
53079    -0.00310     0.00128     0.00014
53110    -0.00258     0.00127     0.00044
53140    -0.00067     0.00120     0.00038
53171     0.00281     0.00072     0.00047
53201     0.00522     0.00001     0.00091
53232     0.00609    -0.00103     0.00094
53263     0.00564    -0.00141     0.00056
53293     0.00405    -0.00108     0.00021
53324     0.00132    -0.00031    -0.00011
53354    -0.00095     0.00019     0.00014
53385    -0.00290     0.00070     0.00012
53416    -0.00454     0.00138    -0.00004
53444    -0.00492     0.00186    -0.00010
53475    -0.00397     0.00182    -0.00011
53505    -0.00253     0.00156     0.00012
53536     0.00165     0.00113     0.00049
53566     0.00491    -0.00005     0.00059
53597     0.00562    -0.00107     0.00060
53628     0.00589    -0.00161     0.00033
53658     0.00510    -0.00137    -0.00007
53689     0.00362    -0.00103    -0.00032
53719     0.00135     0.00021    -0.00021
53750    -0.00026     0.00106    -0.00008
53781    -0.00160     0.00135    -0.00004
53809    -0.00319     0.00152     0.00002
53840    -0.00290     0.00159     0.00032
53870    -0.00044     0.00116     0.00032
53901     0.00218     0.00057     0.00049
53931     0.00689    -0.00058     0.00067
53962     0.00741    -0.00140     0.00086
53993     0.00634    -0.00172     0.00057
54023     0.00488    -0.00123     0.00013
54054     0.00275    -0.00045     0.00020
54084     0.00040    -0.00001     0.00018
54115    -0.00159     0.00055     0.00025
54146    -0.00334     0.00084     0.00028
54174    -0.00413     0.00122     0.00009
54205    -0.00165     0.00151     0.00021
54235     0.00106     0.00118     0.00049
54266     0.00306     0.00039     0.00054
54296     0.00393    -0.00083     0.00076
54327     0.00417    -0.00169     0.00104
54358     0.00351    -0.00194     0.00083
54388     0.00247    -0.00163     0.00061
54419     0.00053    -0.00103     0.00083
54449    -0.00243    -0.00024     0.00068
54480    -0.00361     0.00044     0.00073
54511    -0.00417     0.00094     0.00063
54540    -0.00507     0.00150     0.00046
54571    -0.00488     0.00149     0.00030
54601    -0.00134     0.00123     0.00033
54632     0.00165     0.00036     0.00028
54662     0.00429    -0.00062     0.00061
54693     0.00498    -0.00157     0.00083
54724     0.00442    -0.00180     0.00045
54754     0.00272    -0.00162     0.00016
54785     0.00057    -0.00148    -0.00030
54815    -0.00192    -0.00051    -0.00038
54846    -0.00316     0.00012    -0.00039
54877    -0.00519     0.00043    -0.00025
54905    -0.00610     0.00104    -0.00026
54936    -0.00449     0.00118    -0.00021
54966    -0.00182     0.00083    -0.00009
54997     0.00157     0.00046     0.00024
55027     0.00398    -0.00031     0.00048
55058     0.00559    -0.00121     0.00071
55089     0.00621    -0.00164     0.00066
55119     0.00498    -0.00130     0.00039
55150     0.00165    -0.00053     0.00036
55180    -0.00164     0.00011     0.00037
55211    -0.00459     0.00049     0.00025
55242    -0.00638     0.00083    -0.00013
55270    -0.00700     0.00097     0.00001
55301    -0.00501     0.00102     0.00009
55331    -0.00246     0.00092     0.00016
55362     0.00037     0.00055     0.00018
55392     0.00488    -0.00052     0.00046
55423     0.00532    -0.00156     0.00063
55454     0.00351    -0.00212     0.00041
55484     0.00181    -0.00208    -0.00006
55515    -0.00114    -0.00142    -0.00033
55545    -0.00436    -0.00061    -0.00069
55576    -0.00677     0.00022    -0.00062
55607    -0.00660     0.00073    -0.00056
55635    -0.00575     0.00113    -0.00058
55666    -0.00345     0.00136    -0.00045
55696     0.00041     0.00115    -0.00024
55727     0.00323     0.00030    -0.00003
55757     0.00508    -0.00060     0.00015
55788     0.00520    -0.00155     0.00035
55819     0.00467    -0.00213     0.00036
55849     0.00381    -0.00181     0.00047
55880     0.00273    -0.00134     0.00035
55910    -0.00016    -0.00069     0.00017
55941    -0.00395     0.00003     0.00011
55972    -0.00442     0.00057    -0.00001
56001    -0.00389     0.00077    -0.00005
56032    -0.00264     0.00095    -0.00001
56062    -0.00159     0.00059    -0.00002
56093     0.00066     0.00007     0.00028
56123     0.00222    -0.00101     0.00072
56154     0.00369    -0.00210     0.00088
56185     0.00394    -0.00275     0.00064
56215     0.00159    -0.00234     0.00035
56246    -0.00125    -0.00191    -0.00000
56276    -0.00398    -0.00117    -0.00016
56307    -0.00569    -0.00030    -0.00017
56338    -0.00704     0.00036    -0.00029
56366    -0.00687     0.00083    -0.00038
56397    -0.00580     0.00106    -0.00017
56427    -0.00340     0.00085    -0.00000
56458    -0.00133     0.00070    -0.00007
56488     0.00267    -0.00048     0.00017
56519     0.00562    -0.00152     0.00031
56550     0.00610    -0.00176     0.00020
56580     0.00492    -0.00152    -0.00015
56611     0.00264    -0.00082    -0.00031
56641     0.00147    -0.00019    -0.00025
56672    -0.00016     0.00018    -0.00005
56703    -0.00130     0.00061     0.00000
56731    -0.00084     0.00113     0.00026
56762     0.00091     0.00129     0.00052
56792     0.00178     0.00130     0.00068
56823     0.00443     0.00092     0.00086
56853     0.00563     0.00005     0.00086
56884     0.00502    -0.00104     0.00086
56915     0.00411    -0.00138     0.00058
56945     0.00227    -0.00116     0.00026
56976    -0.00001    -0.00058    -0.00016
57006    -0.00185     0.00018    -0.00035
57037    -0.00415     0.00055    -0.00048
57068    -0.00525     0.00114    -0.00072
57096    -0.00485     0.00149    -0.00079
57127    -0.00362     0.00158    -0.00051
57157    -0.00102     0.00157    -0.00036
57188     0.00287     0.00121    -0.00005
57218     0.00631     0.00056     0.00050
57249     0.00714    -0.00058     0.00065
57280     0.00577    -0.00117     0.00038
57310     0.00434    -0.00111    -0.00013
57341     0.00257    -0.00082    -0.00047
57371    -0.00049    -0.00048    -0.00063
57402    -0.00276     0.00008    -0.00065
57433    -0.00520     0.00071    -0.00074
57462    -0.00593     0.00129    -0.00075
57493    -0.00494     0.00134    -0.00054
57523    -0.00293     0.00106    -0.00052
57554    -0.00208     0.00043    -0.00050
