# Hydrology loading displacements computed from the monthly GLDAS NOAH model
# This is a product of the Hydrology loading service: http://lacerta.gsfc.nasa.gov/hydlo/
# Displacements are with respect to the center of mass of the total earth
#
# Created for VieVS on 17.03.2017 at 11:46:08 local time
# OFFSET + TREND REMOVED!!! - Hana 
# mjd up (meters) eastwest (meters) northsouth (meters)
43888    -0.00324    -0.00062    -0.00058
43919    -0.00412    -0.00093    -0.00128
43947    -0.00385    -0.00086    -0.00108
43978    -0.00346    -0.00078    -0.00058
44008    -0.00196    -0.00053     0.00061
44039    -0.00045    -0.00016     0.00161
44069     0.00200     0.00031     0.00174
44100     0.00251     0.00068     0.00131
44131     0.00301     0.00074     0.00112
44161     0.00325     0.00072     0.00101
44192     0.00233     0.00034     0.00066
44222     0.00207    -0.00028     0.00017
44253     0.00014    -0.00087    -0.00002
44284    -0.00300    -0.00115    -0.00043
44313    -0.00390    -0.00119    -0.00078
44344    -0.00266    -0.00098    -0.00023
44374    -0.00128    -0.00060     0.00075
44405     0.00076    -0.00019     0.00161
44435     0.00248     0.00016     0.00159
44466     0.00357     0.00047     0.00121
44497     0.00291     0.00068     0.00089
44527     0.00245     0.00073     0.00082
44558     0.00206     0.00041     0.00041
44588     0.00148    -0.00004    -0.00000
44619     0.00156    -0.00042    -0.00036
44650     0.00136    -0.00076    -0.00062
44678     0.00065    -0.00106    -0.00095
44709     0.00091    -0.00106    -0.00057
44739     0.00152    -0.00090     0.00030
44770     0.00209    -0.00024     0.00159
44800     0.00282     0.00044     0.00148
44831     0.00326     0.00083     0.00108
44862     0.00308     0.00096     0.00088
44892     0.00209     0.00113     0.00048
44923     0.00175     0.00101     0.00015
44953     0.00043     0.00044    -0.00027
44984    -0.00097    -0.00025    -0.00081
45015    -0.00189    -0.00044    -0.00132
45043    -0.00199    -0.00057    -0.00138
45074    -0.00179    -0.00084    -0.00059
45104    -0.00061    -0.00071     0.00030
45135     0.00044    -0.00041     0.00184
45165     0.00153    -0.00015     0.00265
45196     0.00204     0.00031     0.00196
45227     0.00198     0.00060     0.00160
45257     0.00155     0.00042     0.00127
45288     0.00047     0.00030     0.00041
45318    -0.00293     0.00011    -0.00044
45349    -0.00385    -0.00012    -0.00097
45380    -0.00574    -0.00048    -0.00142
45408    -0.00649    -0.00038    -0.00138
45439    -0.00570    -0.00017    -0.00057
45469    -0.00369     0.00021     0.00036
45500    -0.00139     0.00049     0.00155
45530     0.00043     0.00105     0.00200
45561     0.00111     0.00128     0.00150
45592     0.00157     0.00152     0.00096
45622    -0.00120     0.00184     0.00040
45653    -0.00196     0.00166     0.00024
45683    -0.00436     0.00104    -0.00018
45714    -0.00478     0.00067    -0.00078
45745    -0.00424     0.00045    -0.00090
45774    -0.00358     0.00034    -0.00072
45805    -0.00281    -0.00017    -0.00000
45835    -0.00144    -0.00001     0.00105
45866    -0.00013     0.00040     0.00186
45896     0.00102     0.00105     0.00199
45927     0.00083     0.00148     0.00167
45958     0.00088     0.00148     0.00137
45988    -0.00020     0.00153     0.00098
46019    -0.00138     0.00115     0.00074
46049    -0.00367     0.00064     0.00016
46080    -0.00586    -0.00022    -0.00027
46111    -0.00605    -0.00073    -0.00099
46139    -0.00552    -0.00051    -0.00115
46170    -0.00413    -0.00067    -0.00047
46200    -0.00279    -0.00040     0.00025
46231    -0.00087     0.00006     0.00135
46261     0.00100     0.00017     0.00149
46292     0.00141     0.00047     0.00111
46323     0.00160     0.00083     0.00091
46353    -0.00014     0.00126     0.00064
46384    -0.00167     0.00112     0.00032
46414    -0.00363     0.00040    -0.00016
46445    -0.00283    -0.00020    -0.00088
46476    -0.00325    -0.00056    -0.00122
46504    -0.00307    -0.00101    -0.00124
46535    -0.00213    -0.00101    -0.00059
46565    -0.00104    -0.00076     0.00055
46596     0.00010    -0.00045     0.00188
46626     0.00143     0.00031     0.00210
46657     0.00256     0.00064     0.00182
46688     0.00191     0.00063     0.00169
46718     0.00084     0.00055     0.00156
46749     0.00021     0.00046     0.00094
46779    -0.00076     0.00016     0.00033
46810    -0.00145    -0.00018    -0.00014
46841    -0.00158    -0.00031    -0.00053
46869    -0.00217    -0.00039    -0.00083
46900    -0.00138    -0.00059    -0.00031
46930    -0.00011    -0.00035     0.00061
46961     0.00097    -0.00013     0.00126
46991     0.00228     0.00038     0.00192
47022     0.00250     0.00069     0.00169
47053     0.00303     0.00086     0.00114
47083     0.00338     0.00076     0.00068
47114     0.00207     0.00063     0.00044
47144     0.00109     0.00013     0.00013
47175    -0.00024    -0.00033    -0.00041
47206    -0.00054    -0.00071    -0.00086
47235     0.00028    -0.00103    -0.00115
47266     0.00072    -0.00091    -0.00053
47296     0.00155    -0.00067     0.00011
47327     0.00314    -0.00044     0.00118
47357     0.00419     0.00001     0.00125
47388     0.00420     0.00034     0.00058
47419     0.00400     0.00073     0.00001
47449     0.00368     0.00079    -0.00007
47480     0.00285     0.00039    -0.00022
47510     0.00203    -0.00014    -0.00061
47541     0.00109    -0.00060    -0.00117
47572     0.00059    -0.00080    -0.00160
47600     0.00075    -0.00066    -0.00173
47631     0.00179    -0.00058    -0.00129
47661     0.00269    -0.00048    -0.00033
47692     0.00323     0.00009     0.00099
47722     0.00459     0.00036     0.00145
47753     0.00492     0.00043     0.00131
47784     0.00475     0.00066     0.00104
47814     0.00455     0.00064     0.00050
47845     0.00407     0.00042     0.00008
47875     0.00388    -0.00049    -0.00058
47906     0.00309    -0.00109    -0.00118
47937     0.00229    -0.00132    -0.00174
47965     0.00192    -0.00100    -0.00180
47996     0.00233    -0.00076    -0.00115
48026     0.00268    -0.00055    -0.00008
48057     0.00345    -0.00002     0.00091
48087     0.00386     0.00040     0.00102
48118     0.00412     0.00075     0.00092
48149     0.00401     0.00078     0.00065
48179     0.00323     0.00101     0.00007
48210     0.00266     0.00087    -0.00049
48240     0.00194     0.00041    -0.00119
48271     0.00115     0.00017    -0.00178
48302     0.00164     0.00006    -0.00217
48330     0.00063    -0.00054    -0.00246
48361     0.00069    -0.00080    -0.00177
48391     0.00109    -0.00080    -0.00065
48422     0.00214    -0.00039     0.00056
48452     0.00338     0.00005     0.00113
48483     0.00415     0.00042     0.00086
48514     0.00385     0.00082     0.00073
48544     0.00360     0.00084     0.00037
48575     0.00220     0.00090     0.00004
48605     0.00047     0.00087    -0.00055
48636    -0.00129     0.00052    -0.00118
48667    -0.00218     0.00012    -0.00153
48696    -0.00275    -0.00001    -0.00148
48727    -0.00225    -0.00031    -0.00103
48757    -0.00103    -0.00007    -0.00002
48788    -0.00020     0.00033     0.00111
48818     0.00089     0.00069     0.00153
48849     0.00142     0.00101     0.00113
48880     0.00107     0.00103     0.00078
48910     0.00148     0.00106     0.00033
48941     0.00028     0.00072    -0.00022
48971    -0.00121     0.00031    -0.00044
49002    -0.00411    -0.00004    -0.00089
49033    -0.00537    -0.00031    -0.00141
49061    -0.00569    -0.00047    -0.00163
49092    -0.00469    -0.00057    -0.00116
49122    -0.00318    -0.00032    -0.00046
49153    -0.00176     0.00001     0.00059
49183    -0.00076     0.00059     0.00081
49214     0.00050     0.00088     0.00051
49245     0.00023     0.00107     0.00005
49275     0.00006     0.00101    -0.00016
49306    -0.00071     0.00077    -0.00047
49336    -0.00150     0.00036    -0.00083
49367    -0.00172    -0.00042    -0.00132
49398    -0.00216    -0.00082    -0.00161
49426    -0.00217    -0.00071    -0.00167
49457    -0.00179    -0.00072    -0.00112
49487    -0.00131    -0.00062    -0.00028
49518    -0.00011    -0.00043     0.00052
49548     0.00119     0.00007     0.00043
49579     0.00236     0.00023     0.00001
49610     0.00227     0.00039    -0.00051
49640     0.00147     0.00017    -0.00060
49671     0.00029    -0.00017    -0.00109
49701    -0.00083    -0.00031    -0.00185
49732    -0.00229    -0.00048    -0.00236
49763    -0.00270    -0.00055    -0.00286
49791    -0.00338    -0.00070    -0.00290
49822    -0.00297    -0.00088    -0.00206
49852    -0.00271    -0.00073    -0.00088
49883    -0.00190    -0.00026     0.00016
49913    -0.00009     0.00024     0.00031
49944     0.00111     0.00053    -0.00038
49975     0.00137     0.00078    -0.00089
50005     0.00110     0.00074    -0.00111
50036     0.00042     0.00049    -0.00148
50066    -0.00007    -0.00029    -0.00161
50097    -0.00046    -0.00088    -0.00225
50128    -0.00085    -0.00121    -0.00286
50157    -0.00075    -0.00125    -0.00317
50188    -0.00030    -0.00128    -0.00265
50218     0.00029    -0.00125    -0.00103
50249     0.00137    -0.00125     0.00063
50279     0.00226    -0.00123     0.00214
50310     0.00308    -0.00112     0.00306
50341     0.00324    -0.00128     0.00327
50371     0.00332    -0.00134     0.00285
50402     0.00257    -0.00155     0.00222
50432     0.00182    -0.00166     0.00131
50463     0.00065    -0.00187     0.00038
50494    -0.00065    -0.00187    -0.00064
50522    -0.00124    -0.00199    -0.00144
50553    -0.00139    -0.00205    -0.00137
50583    -0.00138    -0.00176    -0.00095
50614    -0.00072    -0.00122    -0.00004
50644     0.00035    -0.00045     0.00020
50675     0.00094     0.00027     0.00003
50706     0.00013     0.00062    -0.00048
50736    -0.00149     0.00052    -0.00130
50767    -0.00271     0.00020    -0.00229
50797    -0.00388    -0.00036    -0.00315
50828    -0.00504    -0.00064    -0.00363
50859    -0.00612    -0.00079    -0.00374
50887    -0.00682    -0.00069    -0.00382
50918    -0.00663    -0.00061    -0.00314
50948    -0.00530    -0.00029    -0.00187
50979    -0.00389     0.00006    -0.00061
51009    -0.00229     0.00070    -0.00067
51040    -0.00107     0.00091    -0.00106
51071    -0.00095     0.00092    -0.00161
51101    -0.00155     0.00105    -0.00203
51132    -0.00319     0.00098    -0.00211
51162    -0.00388     0.00046    -0.00227
51193    -0.00404    -0.00001    -0.00254
51224    -0.00449    -0.00040    -0.00261
51252    -0.00371    -0.00056    -0.00253
51283    -0.00345    -0.00052    -0.00179
51313    -0.00298    -0.00019    -0.00078
51344    -0.00199     0.00038     0.00015
51374    -0.00188     0.00070     0.00031
51405    -0.00078     0.00081    -0.00011
51436    -0.00110     0.00092    -0.00035
51466    -0.00098     0.00085    -0.00066
51497    -0.00067     0.00060    -0.00082
51527    -0.00091     0.00009    -0.00092
51558    -0.00083    -0.00112    -0.00097
51589    -0.00091    -0.00176    -0.00100
51618    -0.00171    -0.00184    -0.00100
51649    -0.00143    -0.00180    -0.00085
51679    -0.00021    -0.00128    -0.00060
51710     0.00021    -0.00041    -0.00013
51740     0.00089     0.00012     0.00037
51771     0.00199     0.00048     0.00029
51802     0.00218     0.00042     0.00020
51832     0.00136     0.00043    -0.00037
51863    -0.00088     0.00026    -0.00064
51893    -0.00076    -0.00025    -0.00081
51924    -0.00159    -0.00049    -0.00097
51955    -0.00235    -0.00022    -0.00116
51983    -0.00287    -0.00039    -0.00119
52014    -0.00209    -0.00056    -0.00088
52044    -0.00095    -0.00021    -0.00005
52075     0.00026     0.00022     0.00059
52105     0.00141     0.00068     0.00107
52136     0.00223     0.00116     0.00103
52167     0.00223     0.00134     0.00086
52197     0.00222     0.00137     0.00045
52228     0.00208     0.00105    -0.00000
52258     0.00094     0.00049    -0.00011
52289     0.00064    -0.00019    -0.00037
52320     0.00054    -0.00033    -0.00057
52348     0.00054    -0.00031    -0.00068
52379     0.00055    -0.00051    -0.00031
52409     0.00093    -0.00018     0.00047
52440     0.00160     0.00026     0.00149
52470     0.00251     0.00084     0.00178
52501     0.00326     0.00112     0.00165
52532     0.00275     0.00124     0.00134
52562     0.00201     0.00118     0.00071
52593     0.00134     0.00074     0.00017
52623     0.00077     0.00031    -0.00003
52654     0.00047    -0.00031    -0.00015
52685     0.00007    -0.00066    -0.00025
52713    -0.00057    -0.00079    -0.00010
52744    -0.00013    -0.00098     0.00029
52774     0.00012    -0.00063     0.00102
52805     0.00077    -0.00019     0.00176
52835     0.00204     0.00044     0.00181
52866     0.00299     0.00076     0.00146
52897     0.00302     0.00106     0.00090
52927     0.00265     0.00117     0.00047
52958     0.00178     0.00085     0.00008
52988     0.00122     0.00045    -0.00013
53019     0.00086    -0.00020    -0.00023
53050     0.00066    -0.00065    -0.00031
53079     0.00015    -0.00079    -0.00036
53110     0.00031    -0.00097    -0.00027
53140     0.00081    -0.00065     0.00031
53171     0.00126     0.00001     0.00097
53201     0.00202     0.00053     0.00133
53232     0.00275     0.00090     0.00102
53263     0.00262     0.00123     0.00060
53293     0.00163     0.00121     0.00028
53324    -0.00024     0.00068     0.00009
53354    -0.00104     0.00007    -0.00028
53385    -0.00258    -0.00050    -0.00040
53416    -0.00399    -0.00090    -0.00046
53444    -0.00440    -0.00126    -0.00052
53475    -0.00360    -0.00117    -0.00010
53505    -0.00261    -0.00106     0.00041
53536    -0.00153    -0.00058     0.00133
53566     0.00019     0.00016     0.00162
53597     0.00078     0.00084     0.00131
53628     0.00118     0.00119     0.00100
53658     0.00057     0.00126     0.00088
53689     0.00017     0.00110     0.00074
53719    -0.00037     0.00023     0.00085
53750    -0.00086    -0.00052     0.00092
53781    -0.00095    -0.00083     0.00069
53809    -0.00096    -0.00122     0.00052
53840    -0.00069    -0.00139     0.00079
53870    -0.00008    -0.00091     0.00116
53901     0.00085    -0.00023     0.00166
53931     0.00186     0.00061     0.00198
53962     0.00228     0.00093     0.00162
53993     0.00197     0.00119     0.00107
54023     0.00117     0.00100     0.00103
54054     0.00073     0.00031     0.00069
54084     0.00035    -0.00016     0.00048
54115    -0.00040    -0.00035     0.00039
54146    -0.00047    -0.00057     0.00007
54174    -0.00048    -0.00065     0.00014
54205    -0.00059    -0.00068     0.00063
54235    -0.00003    -0.00050     0.00101
54266     0.00097     0.00008     0.00147
54296     0.00215     0.00073     0.00132
54327     0.00284     0.00084     0.00084
54358     0.00297     0.00096     0.00026
54388     0.00246     0.00093     0.00019
54419     0.00239     0.00033    -0.00000
54449     0.00087    -0.00025    -0.00017
54480    -0.00008    -0.00098    -0.00016
54511    -0.00096    -0.00127    -0.00019
54540    -0.00120    -0.00143    -0.00017
54571    -0.00074    -0.00133    -0.00008
54601    -0.00018    -0.00096     0.00060
54632     0.00059    -0.00037     0.00118
54662     0.00172     0.00020     0.00117
54693     0.00256     0.00055     0.00066
54724     0.00223     0.00082     0.00005
54754     0.00196     0.00081    -0.00028
54785     0.00160     0.00074    -0.00062
54815     0.00047     0.00009    -0.00064
54846    -0.00041    -0.00037    -0.00070
54877    -0.00062    -0.00090    -0.00091
54905    -0.00077    -0.00113    -0.00098
54936    -0.00071    -0.00110    -0.00070
54966    -0.00035    -0.00070    -0.00005
54997     0.00039    -0.00019     0.00083
55027     0.00150     0.00032     0.00100
55058     0.00239     0.00060     0.00075
55089     0.00261     0.00074     0.00036
55119     0.00187     0.00086     0.00008
55150     0.00127     0.00018    -0.00029
55180     0.00065    -0.00051    -0.00050
55211    -0.00028    -0.00102    -0.00082
55242    -0.00224    -0.00100    -0.00098
55270    -0.00210    -0.00118    -0.00105
55301    -0.00148    -0.00117    -0.00066
55331    -0.00096    -0.00087    -0.00011
55362    -0.00014    -0.00039     0.00056
55392     0.00096     0.00032     0.00090
55423     0.00213     0.00075     0.00052
55454     0.00247     0.00112    -0.00020
55484     0.00195     0.00126    -0.00059
55515     0.00123     0.00082    -0.00078
55545     0.00012     0.00017    -0.00103
55576    -0.00120    -0.00060    -0.00098
55607    -0.00144    -0.00087    -0.00104
55635    -0.00198    -0.00113    -0.00090
55666    -0.00200    -0.00110    -0.00037
55696    -0.00160    -0.00076     0.00035
55727    -0.00064    -0.00009     0.00111
55757     0.00053     0.00066     0.00130
55788     0.00170     0.00107     0.00099
55819     0.00202     0.00129     0.00043
55849     0.00183     0.00091     0.00014
55880     0.00136     0.00045    -0.00005
55910     0.00049     0.00019    -0.00019
55941     0.00016    -0.00026    -0.00038
55972    -0.00036    -0.00045    -0.00038
56001    -0.00047    -0.00036    -0.00019
56032    -0.00049    -0.00048     0.00012
56062     0.00005    -0.00034     0.00048
56093     0.00109     0.00001     0.00123
56123     0.00222     0.00043     0.00130
56154     0.00295     0.00080     0.00078
56185     0.00325     0.00110    -0.00002
56215     0.00274     0.00090    -0.00026
56246     0.00237     0.00049    -0.00074
56276     0.00167    -0.00006    -0.00094
56307     0.00064    -0.00045    -0.00107
56338     0.00003    -0.00071    -0.00121
56366    -0.00015    -0.00076    -0.00109
56397     0.00008    -0.00093    -0.00075
56427     0.00057    -0.00065     0.00002
56458     0.00083    -0.00004     0.00080
56488     0.00161     0.00066     0.00103
56519     0.00177     0.00110     0.00089
56550     0.00112     0.00128     0.00076
56580     0.00061     0.00132     0.00060
56611    -0.00013     0.00088     0.00061
56641    -0.00125     0.00043     0.00054
56672    -0.00127    -0.00006     0.00048
56703    -0.00133    -0.00044     0.00056
56731    -0.00164    -0.00089     0.00084
56762    -0.00124    -0.00089     0.00125
56792    -0.00073    -0.00081     0.00158
56823    -0.00025    -0.00028     0.00203
56853     0.00062     0.00029     0.00207
56884     0.00138     0.00059     0.00159
56915     0.00092     0.00087     0.00086
56945     0.00021     0.00082     0.00039
56976    -0.00020     0.00049     0.00009
57006    -0.00110     0.00003     0.00008
57037    -0.00179    -0.00004    -0.00022
57068    -0.00252    -0.00029    -0.00041
57096    -0.00290    -0.00045    -0.00040
57127    -0.00247    -0.00049    -0.00029
57157    -0.00271    -0.00021     0.00041
57188    -0.00228     0.00025     0.00119
57218    -0.00117     0.00057     0.00156
57249    -0.00024     0.00086     0.00119
57280     0.00008     0.00107     0.00066
57310    -0.00039     0.00118     0.00020
57341    -0.00142     0.00123    -0.00039
57371    -0.00212     0.00119    -0.00094
57402    -0.00279     0.00061    -0.00113
57433    -0.00291     0.00012    -0.00110
57462    -0.00279    -0.00040    -0.00104
57493    -0.00252    -0.00065    -0.00080
57523    -0.00215    -0.00040    -0.00036
57554    -0.00108     0.00008     0.00019
