# Hydrology loading displacements computed from the monthly GLDAS NOAH model
# This is a product of the Hydrology loading service: http://lacerta.gsfc.nasa.gov/hydlo/
# Displacements are with respect to the center of mass of the total earth
#
# Created for VieVS on 17.03.2017 at 11:46:08 local time
# OFFSET + TREND REMOVED!!! - Hana 
# mjd up (meters) eastwest (meters) northsouth (meters)
43888    -0.00116     0.00014     0.00029
43919    -0.00265     0.00001     0.00039
43947    -0.00292     0.00010     0.00037
43978    -0.00260     0.00037     0.00042
44008    -0.00104     0.00053     0.00065
44039     0.00161     0.00059     0.00070
44069     0.00421    -0.00006     0.00024
44100     0.00510    -0.00057    -0.00003
44131     0.00473    -0.00053    -0.00012
44161     0.00379    -0.00026    -0.00035
44192     0.00217     0.00004    -0.00024
44222     0.00022     0.00015     0.00025
44253    -0.00113     0.00040     0.00055
44284    -0.00217     0.00038     0.00053
44313    -0.00304     0.00004     0.00054
44344    -0.00247     0.00024     0.00062
44374    -0.00031     0.00041     0.00050
44405     0.00242     0.00033     0.00022
44435     0.00431    -0.00036    -0.00003
44466     0.00493    -0.00099    -0.00013
44497     0.00452    -0.00092    -0.00028
44527     0.00345    -0.00041    -0.00041
44558     0.00214     0.00002    -0.00044
44588     0.00062     0.00021    -0.00019
44619    -0.00078     0.00011     0.00017
44650    -0.00187     0.00008     0.00053
44678    -0.00275    -0.00001     0.00075
44709    -0.00227    -0.00004     0.00084
44739    -0.00093     0.00027     0.00092
44770     0.00187     0.00065     0.00059
44800     0.00413     0.00002     0.00011
44831     0.00492    -0.00080    -0.00010
44862     0.00467    -0.00093    -0.00021
44892     0.00344    -0.00063    -0.00067
44923     0.00178    -0.00045    -0.00075
44953    -0.00012     0.00002    -0.00060
44984    -0.00219     0.00031    -0.00028
45015    -0.00374    -0.00000    -0.00009
45043    -0.00430    -0.00017     0.00008
45074    -0.00343     0.00017     0.00037
45104    -0.00142     0.00030     0.00064
45135     0.00137     0.00075     0.00083
45165     0.00394     0.00084     0.00083
45196     0.00480    -0.00013     0.00041
45227     0.00441    -0.00045     0.00004
45257     0.00332    -0.00030    -0.00001
45288     0.00137    -0.00046    -0.00026
45318    -0.00069    -0.00018    -0.00035
45349    -0.00276     0.00000    -0.00028
45380    -0.00394     0.00028    -0.00018
45408    -0.00424     0.00048    -0.00040
45439    -0.00374     0.00078    -0.00023
45469    -0.00218     0.00060    -0.00023
45500     0.00068     0.00053    -0.00006
45530     0.00392     0.00011    -0.00054
45561     0.00512    -0.00089    -0.00070
45592     0.00496    -0.00126    -0.00109
45622     0.00373    -0.00102    -0.00142
45653     0.00201    -0.00056    -0.00134
45683    -0.00016    -0.00009    -0.00110
45714    -0.00204    -0.00022    -0.00084
45745    -0.00329    -0.00011    -0.00062
45774    -0.00339     0.00012    -0.00050
45805    -0.00283     0.00052     0.00013
45835    -0.00083     0.00071     0.00020
45866     0.00209     0.00084    -0.00018
45896     0.00438     0.00044    -0.00058
45927     0.00518    -0.00014    -0.00078
45958     0.00491    -0.00025    -0.00089
45988     0.00349     0.00004    -0.00098
46019     0.00195     0.00052    -0.00086
46049     0.00023     0.00066    -0.00068
46080    -0.00107     0.00107    -0.00018
46111    -0.00228     0.00088     0.00017
46139    -0.00290     0.00077    -0.00004
46170    -0.00233     0.00071     0.00040
46200    -0.00096     0.00079     0.00044
46231     0.00160     0.00091     0.00022
46261     0.00345     0.00039     0.00028
46292     0.00404    -0.00017     0.00015
46323     0.00397    -0.00040    -0.00026
46353     0.00331    -0.00019    -0.00060
46384     0.00216     0.00021    -0.00072
46414     0.00033     0.00042    -0.00042
46445    -0.00189     0.00024    -0.00006
46476    -0.00349     0.00029     0.00011
46504    -0.00403     0.00037     0.00034
46535    -0.00339     0.00038     0.00055
46565    -0.00176     0.00065     0.00065
46596     0.00104     0.00104     0.00081
46626     0.00376     0.00043     0.00026
46657     0.00449    -0.00037    -0.00001
46688     0.00418    -0.00023    -0.00006
46718     0.00323     0.00002     0.00007
46749     0.00162     0.00002     0.00014
46779    -0.00063     0.00012     0.00034
46810    -0.00212     0.00023     0.00041
46841    -0.00328     0.00034     0.00034
46869    -0.00407     0.00038     0.00024
46900    -0.00354     0.00062     0.00052
46930    -0.00168     0.00086     0.00048
46961     0.00094     0.00095     0.00038
46991     0.00320     0.00078     0.00012
47022     0.00391     0.00019    -0.00010
47053     0.00352    -0.00031    -0.00026
47083     0.00274    -0.00041    -0.00042
47114     0.00159    -0.00025    -0.00061
47144     0.00015     0.00022    -0.00039
47175    -0.00176     0.00039    -0.00011
47206    -0.00290     0.00034     0.00018
47235    -0.00339     0.00010     0.00052
47266    -0.00294     0.00013     0.00073
47296    -0.00138    -0.00002     0.00063
47327     0.00167     0.00018     0.00049
47357     0.00355    -0.00031     0.00024
47388     0.00392    -0.00123     0.00006
47419     0.00355    -0.00152    -0.00027
47449     0.00280    -0.00120    -0.00043
47480     0.00143    -0.00066    -0.00033
47510    -0.00022    -0.00016    -0.00015
47541    -0.00203    -0.00014     0.00018
47572    -0.00376    -0.00033     0.00049
47600    -0.00467    -0.00041     0.00039
47631    -0.00437    -0.00062     0.00061
47661    -0.00279    -0.00061     0.00086
47692     0.00035    -0.00024     0.00061
47722     0.00340    -0.00049     0.00039
47753     0.00445    -0.00087     0.00036
47784     0.00413    -0.00100     0.00012
47814     0.00314    -0.00093    -0.00011
47845     0.00155    -0.00052    -0.00025
47875     0.00000    -0.00022     0.00021
47906    -0.00196    -0.00018     0.00059
47937    -0.00409    -0.00034     0.00080
47965    -0.00508    -0.00042     0.00072
47996    -0.00448    -0.00049     0.00092
48026    -0.00236    -0.00028     0.00099
48057     0.00084    -0.00001     0.00045
48087     0.00327    -0.00026     0.00010
48118     0.00428    -0.00064    -0.00002
48149     0.00389    -0.00071    -0.00015
48179     0.00269    -0.00057    -0.00050
48210     0.00103    -0.00024    -0.00072
48240    -0.00080     0.00003    -0.00066
48271    -0.00248     0.00000    -0.00046
48302    -0.00309    -0.00030    -0.00038
48330    -0.00425    -0.00028    -0.00010
48361    -0.00397    -0.00011     0.00035
48391    -0.00264     0.00030     0.00061
48422     0.00034     0.00028     0.00051
48452     0.00303     0.00018     0.00022
48483     0.00379    -0.00059     0.00003
48514     0.00367    -0.00057    -0.00030
48544     0.00244    -0.00035    -0.00051
48575     0.00090    -0.00006    -0.00074
48605    -0.00082     0.00004    -0.00083
48636    -0.00251     0.00032    -0.00063
48667    -0.00343     0.00064    -0.00054
48696    -0.00430     0.00090    -0.00052
48727    -0.00418     0.00106    -0.00014
48757    -0.00267     0.00099     0.00008
48788     0.00051     0.00121     0.00000
48818     0.00277     0.00084    -0.00023
48849     0.00361     0.00001    -0.00034
48880     0.00317    -0.00014    -0.00036
48910     0.00238    -0.00012    -0.00069
48941     0.00010     0.00019    -0.00061
48971    -0.00159     0.00047    -0.00023
49002    -0.00318     0.00026     0.00004
49033    -0.00463    -0.00014     0.00027
49061    -0.00538    -0.00020     0.00038
49092    -0.00531     0.00003     0.00059
49122    -0.00368    -0.00008     0.00055
49153    -0.00073     0.00009     0.00034
49183     0.00186     0.00002    -0.00021
49214     0.00286    -0.00053    -0.00052
49245     0.00260    -0.00070    -0.00076
49275     0.00162    -0.00044    -0.00094
49306     0.00028    -0.00011    -0.00090
49336    -0.00120     0.00018    -0.00078
49367    -0.00312     0.00040    -0.00022
49398    -0.00489     0.00017     0.00032
49426    -0.00549     0.00003     0.00028
49457    -0.00534     0.00009     0.00051
49487    -0.00317     0.00042     0.00051
49518    -0.00023     0.00073     0.00033
49548     0.00206     0.00013    -0.00010
49579     0.00284    -0.00072    -0.00012
49610     0.00238    -0.00093    -0.00034
49640     0.00121    -0.00053    -0.00028
49671    -0.00042    -0.00022    -0.00021
49701    -0.00226    -0.00019    -0.00031
49732    -0.00406    -0.00025    -0.00036
49763    -0.00553    -0.00047    -0.00038
49791    -0.00607    -0.00053    -0.00021
49822    -0.00563    -0.00026     0.00023
49852    -0.00369     0.00008     0.00036
49883    -0.00060     0.00043     0.00003
49913     0.00182    -0.00004    -0.00033
49944     0.00251    -0.00107    -0.00054
49975     0.00217    -0.00132    -0.00085
50005     0.00101    -0.00105    -0.00087
50036    -0.00051    -0.00062    -0.00090
50066    -0.00181    -0.00013    -0.00048
50097    -0.00342    -0.00004    -0.00022
50128    -0.00498    -0.00016    -0.00011
50157    -0.00607    -0.00039    -0.00003
50188    -0.00565    -0.00034     0.00021
50218    -0.00380     0.00031     0.00052
50249    -0.00103     0.00071     0.00101
50279     0.00162     0.00141     0.00122
50310     0.00290     0.00162     0.00146
50341     0.00304     0.00172     0.00165
50371     0.00234     0.00173     0.00154
50402     0.00135     0.00173     0.00139
50432    -0.00085     0.00131     0.00139
50463    -0.00277     0.00090     0.00145
50494    -0.00491     0.00046     0.00141
50522    -0.00667    -0.00005     0.00165
50553    -0.00635    -0.00047     0.00202
50583    -0.00441    -0.00042     0.00181
50614    -0.00095     0.00018     0.00112
50644     0.00108     0.00002     0.00041
50675     0.00184    -0.00048    -0.00014
50706     0.00143    -0.00071    -0.00059
50736     0.00008    -0.00075    -0.00075
50767    -0.00162    -0.00089    -0.00072
50797    -0.00303    -0.00100    -0.00050
50828    -0.00415    -0.00097    -0.00049
50859    -0.00538    -0.00078    -0.00056
50887    -0.00650    -0.00061    -0.00066
50918    -0.00612    -0.00031    -0.00063
50948    -0.00381     0.00004    -0.00075
50979    -0.00106     0.00035    -0.00095
51009     0.00086    -0.00034    -0.00132
51040     0.00167    -0.00122    -0.00125
51071     0.00131    -0.00163    -0.00129
51101     0.00027    -0.00134    -0.00159
51132    -0.00123    -0.00074    -0.00160
51162    -0.00302    -0.00051    -0.00120
51193    -0.00458    -0.00031    -0.00084
51224    -0.00554    -0.00022    -0.00056
51252    -0.00576    -0.00025    -0.00032
51283    -0.00503    -0.00015     0.00001
51313    -0.00306     0.00017    -0.00010
51344    -0.00030     0.00040    -0.00049
51374     0.00203     0.00031    -0.00057
51405     0.00282    -0.00059    -0.00061
51436     0.00252    -0.00083    -0.00062
51466     0.00170    -0.00079    -0.00075
51497     0.00069    -0.00063    -0.00070
51527    -0.00039    -0.00022    -0.00042
51558    -0.00140     0.00006     0.00065
51589    -0.00241     0.00008     0.00123
51618    -0.00318    -0.00010     0.00143
51649    -0.00308    -0.00018     0.00159
51679    -0.00167    -0.00053     0.00120
51710     0.00018    -0.00052     0.00061
51740     0.00215    -0.00042     0.00024
51771     0.00308    -0.00070    -0.00014
51802     0.00282    -0.00071    -0.00013
51832     0.00204    -0.00074    -0.00025
51863     0.00086    -0.00042     0.00001
51893    -0.00021    -0.00049     0.00059
51924    -0.00119    -0.00014     0.00056
51955    -0.00200    -0.00004     0.00016
51983    -0.00258     0.00012     0.00016
52014    -0.00245     0.00010     0.00040
52044    -0.00104     0.00027     0.00025
52075     0.00071     0.00026     0.00004
52105     0.00247    -0.00007    -0.00027
52136     0.00326    -0.00072    -0.00055
52167     0.00300    -0.00068    -0.00073
52197     0.00222    -0.00067    -0.00093
52228     0.00141    -0.00063    -0.00088
52258     0.00051    -0.00010    -0.00057
52289    -0.00046     0.00014    -0.00012
52320    -0.00126     0.00035    -0.00004
52348    -0.00173     0.00045    -0.00012
52379    -0.00144     0.00077     0.00013
52409    -0.00033     0.00091     0.00003
52440     0.00145     0.00105    -0.00003
52470     0.00291     0.00053    -0.00030
52501     0.00360    -0.00017    -0.00047
52532     0.00337    -0.00048    -0.00057
52562     0.00224    -0.00041    -0.00068
52593     0.00085    -0.00012    -0.00048
52623    -0.00009     0.00015    -0.00030
52654    -0.00082     0.00039     0.00007
52685    -0.00147     0.00057     0.00031
52713    -0.00158     0.00073     0.00049
52744    -0.00098     0.00087     0.00072
52774     0.00010     0.00118     0.00056
52805     0.00155     0.00130     0.00054
52835     0.00307     0.00050     0.00022
52866     0.00383    -0.00031    -0.00004
52897     0.00361    -0.00071    -0.00038
52927     0.00274    -0.00054    -0.00066
52958     0.00136    -0.00013    -0.00069
52988     0.00030     0.00015    -0.00053
53019    -0.00062     0.00052    -0.00009
53050    -0.00108     0.00073     0.00028
53079    -0.00129     0.00090     0.00039
53110    -0.00112     0.00084     0.00069
53140    -0.00022     0.00101     0.00054
53171     0.00126     0.00090     0.00021
53201     0.00258     0.00046     0.00006
53232     0.00315    -0.00035    -0.00020
53263     0.00272    -0.00058    -0.00064
53293     0.00186    -0.00038    -0.00076
53324     0.00083     0.00014    -0.00060
53354    -0.00013     0.00019    -0.00011
53385    -0.00097     0.00047     0.00013
53416    -0.00150     0.00092     0.00026
53444    -0.00188     0.00121     0.00041
53475    -0.00154     0.00134     0.00043
53505    -0.00075     0.00128     0.00047
53536     0.00086     0.00123     0.00040
53566     0.00248     0.00044     0.00006
53597     0.00323    -0.00032    -0.00046
53628     0.00313    -0.00072    -0.00078
53658     0.00236    -0.00054    -0.00093
53689     0.00141    -0.00019    -0.00098
53719     0.00046     0.00062    -0.00039
53750    -0.00024     0.00107     0.00011
53781    -0.00092     0.00111     0.00036
53809    -0.00134     0.00104     0.00067
53840    -0.00102     0.00101     0.00093
53870    -0.00018     0.00092     0.00074
53901     0.00132     0.00075     0.00036
53931     0.00321     0.00012    -0.00004
53962     0.00375    -0.00058    -0.00016
53993     0.00336    -0.00072    -0.00046
54023     0.00245    -0.00025    -0.00045
54054     0.00122     0.00019    -0.00007
54084     0.00030     0.00050     0.00019
54115    -0.00042     0.00079     0.00040
54146    -0.00106     0.00077     0.00051
54174    -0.00141     0.00103     0.00048
54205    -0.00097     0.00129     0.00067
54235    -0.00015     0.00115     0.00073
54266     0.00135     0.00075     0.00044
54296     0.00260    -0.00006    -0.00004
54327     0.00306    -0.00091    -0.00007
54358     0.00254    -0.00135    -0.00030
54388     0.00176    -0.00116    -0.00040
54419     0.00091    -0.00098     0.00001
54449    -0.00020    -0.00050     0.00037
54480    -0.00102    -0.00013     0.00086
54511    -0.00163     0.00020     0.00098
54540    -0.00228     0.00066     0.00105
54571    -0.00224     0.00071     0.00097
54601    -0.00111     0.00083     0.00087
54632     0.00052     0.00059     0.00058
54662     0.00198    -0.00003     0.00028
54693     0.00261    -0.00083     0.00003
54724     0.00224    -0.00103    -0.00029
54754     0.00131    -0.00093    -0.00051
54785     0.00038    -0.00085    -0.00070
54815    -0.00062    -0.00022    -0.00032
54846    -0.00142     0.00008    -0.00002
54877    -0.00209     0.00010     0.00033
54905    -0.00259     0.00029     0.00043
54936    -0.00242     0.00047     0.00051
54966    -0.00139     0.00049     0.00045
54997     0.00031     0.00050     0.00033
55027     0.00196    -0.00002     0.00006
55058     0.00248    -0.00074    -0.00008
55089     0.00240    -0.00111    -0.00024
55119     0.00162    -0.00090    -0.00045
55150     0.00029    -0.00057    -0.00003
55180    -0.00078    -0.00024     0.00038
55211    -0.00167    -0.00017     0.00060
55242    -0.00233     0.00010     0.00039
55270    -0.00265     0.00007     0.00057
55301    -0.00217     0.00019     0.00064
55331    -0.00124     0.00026     0.00056
55362     0.00029     0.00024     0.00034
55392     0.00202    -0.00034     0.00013
55423     0.00287    -0.00130    -0.00016
55454     0.00245    -0.00180    -0.00069
55484     0.00154    -0.00172    -0.00109
55515     0.00031    -0.00117    -0.00100
55545    -0.00083    -0.00072    -0.00080
55576    -0.00170    -0.00019    -0.00039
55607    -0.00234     0.00011    -0.00018
55635    -0.00257     0.00040     0.00002
55666    -0.00212     0.00074     0.00013
55696    -0.00091     0.00082     0.00014
55727     0.00068     0.00043    -0.00008
55757     0.00217    -0.00013    -0.00047
55788     0.00284    -0.00087    -0.00072
55819     0.00267    -0.00131    -0.00095
55849     0.00204    -0.00122    -0.00067
55880     0.00126    -0.00090    -0.00038
55910     0.00038    -0.00038    -0.00024
55941    -0.00055    -0.00000    -0.00001
55972    -0.00095     0.00033     0.00008
56001    -0.00097     0.00053     0.00002
56032    -0.00077     0.00081     0.00011
56062    -0.00018     0.00082     0.00011
56093     0.00127     0.00063     0.00009
56123     0.00260    -0.00019    -0.00004
56154     0.00322    -0.00117    -0.00032
56185     0.00290    -0.00186    -0.00067
56215     0.00182    -0.00146    -0.00067
56246     0.00054    -0.00129    -0.00058
56276    -0.00049    -0.00092    -0.00033
56307    -0.00137    -0.00045    -0.00008
56338    -0.00213    -0.00010     0.00008
56366    -0.00231     0.00026     0.00011
56397    -0.00197     0.00036     0.00041
56427    -0.00069     0.00049     0.00045
56458     0.00075     0.00062     0.00015
56488     0.00248    -0.00008    -0.00020
56519     0.00344    -0.00084    -0.00048
56550     0.00351    -0.00101    -0.00067
56580     0.00283    -0.00081    -0.00077
56611     0.00200    -0.00021    -0.00050
56641     0.00137     0.00020    -0.00018
56672     0.00056     0.00036     0.00030
56703     0.00004     0.00058     0.00057
56731    -0.00002     0.00094     0.00095
56762     0.00049     0.00112     0.00103
56792     0.00112     0.00119     0.00107
56823     0.00215     0.00113     0.00085
56853     0.00308     0.00052     0.00051
56884     0.00356    -0.00046     0.00025
56915     0.00319    -0.00089    -0.00010
56945     0.00213    -0.00078    -0.00020
56976     0.00077    -0.00037    -0.00009
57006    -0.00024     0.00020     0.00007
57037    -0.00121     0.00034     0.00004
57068    -0.00202     0.00076     0.00008
57096    -0.00241     0.00097     0.00020
57127    -0.00209     0.00097     0.00037
57157    -0.00111     0.00123     0.00044
57188     0.00052     0.00118     0.00039
57218     0.00195     0.00079     0.00035
57249     0.00237    -0.00013     0.00005
57280     0.00204    -0.00058    -0.00034
57310     0.00119    -0.00059    -0.00068
57341     0.00014    -0.00050    -0.00087
57371    -0.00117    -0.00048    -0.00093
57402    -0.00217    -0.00024    -0.00054
57433    -0.00324     0.00017    -0.00020
57462    -0.00370     0.00057     0.00018
57493    -0.00333     0.00060     0.00047
57523    -0.00212     0.00054     0.00040
57554    -0.00022     0.00041     0.00017
