# Hydrology loading displacements computed from the monthly GLDAS NOAH model
# This is a product of the Hydrology loading service: http://lacerta.gsfc.nasa.gov/hydlo/
# Displacements are with respect to the center of mass of the total earth
#
# Created for VieVS on 17.03.2017 at 11:46:08 local time
# OFFSET + TREND REMOVED!!! - Hana 
# mjd up (meters) eastwest (meters) northsouth (meters)
43888    -0.00319     0.00051    -0.00018
43919    -0.00600     0.00072    -0.00040
43947    -0.00562     0.00083    -0.00049
43978    -0.00303     0.00099    -0.00038
44008     0.00047     0.00080     0.00013
44039     0.00402     0.00026     0.00070
44069     0.00670    -0.00084     0.00114
44100     0.00699    -0.00159     0.00135
44131     0.00657    -0.00158     0.00121
44161     0.00527    -0.00136     0.00077
44192     0.00200    -0.00073     0.00029
44222    -0.00122     0.00001     0.00025
44253    -0.00308     0.00074     0.00004
44284    -0.00514     0.00097    -0.00014
44313    -0.00484     0.00095    -0.00011
44344    -0.00311     0.00109     0.00001
44374     0.00064     0.00074     0.00033
44405     0.00328     0.00000     0.00069
44435     0.00359    -0.00113     0.00104
44466     0.00474    -0.00184     0.00131
44497     0.00425    -0.00184     0.00118
44527     0.00290    -0.00128     0.00068
44558     0.00070    -0.00065     0.00025
44588    -0.00143    -0.00007     0.00004
44619    -0.00353     0.00022     0.00007
44650    -0.00434     0.00064     0.00023
44678    -0.00491     0.00084     0.00031
44709    -0.00203     0.00071     0.00056
44739     0.00039     0.00068     0.00070
44770     0.00271     0.00031     0.00080
44800     0.00480    -0.00083     0.00101
44831     0.00563    -0.00172     0.00107
44862     0.00539    -0.00186     0.00102
44892     0.00258    -0.00170     0.00029
44923     0.00036    -0.00110    -0.00018
44953    -0.00272    -0.00017    -0.00068
44984    -0.00489     0.00058    -0.00079
45015    -0.00588     0.00075    -0.00085
45043    -0.00587     0.00078    -0.00086
45074    -0.00305     0.00103    -0.00052
45104    -0.00001     0.00081     0.00012
45135     0.00411     0.00069     0.00072
45165     0.00625     0.00031     0.00143
45196     0.00743    -0.00092     0.00142
45227     0.00724    -0.00142     0.00130
45257     0.00496    -0.00137     0.00084
45288     0.00217    -0.00133     0.00026
45318    -0.00126    -0.00068    -0.00044
45349    -0.00387     0.00020    -0.00082
45380    -0.00506     0.00088    -0.00098
45408    -0.00453     0.00102    -0.00120
45439    -0.00342     0.00115    -0.00115
45469    -0.00053     0.00059    -0.00086
45500     0.00294     0.00014    -0.00013
45530     0.00658    -0.00097     0.00034
45561     0.00875    -0.00201     0.00075
45592     0.00872    -0.00263     0.00055
45622     0.00720    -0.00247     0.00015
45653     0.00544    -0.00175    -0.00028
45683     0.00101    -0.00085    -0.00086
45714    -0.00271    -0.00045    -0.00097
45745    -0.00395     0.00011    -0.00122
45774    -0.00294     0.00052    -0.00114
45805    -0.00173     0.00104    -0.00065
45835     0.00103     0.00081    -0.00032
45866     0.00241     0.00021    -0.00015
45896     0.00510    -0.00057     0.00026
45927     0.00617    -0.00132     0.00044
45958     0.00546    -0.00158     0.00028
45988     0.00269    -0.00130    -0.00014
46019     0.00144    -0.00054    -0.00047
46049    -0.00053     0.00011    -0.00078
46080    -0.00242     0.00115    -0.00086
46111    -0.00471     0.00151    -0.00076
46139    -0.00494     0.00150    -0.00095
46170    -0.00386     0.00141    -0.00040
46200    -0.00076     0.00112    -0.00005
46231     0.00219     0.00053     0.00028
46261     0.00391    -0.00027     0.00093
46292     0.00443    -0.00102     0.00115
46323     0.00443    -0.00138     0.00092
46353     0.00443    -0.00115     0.00054
46384     0.00222    -0.00053    -0.00007
46414    -0.00111     0.00022    -0.00036
46445    -0.00457     0.00066    -0.00054
46476    -0.00506     0.00123    -0.00073
46504    -0.00537     0.00147    -0.00069
46535    -0.00496     0.00127    -0.00043
46565    -0.00109     0.00110     0.00004
46596     0.00214     0.00110     0.00056
46626     0.00596    -0.00019     0.00095
46657     0.00700    -0.00119     0.00121
46688     0.00555    -0.00111     0.00112
46718     0.00456    -0.00072     0.00090
46749     0.00168    -0.00053     0.00055
46779    -0.00077     0.00005     0.00016
46810    -0.00385     0.00077    -0.00033
46841    -0.00523     0.00112    -0.00060
46869    -0.00657     0.00119    -0.00095
46900    -0.00492     0.00150    -0.00055
46930    -0.00115     0.00138    -0.00013
46961     0.00055     0.00080     0.00033
46991     0.00311     0.00006     0.00065
47022     0.00308    -0.00068     0.00082
47053     0.00245    -0.00125     0.00079
47083     0.00154    -0.00137     0.00049
47114     0.00003    -0.00108    -0.00007
47144    -0.00212    -0.00011    -0.00042
47175    -0.00407     0.00050    -0.00055
47206    -0.00505     0.00088    -0.00057
47235    -0.00578     0.00097    -0.00033
47266    -0.00336     0.00092     0.00001
47296     0.00056     0.00034     0.00042
47327     0.00354    -0.00006     0.00087
47357     0.00469    -0.00097     0.00123
47388     0.00545    -0.00196     0.00149
47419     0.00466    -0.00229     0.00120
47449     0.00337    -0.00213     0.00080
47480     0.00158    -0.00128     0.00036
47510    -0.00245    -0.00027    -0.00025
47541    -0.00356     0.00042    -0.00022
47572    -0.00415     0.00064    -0.00018
47600    -0.00479     0.00058    -0.00048
47631    -0.00312     0.00031    -0.00023
47661     0.00006     0.00017     0.00020
47692     0.00457    -0.00006     0.00058
47722     0.00730    -0.00080     0.00109
47753     0.00824    -0.00140     0.00159
47784     0.00762    -0.00161     0.00136
47814     0.00599    -0.00149     0.00093
47845     0.00320    -0.00091     0.00033
47875    -0.00037    -0.00008     0.00025
47906    -0.00310     0.00049     0.00020
47937    -0.00532     0.00077    -0.00007
47965    -0.00488     0.00082    -0.00031
47996    -0.00243     0.00068    -0.00006
48026     0.00070     0.00060     0.00033
48057     0.00320     0.00011     0.00052
48087     0.00522    -0.00070     0.00095
48118     0.00764    -0.00124     0.00137
48149     0.00576    -0.00136     0.00122
48179     0.00388    -0.00124     0.00067
48210     0.00056    -0.00083    -0.00016
48240    -0.00276    -0.00003    -0.00080
48271    -0.00453     0.00032    -0.00101
48302    -0.00437     0.00036    -0.00086
48330    -0.00542     0.00065    -0.00090
48361    -0.00368     0.00097    -0.00057
48391    -0.00165     0.00123    -0.00022
48422     0.00151     0.00058     0.00049
48452     0.00365    -0.00015     0.00094
48483     0.00484    -0.00108     0.00116
48514     0.00580    -0.00121     0.00100
48544     0.00369    -0.00113     0.00055
48575     0.00063    -0.00077    -0.00022
48605    -0.00184    -0.00025    -0.00089
48636    -0.00425     0.00053    -0.00122
48667    -0.00511     0.00115    -0.00144
48696    -0.00532     0.00154    -0.00167
48727    -0.00427     0.00174    -0.00132
48757    -0.00122     0.00132    -0.00068
48788     0.00252     0.00081    -0.00036
48818     0.00498    -0.00006    -0.00009
48849     0.00685    -0.00104     0.00037
48880     0.00538    -0.00123     0.00034
48910     0.00376    -0.00121    -0.00013
48941    -0.00064    -0.00054    -0.00066
48971    -0.00267     0.00031    -0.00081
49002    -0.00403     0.00065    -0.00087
49033    -0.00499     0.00085    -0.00083
49061    -0.00520     0.00108    -0.00092
49092    -0.00419     0.00131    -0.00077
49122    -0.00099     0.00082    -0.00043
49153     0.00120     0.00039    -0.00000
49183     0.00311    -0.00015     0.00014
49214     0.00279    -0.00108     0.00044
49245     0.00175    -0.00121     0.00021
49275    -0.00037    -0.00123    -0.00027
49306    -0.00139    -0.00054    -0.00078
49336    -0.00433     0.00010    -0.00115
49367    -0.00650     0.00100    -0.00107
49398    -0.00658     0.00142    -0.00084
49426    -0.00673     0.00145    -0.00092
49457    -0.00568     0.00151    -0.00087
49487    -0.00220     0.00141    -0.00052
49518     0.00006     0.00100    -0.00007
49548     0.00331    -0.00014     0.00016
49579     0.00447    -0.00108     0.00045
49610     0.00206    -0.00132     0.00026
49640     0.00066    -0.00081    -0.00004
49671    -0.00211    -0.00022    -0.00053
49701    -0.00459     0.00033    -0.00103
49732    -0.00691     0.00064    -0.00145
49763    -0.00836     0.00077    -0.00152
49791    -0.00780     0.00086    -0.00139
49822    -0.00615     0.00122    -0.00107
49852    -0.00313     0.00121    -0.00078
49883    -0.00087     0.00088    -0.00064
49913     0.00220    -0.00013    -0.00026
49944     0.00409    -0.00123    -0.00004
49975     0.00229    -0.00148    -0.00034
50005     0.00053    -0.00116    -0.00059
50036    -0.00147    -0.00038    -0.00107
50066    -0.00330     0.00050    -0.00119
50097    -0.00641     0.00111    -0.00147
50128    -0.00840     0.00142    -0.00169
50157    -0.00934     0.00142    -0.00173
50188    -0.00849     0.00143    -0.00142
50218    -0.00493     0.00157    -0.00072
50249    -0.00064     0.00143     0.00033
50279     0.00199     0.00139     0.00095
50310     0.00437     0.00136     0.00143
50341     0.00419     0.00145     0.00151
50371     0.00237     0.00150     0.00119
50402     0.00016     0.00178     0.00084
50432    -0.00228     0.00188     0.00034
50463    -0.00411     0.00202     0.00007
50494    -0.00764     0.00203    -0.00032
50522    -0.00800     0.00211    -0.00024
50553    -0.00666     0.00183     0.00026
50583    -0.00527     0.00149     0.00040
50614    -0.00261     0.00116     0.00045
50644    -0.00110     0.00036     0.00023
50675     0.00050    -0.00045     0.00011
50706     0.00060    -0.00078    -0.00020
50736    -0.00203    -0.00056    -0.00063
50767    -0.00499    -0.00031    -0.00114
50797    -0.00768     0.00008    -0.00143
50828    -0.00859     0.00045    -0.00155
50859    -0.00830     0.00090    -0.00174
50887    -0.00902     0.00112    -0.00200
50918    -0.00772     0.00111    -0.00191
50948    -0.00398     0.00087    -0.00176
50979    -0.00109     0.00046    -0.00147
51009     0.00025    -0.00060    -0.00106
51040     0.00143    -0.00155    -0.00048
51071    -0.00053    -0.00189    -0.00069
51101    -0.00286    -0.00155    -0.00142
51132    -0.00507    -0.00068    -0.00201
51162    -0.00569     0.00010    -0.00211
51193    -0.00684     0.00073    -0.00207
51224    -0.00739     0.00112    -0.00197
51252    -0.00747     0.00124    -0.00171
51283    -0.00509     0.00128    -0.00132
51313    -0.00235     0.00113    -0.00110
51344     0.00084     0.00061    -0.00087
51374     0.00337     0.00010    -0.00049
51405     0.00464    -0.00092    -0.00006
51436     0.00488    -0.00119    -0.00001
51466     0.00307    -0.00121    -0.00018
51497     0.00167    -0.00088    -0.00042
51527    -0.00152    -0.00023    -0.00046
51558    -0.00381     0.00072     0.00009
51589    -0.00535     0.00127     0.00033
51618    -0.00574     0.00139     0.00039
51649    -0.00407     0.00134     0.00061
51679     0.00044     0.00041     0.00077
51710     0.00452    -0.00033     0.00082
51740     0.00628    -0.00076     0.00101
51771     0.00582    -0.00137     0.00099
51802     0.00571    -0.00141     0.00098
51832     0.00486    -0.00140     0.00065
51863     0.00330    -0.00089     0.00057
51893     0.00181    -0.00046     0.00081
51924    -0.00015     0.00014     0.00037
51955    -0.00193     0.00024    -0.00018
51983    -0.00312     0.00059    -0.00041
52014    -0.00326     0.00067    -0.00027
52044    -0.00025     0.00039     0.00001
52075     0.00293     0.00005     0.00036
52105     0.00526    -0.00071     0.00062
52136     0.00667    -0.00164     0.00083
52167     0.00558    -0.00167     0.00063
52197     0.00347    -0.00165     0.00031
52228     0.00168    -0.00138     0.00020
52258    -0.00067    -0.00052    -0.00006
52289    -0.00257     0.00020    -0.00000
52320    -0.00407     0.00057    -0.00010
52348    -0.00447     0.00074    -0.00031
52379    -0.00250     0.00115    -0.00023
52409    -0.00028     0.00086    -0.00023
52440     0.00333     0.00053     0.00008
52470     0.00537    -0.00051     0.00050
52501     0.00511    -0.00135     0.00055
52532     0.00535    -0.00166     0.00039
52562     0.00324    -0.00130    -0.00003
52593    -0.00058    -0.00069    -0.00033
52623    -0.00217    -0.00012    -0.00053
52654    -0.00449     0.00041    -0.00055
52685    -0.00523     0.00093    -0.00050
52713    -0.00436     0.00130    -0.00036
52744    -0.00214     0.00149     0.00005
52774     0.00122     0.00131     0.00034
52805     0.00515     0.00092     0.00078
52835     0.00788    -0.00016     0.00120
52866     0.00925    -0.00107     0.00139
52897     0.00850    -0.00152     0.00115
52927     0.00666    -0.00133     0.00060
52958     0.00441    -0.00073     0.00012
52988     0.00193    -0.00026    -0.00007
53019    -0.00113     0.00039    -0.00013
53050    -0.00358     0.00090    -0.00002
53079    -0.00377     0.00126    -0.00000
53110    -0.00320     0.00128     0.00034
53140    -0.00114     0.00114     0.00023
53171     0.00217     0.00063     0.00033
53201     0.00413    -0.00012     0.00082
53232     0.00547    -0.00110     0.00098
53263     0.00531    -0.00154     0.00066
53293     0.00397    -0.00129     0.00031
53324     0.00162    -0.00052    -0.00003
53354    -0.00070     0.00003     0.00009
53385    -0.00263     0.00060     0.00005
53416    -0.00422     0.00128    -0.00027
53444    -0.00497     0.00181    -0.00032
53475    -0.00366     0.00176    -0.00024
53505    -0.00203     0.00149     0.00003
53536     0.00165     0.00105     0.00046
53566     0.00510    -0.00007     0.00063
53597     0.00553    -0.00116     0.00063
53628     0.00584    -0.00171     0.00041
53658     0.00505    -0.00152    -0.00000
53689     0.00365    -0.00115    -0.00026
53719     0.00139     0.00008    -0.00031
53750    -0.00031     0.00097    -0.00025
53781    -0.00163     0.00130    -0.00022
53809    -0.00272     0.00147    -0.00012
53840    -0.00264     0.00150     0.00020
53870     0.00001     0.00113     0.00032
53901     0.00264     0.00048     0.00042
53931     0.00702    -0.00064     0.00077
53962     0.00759    -0.00141     0.00102
53993     0.00664    -0.00166     0.00085
54023     0.00579    -0.00119     0.00059
54054     0.00348    -0.00036     0.00061
54084     0.00164     0.00011     0.00054
54115    -0.00043     0.00061     0.00044
54146    -0.00252     0.00089     0.00035
54174    -0.00352     0.00121     0.00008
54205    -0.00152     0.00156     0.00025
54235     0.00096     0.00123     0.00056
54266     0.00327     0.00033     0.00066
54296     0.00402    -0.00092     0.00092
54327     0.00421    -0.00180     0.00119
54358     0.00325    -0.00210     0.00088
54388     0.00193    -0.00181     0.00048
54419    -0.00022    -0.00124     0.00053
54449    -0.00263    -0.00041     0.00041
54480    -0.00374     0.00036     0.00054
54511    -0.00452     0.00094     0.00047
54540    -0.00520     0.00153     0.00029
54571    -0.00480     0.00155     0.00017
54601    -0.00128     0.00138     0.00031
54632     0.00289     0.00055     0.00042
54662     0.00512    -0.00047     0.00077
54693     0.00572    -0.00146     0.00104
54724     0.00518    -0.00167     0.00079
54754     0.00331    -0.00153     0.00045
54785     0.00138    -0.00137     0.00002
54815    -0.00084    -0.00040    -0.00018
54846    -0.00220     0.00022    -0.00027
54877    -0.00398     0.00052    -0.00017
54905    -0.00540     0.00095    -0.00034
54936    -0.00401     0.00117    -0.00025
54966    -0.00091     0.00084    -0.00007
54997     0.00231     0.00050     0.00026
55027     0.00452    -0.00035     0.00053
55058     0.00584    -0.00123     0.00088
55089     0.00618    -0.00166     0.00090
55119     0.00449    -0.00132     0.00049
55150     0.00120    -0.00055     0.00036
55180    -0.00163     0.00007     0.00029
55211    -0.00423     0.00047     0.00008
55242    -0.00580     0.00077    -0.00036
55270    -0.00670     0.00088    -0.00021
55301    -0.00517     0.00101    -0.00003
55331    -0.00285     0.00093     0.00008
55362    -0.00004     0.00056     0.00018
55392     0.00460    -0.00046     0.00063
55423     0.00507    -0.00155     0.00073
55454     0.00270    -0.00218     0.00027
55484     0.00068    -0.00212    -0.00028
55515    -0.00218    -0.00143    -0.00059
55545    -0.00497    -0.00058    -0.00098
55576    -0.00709     0.00024    -0.00100
55607    -0.00760     0.00080    -0.00081
55635    -0.00685     0.00127    -0.00072
55666    -0.00469     0.00155    -0.00053
55696    -0.00086     0.00135    -0.00023
55727     0.00243     0.00037     0.00009
55757     0.00395    -0.00053     0.00026
55788     0.00416    -0.00142     0.00047
55819     0.00365    -0.00204     0.00048
55849     0.00270    -0.00176     0.00056
55880     0.00179    -0.00124     0.00049
55910    -0.00052    -0.00065     0.00025
55941    -0.00394    -0.00002    -0.00001
55972    -0.00469     0.00056    -0.00021
56001    -0.00442     0.00079    -0.00027
56032    -0.00329     0.00101    -0.00016
56062    -0.00131     0.00069     0.00000
56093     0.00134     0.00015     0.00029
56123     0.00300    -0.00094     0.00070
56154     0.00438    -0.00205     0.00093
56185     0.00442    -0.00271     0.00081
56215     0.00245    -0.00229     0.00056
56246     0.00010    -0.00185     0.00025
56276    -0.00244    -0.00115    -0.00003
56307    -0.00489    -0.00034    -0.00022
56338    -0.00676     0.00033    -0.00041
56366    -0.00707     0.00082    -0.00055
56397    -0.00623     0.00108    -0.00031
56427    -0.00345     0.00085     0.00000
56458    -0.00129     0.00056    -0.00020
56488     0.00287    -0.00055     0.00016
56519     0.00572    -0.00151     0.00046
56550     0.00618    -0.00175     0.00036
56580     0.00518    -0.00151     0.00004
56611     0.00351    -0.00078    -0.00013
56641     0.00229    -0.00012    -0.00011
56672     0.00097     0.00030     0.00010
56703    -0.00016     0.00070     0.00011
56731     0.00002     0.00123     0.00036
56762     0.00119     0.00139     0.00059
56792     0.00215     0.00128     0.00066
56823     0.00450     0.00089     0.00072
56853     0.00613    -0.00004     0.00072
56884     0.00623    -0.00114     0.00073
56915     0.00557    -0.00152     0.00040
56945     0.00398    -0.00128     0.00009
56976     0.00213    -0.00073    -0.00027
57006     0.00034     0.00002    -0.00051
57037    -0.00246     0.00036    -0.00069
57068    -0.00401     0.00096    -0.00090
57096    -0.00398     0.00132    -0.00093
57127    -0.00316     0.00140    -0.00068
57157    -0.00058     0.00144    -0.00034
57188     0.00322     0.00104     0.00005
57218     0.00598     0.00041     0.00056
57249     0.00646    -0.00073     0.00072
57280     0.00541    -0.00135     0.00045
57310     0.00386    -0.00131    -0.00005
57341     0.00159    -0.00103    -0.00049
57371    -0.00136    -0.00080    -0.00085
57402    -0.00327    -0.00020    -0.00087
57433    -0.00526     0.00045    -0.00098
57462    -0.00581     0.00116    -0.00092
57493    -0.00463     0.00129    -0.00060
57523    -0.00210     0.00100    -0.00041
57554     0.00031     0.00032    -0.00039
