# Hydrology loading displacements computed from the monthly GLDAS NOAH model
# This is a product of the Hydrology loading service: http://lacerta.gsfc.nasa.gov/hydlo/
# Displacements are with respect to the center of mass of the total earth
#
# Created for VieVS on 17.03.2017 at 11:46:08 local time
# OFFSET + TREND REMOVED!!! - Hana 
# mjd up (meters) eastwest (meters) northsouth (meters)
43888    -0.00231    -0.00036    -0.00031
43919    -0.00333    -0.00050    -0.00088
43947    -0.00326    -0.00054    -0.00074
43978    -0.00316    -0.00054    -0.00033
44008    -0.00189    -0.00049     0.00068
44039    -0.00056    -0.00029     0.00161
44069     0.00122     0.00027     0.00175
44100     0.00198     0.00068     0.00141
44131     0.00226     0.00067     0.00117
44161     0.00216     0.00063     0.00099
44192     0.00149     0.00019     0.00055
44222     0.00132    -0.00047     0.00001
44253    -0.00049    -0.00084    -0.00003
44284    -0.00305    -0.00049    -0.00013
44313    -0.00373    -0.00047    -0.00033
44344    -0.00237    -0.00063    -0.00001
44374    -0.00131    -0.00036     0.00086
44405     0.00007    -0.00001     0.00161
44435     0.00179     0.00040     0.00160
44466     0.00271     0.00067     0.00127
44497     0.00241     0.00081     0.00097
44527     0.00185     0.00074     0.00082
44558     0.00152     0.00037     0.00031
44588     0.00095    -0.00007    -0.00010
44619     0.00097    -0.00040    -0.00042
44650     0.00030    -0.00067    -0.00052
44678    -0.00031    -0.00085    -0.00080
44709    -0.00009    -0.00092    -0.00052
44739     0.00047    -0.00090     0.00022
44770     0.00092    -0.00036     0.00146
44800     0.00207     0.00029     0.00147
44831     0.00292     0.00073     0.00112
44862     0.00294     0.00087     0.00087
44892     0.00212     0.00102     0.00046
44923     0.00147     0.00085     0.00013
44953     0.00029     0.00038    -0.00020
44984    -0.00100    -0.00020    -0.00074
45015    -0.00157    -0.00025    -0.00126
45043    -0.00172    -0.00028    -0.00129
45074    -0.00223    -0.00056    -0.00042
45104    -0.00096    -0.00062     0.00031
45135    -0.00018    -0.00051     0.00170
45165     0.00075    -0.00033     0.00254
45196     0.00183     0.00020     0.00192
45227     0.00193     0.00054     0.00152
45257     0.00142     0.00036     0.00111
45288     0.00030     0.00037     0.00033
45318    -0.00206     0.00033    -0.00029
45349    -0.00294     0.00008    -0.00076
45380    -0.00502    -0.00006    -0.00098
45408    -0.00607     0.00021    -0.00081
45439    -0.00504     0.00015    -0.00018
45469    -0.00387     0.00044     0.00063
45500    -0.00196     0.00058     0.00166
45530    -0.00033     0.00117     0.00209
45561     0.00076     0.00166     0.00171
45592     0.00106     0.00205     0.00124
45622     0.00001     0.00234     0.00085
45653    -0.00108     0.00200     0.00067
45683    -0.00332     0.00149     0.00028
45714    -0.00350     0.00115    -0.00036
45745    -0.00304     0.00081    -0.00063
45774    -0.00256     0.00055    -0.00061
45805    -0.00189    -0.00008    -0.00007
45835    -0.00099    -0.00002     0.00089
45866    -0.00014     0.00035     0.00168
45896     0.00092     0.00105     0.00198
45927     0.00157     0.00158     0.00180
45958     0.00185     0.00162     0.00151
45988     0.00129     0.00146     0.00110
46019    -0.00003     0.00099     0.00085
46049    -0.00202     0.00074     0.00047
46080    -0.00349     0.00013     0.00009
46111    -0.00331    -0.00036    -0.00067
46139    -0.00298    -0.00026    -0.00093
46170    -0.00196    -0.00055    -0.00040
46200    -0.00094    -0.00044     0.00019
46231     0.00014    -0.00004     0.00124
46261     0.00158     0.00014     0.00143
46292     0.00218     0.00042     0.00114
46323     0.00212     0.00080     0.00093
46353     0.00116     0.00111     0.00070
46384    -0.00001     0.00096     0.00034
46414    -0.00151     0.00048    -0.00010
46445    -0.00107    -0.00011    -0.00088
46476    -0.00205    -0.00044    -0.00115
46504    -0.00262    -0.00084    -0.00112
46535    -0.00188    -0.00091    -0.00062
46565    -0.00106    -0.00077     0.00040
46596    -0.00013    -0.00065     0.00168
46626     0.00124     0.00014     0.00196
46657     0.00244     0.00055     0.00168
46688     0.00228     0.00052     0.00151
46718     0.00147     0.00037     0.00129
46749     0.00113     0.00016     0.00062
46779     0.00033    -0.00017     0.00000
46810    -0.00031    -0.00046    -0.00042
46841    -0.00053    -0.00059    -0.00081
46869    -0.00107    -0.00061    -0.00109
46900    -0.00050    -0.00087    -0.00066
46930     0.00036    -0.00069     0.00022
46961     0.00113    -0.00049     0.00092
46991     0.00197     0.00003     0.00163
47022     0.00255     0.00041     0.00147
47053     0.00286     0.00060     0.00095
47083     0.00289     0.00053     0.00047
47114     0.00182     0.00056     0.00024
47144     0.00090     0.00003    -0.00007
47175    -0.00016    -0.00037    -0.00057
47206    -0.00013    -0.00075    -0.00111
47235     0.00037    -0.00107    -0.00143
47266     0.00073    -0.00098    -0.00084
47296     0.00132    -0.00071    -0.00019
47327     0.00238    -0.00052     0.00091
47357     0.00329    -0.00009     0.00108
47388     0.00389     0.00033     0.00050
47419     0.00381     0.00067    -0.00004
47449     0.00337     0.00066    -0.00015
47480     0.00253     0.00023    -0.00036
47510     0.00168    -0.00029    -0.00075
47541     0.00078    -0.00065    -0.00127
47572     0.00048    -0.00086    -0.00174
47600     0.00046    -0.00076    -0.00189
47631     0.00121    -0.00069    -0.00149
47661     0.00187    -0.00063    -0.00058
47692     0.00224    -0.00017     0.00074
47722     0.00336     0.00011     0.00125
47753     0.00402     0.00025     0.00117
47784     0.00369     0.00046     0.00091
47814     0.00340     0.00043     0.00037
47845     0.00286     0.00020    -0.00010
47875     0.00275    -0.00070    -0.00084
47906     0.00216    -0.00124    -0.00143
47937     0.00147    -0.00143    -0.00197
47965     0.00116    -0.00116    -0.00205
47996     0.00167    -0.00098    -0.00146
48026     0.00192    -0.00085    -0.00043
48057     0.00231    -0.00030     0.00064
48087     0.00324     0.00016     0.00092
48118     0.00363     0.00052     0.00094
48149     0.00367     0.00058     0.00068
48179     0.00301     0.00074     0.00012
48210     0.00239     0.00053    -0.00053
48240     0.00184     0.00006    -0.00129
48271     0.00132    -0.00015    -0.00189
48302     0.00172    -0.00024    -0.00230
48330     0.00018    -0.00057    -0.00240
48361     0.00004    -0.00087    -0.00177
48391     0.00034    -0.00097    -0.00079
48422     0.00130    -0.00058     0.00036
48452     0.00222    -0.00013     0.00103
48483     0.00312     0.00031     0.00084
48514     0.00280     0.00065     0.00074
48544     0.00242     0.00064     0.00035
48575     0.00149     0.00065    -0.00006
48605     0.00051     0.00059    -0.00068
48636    -0.00090     0.00027    -0.00116
48667    -0.00214     0.00002    -0.00134
48696    -0.00301    -0.00000    -0.00124
48727    -0.00251    -0.00030    -0.00090
48757    -0.00127    -0.00017    -0.00000
48788    -0.00042     0.00008     0.00109
48818     0.00051     0.00045     0.00151
48849     0.00138     0.00083     0.00118
48880     0.00151     0.00084     0.00088
48910     0.00149     0.00089     0.00038
48941     0.00063     0.00054    -0.00025
48971    -0.00035     0.00018    -0.00041
49002    -0.00269     0.00017    -0.00056
49033    -0.00388     0.00019    -0.00095
49061    -0.00395    -0.00003    -0.00121
49092    -0.00339    -0.00030    -0.00090
49122    -0.00216    -0.00015    -0.00036
49153    -0.00128     0.00013     0.00065
49183    -0.00049     0.00068     0.00086
49214     0.00060     0.00102     0.00055
49245     0.00080     0.00116     0.00010
49275     0.00068     0.00107    -0.00021
49306     0.00017     0.00078    -0.00058
49336    -0.00043     0.00036    -0.00096
49367    -0.00060    -0.00043    -0.00153
49398    -0.00110    -0.00078    -0.00181
49426    -0.00123    -0.00068    -0.00187
49457    -0.00098    -0.00077    -0.00140
49487    -0.00063    -0.00074    -0.00059
49518     0.00017    -0.00060     0.00021
49548     0.00115    -0.00007     0.00018
49579     0.00214     0.00014    -0.00017
49610     0.00221     0.00029    -0.00062
49640     0.00156     0.00005    -0.00082
49671     0.00073    -0.00034    -0.00135
49701    -0.00005    -0.00047    -0.00205
49732    -0.00183    -0.00047    -0.00235
49763    -0.00242    -0.00041    -0.00277
49791    -0.00298    -0.00049    -0.00277
49822    -0.00276    -0.00078    -0.00204
49852    -0.00236    -0.00073    -0.00102
49883    -0.00171    -0.00033    -0.00006
49913    -0.00030     0.00019     0.00014
49944     0.00082     0.00058    -0.00047
49975     0.00110     0.00085    -0.00093
50005     0.00085     0.00073    -0.00121
50036     0.00032     0.00045    -0.00163
50066    -0.00034    -0.00034    -0.00177
50097    -0.00081    -0.00091    -0.00238
50128    -0.00154    -0.00119    -0.00289
50157    -0.00172    -0.00120    -0.00314
50188    -0.00146    -0.00126    -0.00264
50218    -0.00099    -0.00132    -0.00106
50249    -0.00021    -0.00136     0.00063
50279     0.00026    -0.00138     0.00222
50310     0.00099    -0.00132     0.00311
50341     0.00118    -0.00146     0.00332
50371     0.00126    -0.00151     0.00288
50402     0.00023    -0.00169     0.00237
50432    -0.00054    -0.00176     0.00149
50463    -0.00152    -0.00185     0.00062
50494    -0.00223    -0.00173    -0.00040
50522    -0.00219    -0.00179    -0.00128
50553    -0.00175    -0.00187    -0.00131
50583    -0.00132    -0.00166    -0.00099
50614    -0.00081    -0.00123    -0.00013
50644     0.00003    -0.00047     0.00013
50675     0.00070     0.00025     0.00001
50706     0.00043     0.00070    -0.00047
50736    -0.00034     0.00068    -0.00131
50767    -0.00128     0.00040    -0.00225
50797    -0.00248    -0.00007    -0.00294
50828    -0.00379    -0.00025    -0.00329
50859    -0.00592    -0.00021    -0.00314
50887    -0.00609    -0.00013    -0.00336
50918    -0.00579    -0.00013    -0.00282
50948    -0.00493     0.00004    -0.00165
50979    -0.00393     0.00033    -0.00047
51009    -0.00228     0.00097    -0.00057
51040    -0.00069     0.00122    -0.00096
51071    -0.00018     0.00136    -0.00147
51101    -0.00072     0.00136    -0.00199
51132    -0.00169     0.00113    -0.00220
51162    -0.00249     0.00059    -0.00233
51193    -0.00279     0.00005    -0.00265
51224    -0.00354    -0.00029    -0.00261
51252    -0.00301    -0.00050    -0.00256
51283    -0.00292    -0.00054    -0.00178
51313    -0.00241    -0.00030    -0.00093
51344    -0.00166     0.00025    -0.00001
51374    -0.00093     0.00061     0.00037
51405     0.00030     0.00081    -0.00000
51436     0.00052     0.00089    -0.00024
51466     0.00058     0.00084    -0.00062
51497     0.00050     0.00057    -0.00082
51527     0.00019     0.00002    -0.00098
51558     0.00032    -0.00119    -0.00111
51589    -0.00013    -0.00180    -0.00110
51618    -0.00109    -0.00178    -0.00096
51649    -0.00060    -0.00186    -0.00096
51679     0.00019    -0.00130    -0.00073
51710     0.00049    -0.00048    -0.00018
51740     0.00107     0.00001     0.00036
51771     0.00187     0.00041     0.00030
51802     0.00195     0.00039     0.00018
51832     0.00154     0.00040    -0.00031
51863     0.00048     0.00016    -0.00049
51893     0.00062    -0.00038    -0.00078
51924    -0.00032    -0.00064    -0.00091
51955    -0.00145    -0.00040    -0.00098
51983    -0.00253    -0.00051    -0.00091
52014    -0.00184    -0.00069    -0.00073
52044    -0.00093    -0.00038    -0.00001
52075    -0.00000     0.00004     0.00059
52105     0.00094     0.00056     0.00109
52136     0.00173     0.00109     0.00107
52167     0.00171     0.00124     0.00090
52197     0.00166     0.00126     0.00046
52228     0.00135     0.00097     0.00001
52258     0.00027     0.00035    -0.00007
52289    -0.00005    -0.00035    -0.00034
52320    -0.00008    -0.00053    -0.00057
52348    -0.00006    -0.00053    -0.00074
52379     0.00004    -0.00080    -0.00044
52409     0.00026    -0.00050     0.00032
52440     0.00074    -0.00010     0.00138
52470     0.00154     0.00052     0.00175
52501     0.00223     0.00087     0.00165
52532     0.00219     0.00104     0.00130
52562     0.00170     0.00093     0.00060
52593     0.00103     0.00044     0.00006
52623     0.00040    -0.00000    -0.00010
52654     0.00003    -0.00063    -0.00021
52685    -0.00055    -0.00088    -0.00027
52713    -0.00115    -0.00091    -0.00008
52744    -0.00090    -0.00111     0.00024
52774    -0.00087    -0.00082     0.00095
52805    -0.00020    -0.00048     0.00166
52835     0.00095     0.00022     0.00178
52866     0.00192     0.00064     0.00149
52897     0.00208     0.00096     0.00092
52927     0.00178     0.00103     0.00050
52958     0.00105     0.00069     0.00007
52988     0.00062     0.00028    -0.00017
53019     0.00028    -0.00038    -0.00028
53050     0.00015    -0.00083    -0.00036
53079    -0.00051    -0.00094    -0.00035
53110     0.00013    -0.00115    -0.00037
53140     0.00048    -0.00091     0.00016
53171     0.00072    -0.00026     0.00085
53201     0.00140     0.00023     0.00125
53232     0.00213     0.00066     0.00100
53263     0.00198     0.00104     0.00058
53293     0.00112     0.00104     0.00026
53324    -0.00042     0.00071     0.00009
53354    -0.00071     0.00011    -0.00033
53385    -0.00300    -0.00023    -0.00017
53416    -0.00395    -0.00055    -0.00019
53444    -0.00442    -0.00086    -0.00021
53475    -0.00365    -0.00092     0.00007
53505    -0.00281    -0.00082     0.00045
53536    -0.00187    -0.00039     0.00128
53566    -0.00046     0.00039     0.00160
53597     0.00039     0.00112     0.00136
53628     0.00072     0.00144     0.00104
53658     0.00012     0.00148     0.00089
53689    -0.00032     0.00129     0.00071
53719    -0.00080     0.00032     0.00076
53750    -0.00165    -0.00048     0.00093
53781    -0.00154    -0.00082     0.00062
53809    -0.00171    -0.00115     0.00046
53840    -0.00179    -0.00132     0.00077
53870    -0.00115    -0.00089     0.00110
53901    -0.00027    -0.00022     0.00162
53931     0.00084     0.00063     0.00200
53962     0.00159     0.00095     0.00172
53993     0.00156     0.00120     0.00120
54023     0.00101     0.00095     0.00104
54054     0.00067     0.00022     0.00060
54084     0.00033    -0.00027     0.00035
54115    -0.00008    -0.00053     0.00023
54146    -0.00007    -0.00077    -0.00009
54174    -0.00012    -0.00088    -0.00006
54205    -0.00015    -0.00098     0.00037
54235     0.00026    -0.00082     0.00075
54266     0.00094    -0.00021     0.00127
54296     0.00187     0.00053     0.00125
54327     0.00269     0.00073     0.00086
54358     0.00272     0.00093     0.00027
54388     0.00215     0.00090     0.00016
54419     0.00205     0.00031    -0.00008
54449     0.00119    -0.00027    -0.00023
54480    -0.00018    -0.00096    -0.00009
54511    -0.00156    -0.00123     0.00003
54540    -0.00158    -0.00148    -0.00007
54571    -0.00108    -0.00143    -0.00009
54601    -0.00053    -0.00110     0.00053
54632     0.00014    -0.00050     0.00110
54662     0.00121     0.00010     0.00118
54693     0.00207     0.00051     0.00073
54724     0.00190     0.00078     0.00016
54754     0.00158     0.00078    -0.00022
54785     0.00112     0.00074    -0.00057
54815     0.00031     0.00014    -0.00063
54846    -0.00019    -0.00030    -0.00073
54877    -0.00076    -0.00073    -0.00087
54905    -0.00127    -0.00100    -0.00089
54936    -0.00101    -0.00106    -0.00072
54966    -0.00062    -0.00073    -0.00012
54997     0.00004    -0.00026     0.00076
55027     0.00109     0.00029     0.00100
55058     0.00188     0.00062     0.00077
55089     0.00212     0.00080     0.00041
55119     0.00132     0.00086     0.00014
55150     0.00084     0.00015    -0.00031
55180     0.00013    -0.00048    -0.00050
55211    -0.00084    -0.00086    -0.00071
55242    -0.00277    -0.00069    -0.00065
55270    -0.00254    -0.00088    -0.00075
55301    -0.00206    -0.00093    -0.00043
55331    -0.00155    -0.00070     0.00003
55362    -0.00081    -0.00023     0.00067
55392     0.00034     0.00045     0.00103
55423     0.00158     0.00094     0.00068
55454     0.00186     0.00138    -0.00002
55484     0.00144     0.00157    -0.00045
55515     0.00072     0.00113    -0.00069
55545    -0.00085     0.00061    -0.00084
55576    -0.00280     0.00007    -0.00061
55607    -0.00286    -0.00030    -0.00072
55635    -0.00353    -0.00057    -0.00054
55666    -0.00361    -0.00064    -0.00008
55696    -0.00285    -0.00041     0.00049
55727    -0.00190     0.00026     0.00123
55757    -0.00061     0.00099     0.00146
55788     0.00056     0.00144     0.00119
55819     0.00106     0.00167     0.00063
55849     0.00096     0.00128     0.00029
55880     0.00070     0.00079     0.00005
55910     0.00017     0.00043    -0.00012
55941    -0.00007    -0.00007    -0.00034
55972    -0.00057    -0.00029    -0.00033
56001    -0.00072    -0.00022    -0.00014
56032    -0.00109    -0.00036     0.00021
56062    -0.00055    -0.00026     0.00052
56093     0.00035     0.00008     0.00127
56123     0.00156     0.00057     0.00140
56154     0.00245     0.00104     0.00091
56185     0.00281     0.00141     0.00011
56215     0.00233     0.00117    -0.00018
56246     0.00202     0.00076    -0.00073
56276     0.00131     0.00022    -0.00091
56307     0.00061    -0.00017    -0.00103
56338     0.00037    -0.00046    -0.00122
56366     0.00027    -0.00059    -0.00116
56397     0.00051    -0.00082    -0.00088
56427     0.00082    -0.00064    -0.00014
56458     0.00088    -0.00011     0.00068
56488     0.00164     0.00063     0.00104
56519     0.00211     0.00115     0.00095
56550     0.00191     0.00139     0.00082
56580     0.00134     0.00135     0.00062
56611     0.00083     0.00086     0.00057
56641     0.00034     0.00041     0.00047
56672     0.00032    -0.00013     0.00034
56703     0.00017    -0.00053     0.00037
56731    -0.00038    -0.00098     0.00069
56762    -0.00015    -0.00104     0.00105
56792     0.00021    -0.00099     0.00135
56823     0.00046    -0.00052     0.00184
56853     0.00115     0.00010     0.00198
56884     0.00201     0.00054     0.00156
56915     0.00188     0.00087     0.00092
56945     0.00133     0.00078     0.00043
56976     0.00079     0.00041     0.00010
57006    -0.00031    -0.00002     0.00013
57037    -0.00073    -0.00009    -0.00019
57068    -0.00112    -0.00039    -0.00042
57096    -0.00122    -0.00058    -0.00051
57127    -0.00085    -0.00067    -0.00038
57157    -0.00085    -0.00048     0.00032
57188    -0.00051    -0.00007     0.00108
57218     0.00025     0.00027     0.00151
57249     0.00114     0.00071     0.00117
57280     0.00127     0.00101     0.00068
57310     0.00079     0.00117     0.00020
57341     0.00011     0.00115    -0.00043
57371    -0.00052     0.00108    -0.00099
57402    -0.00124     0.00057    -0.00115
57433    -0.00143     0.00005    -0.00116
57462    -0.00151    -0.00053    -0.00113
57493    -0.00118    -0.00079    -0.00096
57523    -0.00075    -0.00057    -0.00058
57554     0.00003    -0.00010     0.00005
