# Hydrology loading displacements computed from the monthly GLDAS NOAH model
# This is a product of the Hydrology loading service: http://lacerta.gsfc.nasa.gov/hydlo/
# Displacements are with respect to the center of mass of the total earth
#
# Created for VieVS on 17.03.2017 at 11:46:08 local time
# OFFSET + TREND REMOVED!!! - Hana 
# mjd up (meters) eastwest (meters) northsouth (meters)
43888     0.00045     0.00031    -0.00099
43919    -0.00021     0.00058    -0.00155
43947    -0.00018     0.00039    -0.00154
43978    -0.00005    -0.00000    -0.00132
44008     0.00054    -0.00040    -0.00043
44039     0.00164    -0.00055     0.00062
44069     0.00101    -0.00022     0.00170
44100     0.00063     0.00014     0.00212
44131     0.00040     0.00007     0.00206
44161    -0.00020    -0.00013     0.00180
44192     0.00014    -0.00005     0.00095
44222     0.00018     0.00013     0.00009
44253     0.00033     0.00011    -0.00063
44284    -0.00006     0.00017    -0.00096
44313    -0.00027     0.00037    -0.00116
44344    -0.00025     0.00008    -0.00083
44374     0.00026    -0.00020     0.00014
44405     0.00104    -0.00026     0.00113
44435     0.00075     0.00019     0.00197
44466     0.00039     0.00057     0.00230
44497     0.00007     0.00048     0.00216
44527     0.00022     0.00011     0.00165
44558     0.00002     0.00003     0.00093
44588    -0.00017     0.00011     0.00024
44619    -0.00006     0.00034    -0.00016
44650     0.00027     0.00049    -0.00056
44678     0.00017     0.00062    -0.00098
44709     0.00023     0.00050    -0.00086
44739     0.00084     0.00016    -0.00038
44770     0.00138    -0.00043     0.00078
44800     0.00067    -0.00019     0.00177
44831     0.00034     0.00039     0.00242
44862    -0.00002     0.00043     0.00235
44892    -0.00064     0.00016     0.00177
44923    -0.00090    -0.00000     0.00119
44953    -0.00062    -0.00008     0.00026
44984    -0.00051     0.00003    -0.00088
45015    -0.00066     0.00025    -0.00141
45043    -0.00081     0.00030    -0.00145
45074    -0.00041     0.00001    -0.00116
45104     0.00041    -0.00009    -0.00044
45135     0.00170    -0.00053     0.00058
45165     0.00259    -0.00050     0.00154
45196     0.00178     0.00007     0.00191
45227     0.00073     0.00012     0.00196
45257     0.00083     0.00018     0.00134
45288     0.00009     0.00031     0.00059
45318    -0.00047     0.00017    -0.00046
45349    -0.00067     0.00009    -0.00127
45380    -0.00083     0.00003    -0.00203
45408    -0.00123    -0.00027    -0.00195
45439    -0.00067    -0.00068    -0.00142
45469    -0.00027    -0.00088    -0.00037
45500     0.00101    -0.00085     0.00089
45530     0.00015    -0.00073     0.00217
45561     0.00000     0.00005     0.00283
45592    -0.00080     0.00018     0.00299
45622    -0.00114    -0.00010     0.00245
45653    -0.00108    -0.00043     0.00169
45683    -0.00091    -0.00051     0.00039
45714    -0.00090    -0.00016    -0.00033
45745    -0.00114    -0.00029    -0.00072
45774    -0.00143    -0.00051    -0.00086
45805    -0.00061    -0.00061    -0.00083
45835     0.00037    -0.00079     0.00002
45866     0.00108    -0.00095     0.00097
45896     0.00055    -0.00091     0.00212
45927     0.00090    -0.00047     0.00275
45958     0.00035    -0.00043     0.00276
45988     0.00022    -0.00050     0.00209
46019     0.00023    -0.00074     0.00110
46049    -0.00009    -0.00078     0.00010
46080     0.00003    -0.00078    -0.00102
46111    -0.00039    -0.00034    -0.00172
46139    -0.00096    -0.00036    -0.00177
46170    -0.00036    -0.00029    -0.00129
46200     0.00035    -0.00041    -0.00061
46231     0.00148    -0.00062     0.00045
46261     0.00114    -0.00030     0.00128
46292     0.00161     0.00016     0.00170
46323     0.00117     0.00015     0.00182
46353    -0.00007    -0.00027     0.00147
46384    -0.00048    -0.00047     0.00075
46414    -0.00029    -0.00033    -0.00028
46445    -0.00047     0.00006    -0.00101
46476    -0.00061     0.00008    -0.00164
46504    -0.00072     0.00009    -0.00197
46535    -0.00034     0.00003    -0.00153
46565     0.00039    -0.00039    -0.00065
46596     0.00182    -0.00076     0.00033
46626     0.00114    -0.00057     0.00151
46657     0.00088     0.00001     0.00217
46688     0.00124     0.00005     0.00196
46718     0.00138    -0.00005     0.00137
46749     0.00095     0.00000     0.00066
46779     0.00067    -0.00007    -0.00029
46810     0.00023    -0.00009    -0.00096
46841    -0.00000    -0.00005    -0.00138
46869    -0.00033    -0.00005    -0.00173
46900     0.00022    -0.00017    -0.00151
46930     0.00105    -0.00045    -0.00064
46961     0.00202    -0.00040     0.00017
46991     0.00195    -0.00052     0.00133
47022     0.00085    -0.00030     0.00196
47053     0.00020     0.00002     0.00194
47083     0.00008     0.00017     0.00157
47114    -0.00040    -0.00004     0.00108
47144    -0.00029    -0.00019     0.00013
47175    -0.00045    -0.00016    -0.00079
47206    -0.00058     0.00004    -0.00140
47235    -0.00052     0.00039    -0.00165
47266    -0.00012     0.00025    -0.00113
47296     0.00018     0.00017    -0.00034
47327     0.00081    -0.00002     0.00081
47357     0.00069     0.00023     0.00157
47388     0.00041     0.00084     0.00182
47419    -0.00060     0.00090     0.00174
47449    -0.00051     0.00067     0.00143
47480    -0.00011     0.00045     0.00068
47510    -0.00030     0.00032    -0.00017
47541    -0.00041     0.00041    -0.00110
47572    -0.00077     0.00051    -0.00165
47600    -0.00105     0.00044    -0.00172
47631    -0.00073     0.00045    -0.00119
47661     0.00006     0.00027    -0.00044
47692     0.00114    -0.00017     0.00070
47722     0.00137     0.00008     0.00166
47753     0.00167     0.00054     0.00203
47784     0.00024     0.00039     0.00201
47814    -0.00007     0.00045     0.00161
47845    -0.00041     0.00021     0.00091
47875    -0.00006     0.00049    -0.00024
47906    -0.00006     0.00064    -0.00121
47937    -0.00050     0.00068    -0.00199
47965    -0.00069     0.00051    -0.00202
47996    -0.00041     0.00034    -0.00138
48026     0.00044     0.00005    -0.00060
48057     0.00105    -0.00023     0.00059
48087     0.00051    -0.00013     0.00160
48118     0.00083     0.00017     0.00218
48149     0.00024     0.00018     0.00213
48179    -0.00070    -0.00003     0.00154
48210    -0.00105    -0.00015     0.00064
48240    -0.00134    -0.00012    -0.00038
48271    -0.00144     0.00001    -0.00110
48302    -0.00165     0.00030    -0.00126
48330    -0.00162     0.00047    -0.00189
48361    -0.00081     0.00029    -0.00181
48391     0.00042    -0.00002    -0.00129
48422     0.00115    -0.00012    -0.00003
48452     0.00053    -0.00031     0.00109
48483    -0.00017     0.00013     0.00183
48514    -0.00033     0.00002     0.00185
48544    -0.00098    -0.00018     0.00142
48575    -0.00088    -0.00033     0.00078
48605    -0.00107    -0.00038    -0.00005
48636    -0.00111    -0.00042    -0.00102
48667    -0.00121    -0.00056    -0.00163
48696    -0.00138    -0.00087    -0.00192
48727    -0.00086    -0.00091    -0.00184
48757    -0.00040    -0.00107    -0.00078
48788     0.00070    -0.00121     0.00029
48818     0.00094    -0.00099     0.00108
48849     0.00080    -0.00044     0.00164
48880     0.00068    -0.00031     0.00158
48910     0.00011    -0.00030     0.00121
48941    -0.00018    -0.00035     0.00016
48971    -0.00022    -0.00049    -0.00049
49002    -0.00033    -0.00034    -0.00114
49033    -0.00069     0.00001    -0.00149
49061    -0.00072     0.00012    -0.00183
49092    -0.00004    -0.00002    -0.00176
49122     0.00015    -0.00017    -0.00106
49153     0.00077    -0.00031     0.00007
49183     0.00048    -0.00038     0.00070
49214    -0.00022    -0.00003     0.00123
49245    -0.00069     0.00012     0.00112
49275    -0.00061     0.00007     0.00074
49306    -0.00092    -0.00018     0.00008
49336    -0.00112    -0.00026    -0.00068
49367    -0.00084    -0.00007    -0.00167
49398    -0.00088     0.00010    -0.00220
49426    -0.00105     0.00013    -0.00217
49457    -0.00052    -0.00007    -0.00193
49487     0.00020    -0.00031    -0.00137
49518     0.00101    -0.00041    -0.00058
49548     0.00046    -0.00015     0.00023
49579     0.00055     0.00044     0.00063
49610    -0.00063     0.00052     0.00057
49640    -0.00106     0.00021     0.00002
49671    -0.00062     0.00025    -0.00096
49701    -0.00117     0.00022    -0.00182
49732    -0.00163     0.00029    -0.00239
49763    -0.00185     0.00053    -0.00270
49791    -0.00181     0.00065    -0.00286
49822    -0.00150     0.00033    -0.00254
49852    -0.00076    -0.00008    -0.00193
49883    -0.00024    -0.00040    -0.00096
49913    -0.00075    -0.00022     0.00009
49944    -0.00119     0.00046     0.00060
49975    -0.00163     0.00066     0.00064
50005    -0.00134     0.00053     0.00012
50036    -0.00157     0.00025    -0.00063
50066    -0.00115     0.00019    -0.00151
50097    -0.00108     0.00044    -0.00244
50128    -0.00129     0.00069    -0.00308
50157    -0.00137     0.00091    -0.00323
50188    -0.00096     0.00089    -0.00280
50218     0.00038     0.00029    -0.00182
50249     0.00226     0.00011    -0.00052
50279     0.00330    -0.00029     0.00068
50310     0.00437    -0.00037     0.00151
50341     0.00466    -0.00034     0.00160
50371     0.00429    -0.00027     0.00130
50402     0.00389    -0.00015     0.00060
50432     0.00313     0.00008    -0.00022
50463     0.00251     0.00039    -0.00110
50494     0.00176     0.00067    -0.00190
50522     0.00139     0.00098    -0.00262
50553     0.00158     0.00127    -0.00263
50583     0.00140     0.00111    -0.00217
50614     0.00137     0.00054    -0.00126
50644     0.00108     0.00043    -0.00037
50675     0.00055     0.00053     0.00044
50706    -0.00068     0.00046     0.00043
50736    -0.00105     0.00065    -0.00036
50767    -0.00145     0.00093    -0.00147
50797    -0.00126     0.00131    -0.00251
50828    -0.00155     0.00138    -0.00322
50859    -0.00187     0.00112    -0.00357
50887    -0.00188     0.00095    -0.00388
50918    -0.00180     0.00058    -0.00353
50948    -0.00161    -0.00003    -0.00242
50979    -0.00115    -0.00046    -0.00125
51009    -0.00147    -0.00007    -0.00028
51040    -0.00229     0.00043     0.00028
51071    -0.00237     0.00083     0.00034
51101    -0.00270     0.00068    -0.00025
51132    -0.00251     0.00030    -0.00094
51162    -0.00235     0.00014    -0.00171
51193    -0.00193     0.00015    -0.00245
51224    -0.00154     0.00023    -0.00282
51252    -0.00149     0.00030    -0.00280
51283    -0.00127     0.00004    -0.00231
51313    -0.00060    -0.00028    -0.00161
51344    -0.00009    -0.00056    -0.00051
51374    -0.00057    -0.00059     0.00026
51405    -0.00037     0.00015     0.00072
51436    -0.00080     0.00027     0.00072
51466    -0.00067     0.00039     0.00045
51497    -0.00089     0.00031     0.00005
51527    -0.00033     0.00029    -0.00056
51558     0.00020     0.00052    -0.00138
51589     0.00029     0.00066    -0.00186
51618    -0.00000     0.00070    -0.00193
51649     0.00021     0.00077    -0.00192
51679     0.00008     0.00075    -0.00118
51710     0.00072     0.00043    -0.00038
51740     0.00035     0.00016     0.00048
51771    -0.00006     0.00027     0.00109
51802    -0.00050     0.00024     0.00111
51832    -0.00062     0.00032     0.00067
51863    -0.00051     0.00021    -0.00002
51893    -0.00006     0.00049    -0.00049
51924    -0.00061     0.00019    -0.00106
51955    -0.00122     0.00000    -0.00123
51983    -0.00126    -0.00005    -0.00149
52014    -0.00043     0.00017    -0.00130
52044     0.00041    -0.00004    -0.00043
52075     0.00073    -0.00022     0.00033
52105     0.00030    -0.00023     0.00142
52136    -0.00003     0.00009     0.00213
52167    -0.00036     0.00005     0.00205
52197    -0.00062     0.00011     0.00172
52228    -0.00057     0.00030     0.00114
52258    -0.00041     0.00011     0.00030
52289    -0.00059     0.00016    -0.00040
52320    -0.00051     0.00015    -0.00073
52348    -0.00028     0.00013    -0.00092
52379     0.00029    -0.00016    -0.00105
52409     0.00081    -0.00059    -0.00045
52440     0.00150    -0.00095     0.00057
52470     0.00031    -0.00099     0.00163
52501    -0.00013    -0.00053     0.00231
52532     0.00022    -0.00016     0.00218
52562    -0.00043    -0.00012     0.00145
52593    -0.00054    -0.00009     0.00057
52623    -0.00021    -0.00011    -0.00010
52654    -0.00022    -0.00008    -0.00068
52685    -0.00053    -0.00017    -0.00104
52713    -0.00054    -0.00034    -0.00111
52744     0.00053    -0.00028    -0.00104
52774     0.00149    -0.00060    -0.00048
52805     0.00226    -0.00086     0.00028
52835     0.00109    -0.00067     0.00133
52866     0.00030    -0.00022     0.00196
52897    -0.00016     0.00007     0.00197
52927    -0.00026    -0.00002     0.00158
52958    -0.00048    -0.00018     0.00078
52988    -0.00064    -0.00023     0.00018
53019    -0.00030    -0.00021    -0.00043
53050    -0.00037    -0.00018    -0.00079
53079    -0.00008    -0.00014    -0.00098
53110     0.00072     0.00014    -0.00104
53140     0.00069    -0.00030    -0.00058
53171     0.00086    -0.00058     0.00027
53201     0.00062    -0.00056     0.00117
53232     0.00051    -0.00004     0.00172
53263    -0.00023    -0.00001     0.00168
53293    -0.00083    -0.00012     0.00120
53324    -0.00044    -0.00023     0.00040
53354     0.00002     0.00010    -0.00036
53385    -0.00032     0.00001    -0.00095
53416    -0.00102    -0.00036    -0.00151
53444    -0.00142    -0.00054    -0.00182
53475    -0.00015    -0.00044    -0.00156
53505     0.00102    -0.00033    -0.00108
53536     0.00153    -0.00058    -0.00007
53566     0.00046    -0.00058     0.00115
53597    -0.00019    -0.00026     0.00182
53628    -0.00046    -0.00002     0.00200
53658    -0.00051    -0.00022     0.00167
53689    -0.00066    -0.00044     0.00124
53719    -0.00038    -0.00080     0.00032
53750    -0.00047    -0.00099    -0.00027
53781    -0.00053    -0.00089    -0.00068
53809     0.00028    -0.00049    -0.00102
53840     0.00110    -0.00030    -0.00097
53870     0.00142    -0.00046    -0.00038
53901     0.00118    -0.00066     0.00069
53931     0.00020    -0.00071     0.00194
53962     0.00072    -0.00006     0.00235
53993     0.00037     0.00011     0.00217
54023     0.00006    -0.00013     0.00167
54054     0.00019    -0.00015     0.00077
54084     0.00014    -0.00022     0.00009
54115     0.00027    -0.00030    -0.00038
54146     0.00049    -0.00005    -0.00067
54174     0.00054    -0.00024    -0.00081
54205     0.00095    -0.00048    -0.00072
54235     0.00152    -0.00047    -0.00027
54266     0.00145    -0.00050     0.00069
54296     0.00063    -0.00018     0.00156
54327     0.00074     0.00055     0.00199
54358    -0.00014     0.00076     0.00180
54388    -0.00003     0.00059     0.00147
54419     0.00008     0.00071     0.00089
54449     0.00037     0.00062     0.00008
54480     0.00073     0.00056    -0.00066
54511     0.00092     0.00038    -0.00115
54540     0.00106     0.00013    -0.00158
54571     0.00127     0.00008    -0.00157
54601     0.00167    -0.00022    -0.00087
54632     0.00170    -0.00034     0.00007
54662     0.00140    -0.00010     0.00098
54693     0.00047     0.00039     0.00147
54724    -0.00017     0.00045     0.00129
54754    -0.00016     0.00046     0.00089
54785    -0.00088     0.00039     0.00055
54815    -0.00049     0.00019    -0.00022
54846    -0.00046     0.00013    -0.00074
54877    -0.00044     0.00036    -0.00113
54905    -0.00020     0.00035    -0.00151
54936     0.00037     0.00021    -0.00156
54966     0.00091    -0.00007    -0.00096
54997     0.00123    -0.00035     0.00013
55027     0.00028    -0.00029     0.00111
55058    -0.00022     0.00009     0.00158
55089    -0.00009     0.00046     0.00171
55119    -0.00048     0.00031     0.00128
55150    -0.00037     0.00034     0.00023
55180    -0.00011     0.00035    -0.00057
55211    -0.00040     0.00049    -0.00106
55242    -0.00082     0.00027    -0.00131
55270    -0.00017     0.00050    -0.00155
55301     0.00037     0.00036    -0.00141
55331     0.00060     0.00013    -0.00087
55362     0.00083    -0.00009    -0.00005
55392     0.00018    -0.00006     0.00113
55423     0.00023     0.00064     0.00192
55454    -0.00059     0.00094     0.00190
55484    -0.00130     0.00078     0.00148
55515    -0.00114     0.00062     0.00073
55545    -0.00131     0.00050    -0.00011
55576    -0.00151     0.00026    -0.00080
55607    -0.00131     0.00016    -0.00124
55635    -0.00060     0.00013    -0.00152
55666     0.00027    -0.00006    -0.00136
55696     0.00054    -0.00036    -0.00079
55727     0.00072    -0.00044     0.00037
55757     0.00039    -0.00034     0.00150
55788     0.00002     0.00011     0.00212
55819    -0.00071     0.00046     0.00218
55849    -0.00058     0.00061     0.00166
55880    -0.00024     0.00057     0.00100
55910    -0.00017     0.00034     0.00039
55941    -0.00009     0.00029    -0.00024
55972    -0.00038     0.00004    -0.00060
56001    -0.00043    -0.00014    -0.00052
56032     0.00009    -0.00020    -0.00041
56062     0.00053    -0.00035    -0.00012
56093     0.00135    -0.00043     0.00079
56123     0.00094    -0.00011     0.00170
56154     0.00080     0.00057     0.00224
56185     0.00009     0.00108     0.00224
56215    -0.00051     0.00085     0.00170
56246    -0.00135     0.00081     0.00102
56276    -0.00131     0.00072     0.00028
56307    -0.00121     0.00054    -0.00037
56338    -0.00124     0.00039    -0.00085
56366    -0.00087     0.00025    -0.00098
56397    -0.00013     0.00033    -0.00100
56427     0.00070     0.00007    -0.00036
56458     0.00147    -0.00033     0.00042
56488    -0.00005    -0.00044     0.00164
56519    -0.00039    -0.00007     0.00230
56550    -0.00045     0.00004     0.00239
56580    -0.00035    -0.00003     0.00195
56611    -0.00028    -0.00035     0.00128
56641    -0.00009    -0.00048     0.00069
56672     0.00031    -0.00038     0.00018
56703     0.00057    -0.00038    -0.00015
56731     0.00082    -0.00057    -0.00044
56762     0.00122    -0.00066    -0.00021
56792     0.00183    -0.00071     0.00006
56823     0.00175    -0.00097     0.00072
56853     0.00108    -0.00085     0.00154
56884     0.00044    -0.00014     0.00211
56915     0.00036     0.00020     0.00186
56945    -0.00013     0.00019     0.00130
56976    -0.00000     0.00001     0.00060
57006    -0.00038    -0.00040    -0.00004
57037    -0.00049    -0.00038    -0.00046
57068    -0.00047    -0.00053    -0.00101
57096    -0.00034    -0.00059    -0.00127
57127     0.00019    -0.00054    -0.00120
57157     0.00117    -0.00083    -0.00071
57188     0.00185    -0.00101     0.00009
57218     0.00187    -0.00090     0.00084
57249     0.00139    -0.00029     0.00143
57280    -0.00006    -0.00016     0.00145
57310    -0.00048    -0.00012     0.00122
57341    -0.00084    -0.00010     0.00048
57371    -0.00135    -0.00004    -0.00016
57402    -0.00084     0.00004    -0.00083
57433    -0.00075    -0.00014    -0.00134
57462    -0.00014    -0.00016    -0.00178
57493     0.00027    -0.00011    -0.00181
57523     0.00050    -0.00018    -0.00128
57554     0.00081    -0.00026    -0.00026
