# Hydrology loading displacements computed from the monthly GLDAS NOAH model
# This is a product of the Hydrology loading service: http://lacerta.gsfc.nasa.gov/hydlo/
# Displacements are with respect to the center of mass of the total earth
#
# Created for VieVS on 17.03.2017 at 11:46:08 local time
# OFFSET + TREND REMOVED!!! - Hana 
# mjd up (meters) eastwest (meters) northsouth (meters)
43888    -0.00268    -0.00052    -0.00051
43919    -0.00360    -0.00081    -0.00123
43947    -0.00332    -0.00079    -0.00105
43978    -0.00296    -0.00073    -0.00060
44008    -0.00167    -0.00054     0.00056
44039    -0.00030    -0.00024     0.00157
44069     0.00148     0.00033     0.00173
44100     0.00213     0.00079     0.00139
44131     0.00248     0.00079     0.00120
44161     0.00238     0.00075     0.00105
44192     0.00165     0.00030     0.00064
44222     0.00146    -0.00035     0.00014
44253    -0.00052    -0.00091    -0.00008
44284    -0.00350    -0.00087    -0.00056
44313    -0.00381    -0.00084    -0.00081
44344    -0.00222    -0.00079    -0.00027
44374    -0.00109    -0.00045     0.00067
44405     0.00041    -0.00003     0.00153
44435     0.00211     0.00043     0.00156
44466     0.00306     0.00073     0.00124
44497     0.00264     0.00091     0.00099
44527     0.00207     0.00086     0.00088
44558     0.00168     0.00051     0.00042
44588     0.00111     0.00003     0.00002
44619     0.00109    -0.00035    -0.00034
44650     0.00051    -0.00077    -0.00056
44678    -0.00008    -0.00101    -0.00092
44709     0.00025    -0.00104    -0.00059
44739     0.00073    -0.00092     0.00025
44770     0.00116    -0.00030     0.00154
44800     0.00232     0.00039     0.00154
44831     0.00314     0.00086     0.00118
44862     0.00311     0.00103     0.00094
44892     0.00224     0.00117     0.00055
44923     0.00161     0.00097     0.00024
44953     0.00031     0.00042    -0.00012
44984    -0.00099    -0.00031    -0.00073
45015    -0.00163    -0.00044    -0.00133
45043    -0.00180    -0.00054    -0.00142
45074    -0.00206    -0.00088    -0.00063
45104    -0.00075    -0.00077     0.00023
45135     0.00005    -0.00054     0.00171
45165     0.00101    -0.00031     0.00258
45196     0.00200     0.00026     0.00195
45227     0.00197     0.00063     0.00156
45257     0.00147     0.00045     0.00120
45288     0.00028     0.00036     0.00035
45318    -0.00225     0.00017    -0.00043
45349    -0.00310    -0.00013    -0.00093
45380    -0.00533    -0.00049    -0.00140
45408    -0.00638    -0.00026    -0.00131
45439    -0.00499    -0.00013    -0.00051
45469    -0.00352     0.00020     0.00035
45500    -0.00158     0.00048     0.00149
45530     0.00006     0.00113     0.00198
45561     0.00091     0.00163     0.00154
45592     0.00117     0.00202     0.00106
45622    -0.00000     0.00235     0.00064
45653    -0.00104     0.00198     0.00052
45683    -0.00353     0.00124     0.00006
45714    -0.00381     0.00088    -0.00057
45745    -0.00323     0.00061    -0.00074
45774    -0.00269     0.00044    -0.00062
45805    -0.00202    -0.00013    -0.00000
45835    -0.00108     0.00000     0.00101
45866    -0.00018     0.00042     0.00183
45896     0.00091     0.00114     0.00209
45927     0.00141     0.00172     0.00188
45958     0.00173     0.00179     0.00161
45988     0.00115     0.00166     0.00123
46019    -0.00025     0.00117     0.00098
46049    -0.00253     0.00074     0.00040
46080    -0.00433     0.00002    -0.00015
46111    -0.00398    -0.00048    -0.00088
46139    -0.00344    -0.00035    -0.00106
46170    -0.00230    -0.00057    -0.00042
46200    -0.00121    -0.00039     0.00023
46231    -0.00001     0.00006     0.00131
46261     0.00151     0.00027     0.00150
46292     0.00211     0.00057     0.00120
46323     0.00204     0.00095     0.00101
46353     0.00097     0.00130     0.00079
46384    -0.00026     0.00112     0.00041
46414    -0.00198     0.00050    -0.00013
46445    -0.00146    -0.00009    -0.00086
46476    -0.00222    -0.00052    -0.00122
46504    -0.00254    -0.00103    -0.00129
46535    -0.00166    -0.00103    -0.00072
46565    -0.00086    -0.00079     0.00040
46596     0.00008    -0.00059     0.00172
46626     0.00146     0.00023     0.00200
46657     0.00266     0.00065     0.00173
46688     0.00240     0.00067     0.00158
46718     0.00149     0.00054     0.00140
46749     0.00112     0.00035     0.00075
46779     0.00027     0.00001     0.00013
46810    -0.00046    -0.00031    -0.00032
46841    -0.00068    -0.00048    -0.00070
46869    -0.00132    -0.00054    -0.00098
46900    -0.00063    -0.00076    -0.00050
46930     0.00031    -0.00053     0.00042
46961     0.00113    -0.00030     0.00112
46991     0.00210     0.00023     0.00182
47022     0.00270     0.00061     0.00164
47053     0.00305     0.00080     0.00112
47083     0.00308     0.00072     0.00065
47114     0.00175     0.00069     0.00036
47144     0.00072     0.00012     0.00006
47175    -0.00058    -0.00035    -0.00046
47206    -0.00056    -0.00072    -0.00098
47235     0.00008    -0.00104    -0.00130
47266     0.00045    -0.00093    -0.00068
47296     0.00115    -0.00067    -0.00003
47327     0.00236    -0.00045     0.00108
47357     0.00335    -0.00001     0.00123
47388     0.00391     0.00043     0.00063
47419     0.00383     0.00079     0.00008
47449     0.00342     0.00079    -0.00000
47480     0.00253     0.00036    -0.00017
47510     0.00162    -0.00020    -0.00056
47541     0.00069    -0.00065    -0.00115
47572     0.00048    -0.00087    -0.00164
47600     0.00052    -0.00077    -0.00176
47631     0.00131    -0.00067    -0.00132
47661     0.00201    -0.00058    -0.00038
47692     0.00245    -0.00007     0.00095
47722     0.00368     0.00023     0.00143
47753     0.00432     0.00038     0.00134
47784     0.00399     0.00059     0.00108
47814     0.00371     0.00056     0.00055
47845     0.00314     0.00033     0.00012
47875     0.00297    -0.00058    -0.00058
47906     0.00222    -0.00115    -0.00118
47937     0.00148    -0.00138    -0.00174
47965     0.00126    -0.00112    -0.00182
47996     0.00183    -0.00089    -0.00121
48026     0.00212    -0.00073    -0.00017
48057     0.00256    -0.00018     0.00089
48087     0.00357     0.00032     0.00113
48118     0.00402     0.00069     0.00112
48149     0.00405     0.00076     0.00086
48179     0.00334     0.00093     0.00031
48210     0.00270     0.00073    -0.00030
48240     0.00208     0.00026    -0.00104
48271     0.00147     0.00001    -0.00168
48302     0.00192    -0.00009    -0.00207
48330     0.00031    -0.00067    -0.00241
48361     0.00022    -0.00097    -0.00178
48391     0.00048    -0.00099    -0.00070
48422     0.00143    -0.00055     0.00048
48452     0.00244    -0.00009     0.00114
48483     0.00333     0.00037     0.00092
48514     0.00302     0.00073     0.00084
48544     0.00266     0.00073     0.00047
48575     0.00158     0.00076     0.00011
48605     0.00044     0.00071    -0.00051
48636    -0.00098     0.00029    -0.00110
48667    -0.00220    -0.00010    -0.00147
48696    -0.00313    -0.00019    -0.00146
48727    -0.00270    -0.00043    -0.00106
48757    -0.00138    -0.00020    -0.00006
48788    -0.00048     0.00012     0.00107
48818     0.00046     0.00051     0.00151
48849     0.00130     0.00092     0.00118
48880     0.00141     0.00095     0.00090
48910     0.00140     0.00100     0.00043
48941     0.00033     0.00066    -0.00016
48971    -0.00077     0.00025    -0.00038
49002    -0.00316    -0.00000    -0.00085
49033    -0.00459    -0.00014    -0.00141
49061    -0.00441    -0.00029    -0.00162
49092    -0.00363    -0.00046    -0.00117
49122    -0.00236    -0.00022    -0.00052
49153    -0.00146     0.00009     0.00054
49183    -0.00065     0.00069     0.00080
49214     0.00043     0.00106     0.00052
49245     0.00058     0.00123     0.00009
49275     0.00045     0.00115    -0.00018
49306    -0.00013     0.00088    -0.00052
49336    -0.00079     0.00045    -0.00090
49367    -0.00097    -0.00035    -0.00142
49398    -0.00148    -0.00078    -0.00176
49426    -0.00151    -0.00071    -0.00186
49457    -0.00115    -0.00077    -0.00135
49487    -0.00074    -0.00071    -0.00052
49518     0.00015    -0.00053     0.00031
49548     0.00119     0.00001     0.00027
49579     0.00222     0.00022    -0.00008
49610     0.00230     0.00038    -0.00054
49640     0.00151     0.00015    -0.00070
49671     0.00058    -0.00023    -0.00120
49701    -0.00032    -0.00039    -0.00190
49732    -0.00214    -0.00056    -0.00242
49763    -0.00279    -0.00061    -0.00292
49791    -0.00332    -0.00078    -0.00301
49822    -0.00301    -0.00100    -0.00222
49852    -0.00260    -0.00086    -0.00110
49883    -0.00192    -0.00039    -0.00008
49913    -0.00037     0.00016     0.00013
49944     0.00077     0.00057    -0.00048
49975     0.00106     0.00084    -0.00092
50005     0.00077     0.00076    -0.00116
50036     0.00017     0.00049    -0.00154
50066    -0.00052    -0.00034    -0.00167
50097    -0.00101    -0.00097    -0.00228
50128    -0.00176    -0.00135    -0.00283
50157    -0.00186    -0.00142    -0.00312
50188    -0.00146    -0.00147    -0.00261
50218    -0.00094    -0.00147    -0.00099
50249    -0.00001    -0.00148     0.00069
50279     0.00063    -0.00152     0.00223
50310     0.00146    -0.00140     0.00313
50341     0.00155    -0.00154     0.00336
50371     0.00161    -0.00159     0.00294
50402     0.00056    -0.00185     0.00238
50432    -0.00023    -0.00198     0.00147
50463    -0.00136    -0.00215     0.00052
50494    -0.00231    -0.00206    -0.00054
50522    -0.00244    -0.00208    -0.00139
50553    -0.00208    -0.00211    -0.00138
50583    -0.00165    -0.00183    -0.00103
50614    -0.00101    -0.00133    -0.00012
50644    -0.00010    -0.00052     0.00016
50675     0.00061     0.00023     0.00005
50706     0.00008     0.00070    -0.00043
50736    -0.00103     0.00071    -0.00126
50767    -0.00207     0.00037    -0.00225
50797    -0.00324    -0.00021    -0.00308
50828    -0.00461    -0.00052    -0.00354
50859    -0.00674    -0.00070    -0.00362
50887    -0.00695    -0.00053    -0.00378
50918    -0.00642    -0.00048    -0.00318
50948    -0.00525    -0.00023    -0.00193
50979    -0.00416     0.00013    -0.00067
51009    -0.00248     0.00085    -0.00072
51040    -0.00087     0.00115    -0.00109
51071    -0.00051     0.00133    -0.00158
51101    -0.00103     0.00136    -0.00206
51132    -0.00218     0.00117    -0.00221
51162    -0.00297     0.00059    -0.00236
51193    -0.00322     0.00003    -0.00264
51224    -0.00384    -0.00042    -0.00269
51252    -0.00316    -0.00060    -0.00263
51283    -0.00289    -0.00063    -0.00191
51313    -0.00240    -0.00031    -0.00098
51344    -0.00165     0.00027    -0.00002
51374    -0.00105     0.00069     0.00032
51405     0.00016     0.00089    -0.00004
51436     0.00032     0.00100    -0.00026
51466     0.00036     0.00095    -0.00062
51497     0.00031     0.00067    -0.00079
51527    -0.00003     0.00012    -0.00093
51558     0.00005    -0.00110    -0.00103
51589    -0.00031    -0.00176    -0.00107
51618    -0.00112    -0.00182    -0.00104
51649    -0.00066    -0.00186    -0.00098
51679     0.00014    -0.00129    -0.00070
51710     0.00044    -0.00043    -0.00012
51740     0.00106     0.00009     0.00042
51771     0.00192     0.00050     0.00036
51802     0.00196     0.00047     0.00027
51832     0.00145     0.00050    -0.00022
51863     0.00020     0.00030    -0.00040
51893     0.00033    -0.00024    -0.00065
51924    -0.00046    -0.00053    -0.00085
51955    -0.00131    -0.00033    -0.00105
51983    -0.00208    -0.00048    -0.00114
52014    -0.00140    -0.00064    -0.00087
52044    -0.00054    -0.00029    -0.00007
52075     0.00034     0.00015     0.00057
52105     0.00126     0.00067     0.00109
52136     0.00206     0.00119     0.00107
52167     0.00201     0.00135     0.00092
52197     0.00193     0.00139     0.00050
52228     0.00161     0.00106     0.00004
52258     0.00054     0.00042    -0.00008
52289     0.00024    -0.00031    -0.00035
52320     0.00024    -0.00048    -0.00056
52348     0.00025    -0.00046    -0.00069
52379     0.00034    -0.00069    -0.00034
52409     0.00058    -0.00037     0.00044
52440     0.00114     0.00005     0.00149
52470     0.00200     0.00067     0.00184
52501     0.00272     0.00101     0.00173
52532     0.00260     0.00119     0.00137
52562     0.00204     0.00109     0.00070
52593     0.00138     0.00057     0.00014
52623     0.00080     0.00010    -0.00007
52654     0.00047    -0.00056    -0.00018
52685    -0.00012    -0.00090    -0.00031
52713    -0.00073    -0.00098    -0.00021
52744    -0.00043    -0.00116     0.00015
52774    -0.00033    -0.00085     0.00089
52805     0.00028    -0.00044     0.00165
52835     0.00143     0.00026     0.00176
52866     0.00235     0.00068     0.00146
52897     0.00247     0.00101     0.00090
52927     0.00216     0.00109     0.00050
52958     0.00134     0.00075     0.00008
52988     0.00085     0.00033    -0.00014
53019     0.00050    -0.00035    -0.00024
53050     0.00035    -0.00082    -0.00034
53079    -0.00028    -0.00096    -0.00040
53110     0.00032    -0.00112    -0.00036
53140     0.00068    -0.00084     0.00022
53171     0.00094    -0.00017     0.00091
53201     0.00166     0.00034     0.00130
53232     0.00242     0.00077     0.00103
53263     0.00223     0.00115     0.00062
53293     0.00132     0.00112     0.00027
53324    -0.00044     0.00075     0.00004
53354    -0.00084     0.00014    -0.00038
53385    -0.00300    -0.00042    -0.00053
53416    -0.00405    -0.00076    -0.00063
53444    -0.00444    -0.00111    -0.00070
53475    -0.00363    -0.00110    -0.00028
53505    -0.00284    -0.00095     0.00022
53536    -0.00198    -0.00046     0.00114
53566    -0.00056     0.00034     0.00148
53597     0.00024     0.00109     0.00124
53628     0.00058     0.00143     0.00095
53658    -0.00007     0.00148     0.00080
53689    -0.00047     0.00131     0.00064
53719    -0.00097     0.00034     0.00074
53750    -0.00174    -0.00054     0.00088
53781    -0.00166    -0.00085     0.00061
53809    -0.00171    -0.00124     0.00043
53840    -0.00156    -0.00145     0.00069
53870    -0.00093    -0.00097     0.00106
53901    -0.00005    -0.00025     0.00162
53931     0.00104     0.00064     0.00199
53962     0.00179     0.00098     0.00169
53993     0.00171     0.00124     0.00118
54023     0.00107     0.00102     0.00106
54054     0.00066     0.00031     0.00066
54084     0.00029    -0.00019     0.00043
54115    -0.00020    -0.00044     0.00033
54146    -0.00016    -0.00068     0.00000
54174    -0.00020    -0.00078     0.00006
54205    -0.00024    -0.00085     0.00051
54235     0.00022    -0.00069     0.00089
54266     0.00101    -0.00007     0.00139
54296     0.00204     0.00065     0.00133
54327     0.00288     0.00083     0.00092
54358     0.00289     0.00102     0.00033
54388     0.00228     0.00099     0.00024
54419     0.00215     0.00040     0.00003
54449     0.00113    -0.00018    -0.00013
54480    -0.00008    -0.00100    -0.00009
54511    -0.00107    -0.00137    -0.00014
54540    -0.00119    -0.00158    -0.00016
54571    -0.00077    -0.00148    -0.00011
54601    -0.00029    -0.00110     0.00056
54632     0.00035    -0.00047     0.00115
54662     0.00144     0.00014     0.00121
54693     0.00231     0.00053     0.00075
54724     0.00208     0.00082     0.00019
54754     0.00173     0.00082    -0.00018
54785     0.00121     0.00075    -0.00052
54815     0.00025     0.00013    -0.00060
54846    -0.00035    -0.00032    -0.00068
54877    -0.00070    -0.00081    -0.00094
54905    -0.00102    -0.00111    -0.00099
54936    -0.00086    -0.00112    -0.00075
54966    -0.00052    -0.00074    -0.00010
54997     0.00016    -0.00025     0.00078
55027     0.00124     0.00032     0.00101
55058     0.00204     0.00065     0.00077
55089     0.00229     0.00083     0.00041
55119     0.00148     0.00089     0.00014
55150     0.00094     0.00017    -0.00028
55180     0.00018    -0.00049    -0.00051
55211    -0.00073    -0.00096    -0.00082
55242    -0.00258    -0.00091    -0.00094
55270    -0.00239    -0.00112    -0.00101
55301    -0.00187    -0.00114    -0.00064
55331    -0.00141    -0.00085    -0.00011
55362    -0.00078    -0.00034     0.00059
55392     0.00038     0.00038     0.00095
55423     0.00163     0.00087     0.00060
55454     0.00188     0.00132    -0.00009
55484     0.00138     0.00150    -0.00051
55515     0.00066     0.00103    -0.00073
55545    -0.00104     0.00040    -0.00097
55576    -0.00324    -0.00031    -0.00091
55607    -0.00314    -0.00064    -0.00098
55635    -0.00357    -0.00096    -0.00084
55666    -0.00350    -0.00100    -0.00034
55696    -0.00291    -0.00067     0.00034
55727    -0.00200     0.00005     0.00112
55757    -0.00074     0.00083     0.00136
55788     0.00044     0.00130     0.00109
55819     0.00089     0.00155     0.00054
55849     0.00075     0.00116     0.00022
55880     0.00044     0.00067    -0.00000
55910    -0.00006     0.00033    -0.00016
55941    -0.00031    -0.00016    -0.00035
55972    -0.00081    -0.00039    -0.00033
56001    -0.00089    -0.00032    -0.00014
56032    -0.00110    -0.00049     0.00018
56062    -0.00053    -0.00036     0.00052
56093     0.00040     0.00002     0.00129
56123     0.00164     0.00052     0.00140
56154     0.00250     0.00099     0.00090
56185     0.00285     0.00136     0.00009
56215     0.00230     0.00114    -0.00017
56246     0.00193     0.00073    -0.00068
56276     0.00116     0.00015    -0.00087
56307     0.00043    -0.00025    -0.00099
56338     0.00016    -0.00052    -0.00117
56366     0.00010    -0.00062    -0.00108
56397     0.00036    -0.00083    -0.00078
56427     0.00073    -0.00061    -0.00003
56458     0.00087    -0.00005     0.00079
56488     0.00169     0.00069     0.00109
56519     0.00215     0.00121     0.00098
56550     0.00185     0.00147     0.00085
56580     0.00131     0.00144     0.00066
56611     0.00071     0.00096     0.00064
56641     0.00008     0.00053     0.00055
56672     0.00009    -0.00000     0.00044
56703    -0.00007    -0.00041     0.00051
56731    -0.00047    -0.00092     0.00078
56762    -0.00019    -0.00095     0.00116
56792     0.00018    -0.00088     0.00148
56823     0.00051    -0.00040     0.00195
56853     0.00126     0.00022     0.00205
56884     0.00212     0.00065     0.00160
56915     0.00196     0.00098     0.00095
56945     0.00137     0.00090     0.00048
56976     0.00082     0.00052     0.00017
57006    -0.00030     0.00000     0.00014
57037    -0.00077    -0.00007    -0.00018
57068    -0.00125    -0.00035    -0.00038
57096    -0.00141    -0.00050    -0.00044
57127    -0.00099    -0.00058    -0.00030
57157    -0.00100    -0.00036     0.00041
57188    -0.00060     0.00008     0.00116
57218     0.00025     0.00042     0.00155
57249     0.00118     0.00084     0.00120
57280     0.00139     0.00112     0.00069
57310     0.00072     0.00127     0.00024
57341    -0.00004     0.00127    -0.00036
57371    -0.00070     0.00118    -0.00091
57402    -0.00141     0.00061    -0.00111
57433    -0.00159     0.00008    -0.00109
57462    -0.00159    -0.00049    -0.00105
57493    -0.00130    -0.00073    -0.00086
57523    -0.00086    -0.00048    -0.00046
57554     0.00003    -0.00000     0.00015
