# Hydrology loading displacements computed from the monthly GLDAS NOAH model
# This is a product of the Hydrology loading service: http://lacerta.gsfc.nasa.gov/hydlo/
# Displacements are with respect to the center of mass of the total earth
#
# Created for VieVS on 17.03.2017 at 11:46:08 local time
# OFFSET + TREND REMOVED!!! - Hana 
# mjd up (meters) eastwest (meters) northsouth (meters)
43888     0.00078    -0.00052    -0.00083
43919     0.00156    -0.00088    -0.00120
43947     0.00160    -0.00065    -0.00125
43978     0.00113    -0.00026    -0.00126
44008    -0.00010     0.00018    -0.00074
44039    -0.00139     0.00044    -0.00000
44069    -0.00204     0.00025     0.00120
44100    -0.00210    -0.00000     0.00175
44131    -0.00195     0.00006     0.00164
44161    -0.00181     0.00031     0.00143
44192    -0.00121     0.00019     0.00068
44222    -0.00063    -0.00017    -0.00009
44253     0.00004    -0.00030    -0.00078
44284     0.00063    -0.00039    -0.00099
44313     0.00092    -0.00054    -0.00098
44344     0.00034    -0.00026    -0.00088
44374    -0.00078     0.00014    -0.00020
44405    -0.00172     0.00036     0.00071
44435    -0.00217     0.00006     0.00171
44466    -0.00221    -0.00026     0.00221
44497    -0.00195    -0.00020     0.00204
44527    -0.00171     0.00016     0.00154
44558    -0.00113     0.00016     0.00082
44588    -0.00053    -0.00003     0.00020
44619    -0.00011    -0.00034    -0.00008
44650     0.00046    -0.00056    -0.00037
44678     0.00080    -0.00076    -0.00073
44709     0.00054    -0.00064    -0.00070
44739    -0.00039    -0.00028    -0.00048
44770    -0.00157     0.00042     0.00032
44800    -0.00190     0.00025     0.00131
44831    -0.00186    -0.00012     0.00197
44862    -0.00177    -0.00015     0.00200
44892    -0.00122     0.00010     0.00165
44923    -0.00064     0.00023     0.00118
44953     0.00004     0.00024     0.00034
44984     0.00099    -0.00003    -0.00067
45015     0.00173    -0.00029    -0.00100
45043     0.00191    -0.00033    -0.00103
45074     0.00122    -0.00007    -0.00111
45104     0.00010     0.00003    -0.00072
45135    -0.00147     0.00051    -0.00013
45165    -0.00276     0.00060     0.00064
45196    -0.00257     0.00014     0.00139
45227    -0.00233     0.00010     0.00161
45257    -0.00183     0.00002     0.00116
45288    -0.00081    -0.00013     0.00070
45318     0.00032    -0.00017    -0.00016
45349     0.00109    -0.00015    -0.00079
45380     0.00163    -0.00022    -0.00138
45408     0.00176     0.00015    -0.00136
45439     0.00116     0.00063    -0.00123
45469     0.00023     0.00096    -0.00046
45500    -0.00122     0.00109     0.00046
45530    -0.00205     0.00103     0.00168
45561    -0.00209     0.00049     0.00256
45592    -0.00182     0.00044     0.00287
45622    -0.00133     0.00070     0.00254
45653    -0.00079     0.00093     0.00176
45683     0.00032     0.00077     0.00055
45714     0.00125     0.00034     0.00007
45745     0.00162     0.00032    -0.00029
45774     0.00158     0.00041    -0.00051
45805     0.00086     0.00042    -0.00084
45835    -0.00033     0.00076    -0.00032
45866    -0.00137     0.00104     0.00046
45896    -0.00207     0.00114     0.00156
45927    -0.00216     0.00097     0.00225
45958    -0.00204     0.00090     0.00228
45988    -0.00154     0.00094     0.00174
46019    -0.00099     0.00099     0.00080
46049    -0.00015     0.00082    -0.00002
46080     0.00049     0.00050    -0.00112
46111     0.00126    -0.00014    -0.00159
46139     0.00151    -0.00003    -0.00153
46170     0.00077    -0.00005    -0.00132
46200    -0.00007     0.00020    -0.00087
46231    -0.00133     0.00063     0.00008
46261    -0.00200     0.00032     0.00089
46292    -0.00193     0.00005     0.00131
46323    -0.00170     0.00014     0.00156
46353    -0.00130     0.00046     0.00132
46384    -0.00060     0.00055     0.00063
46414     0.00027     0.00025    -0.00028
46445     0.00108    -0.00023    -0.00082
46476     0.00163    -0.00033    -0.00134
46504     0.00168    -0.00045    -0.00169
46535     0.00098    -0.00033    -0.00141
46565    -0.00017     0.00019    -0.00094
46596    -0.00170     0.00064    -0.00033
46626    -0.00219     0.00061     0.00095
46657    -0.00228     0.00028     0.00177
46688    -0.00223     0.00028     0.00159
46718    -0.00176     0.00030     0.00103
46749    -0.00099     0.00011     0.00048
46779    -0.00024     0.00002    -0.00030
46810     0.00044    -0.00010    -0.00084
46841     0.00110    -0.00013    -0.00114
46869     0.00149    -0.00012    -0.00139
46900     0.00085     0.00004    -0.00142
46930    -0.00025     0.00050    -0.00085
46961    -0.00119     0.00053    -0.00018
46991    -0.00216     0.00076     0.00079
47022    -0.00230     0.00050     0.00142
47053    -0.00197     0.00024     0.00159
47083    -0.00154     0.00014     0.00138
47114    -0.00103     0.00027     0.00099
47144    -0.00032     0.00022     0.00009
47175     0.00056     0.00002    -0.00070
47206     0.00122    -0.00032    -0.00123
47235     0.00141    -0.00073    -0.00138
47266     0.00086    -0.00048    -0.00106
47296     0.00014    -0.00026    -0.00041
47327    -0.00117     0.00004     0.00043
47357    -0.00157    -0.00010     0.00123
47388    -0.00131    -0.00058     0.00177
47419    -0.00084    -0.00068     0.00185
47449    -0.00071    -0.00042     0.00155
47480    -0.00026    -0.00026     0.00072
47510     0.00055    -0.00030    -0.00018
47541     0.00145    -0.00058    -0.00087
47572     0.00202    -0.00079    -0.00128
47600     0.00231    -0.00066    -0.00128
47631     0.00186    -0.00056    -0.00089
47661     0.00081    -0.00032    -0.00043
47692    -0.00052     0.00026     0.00038
47722    -0.00140     0.00011     0.00127
47753    -0.00174    -0.00023     0.00175
47784    -0.00155    -0.00021     0.00177
47814    -0.00101    -0.00020     0.00144
47845    -0.00036    -0.00002     0.00077
47875     0.00036    -0.00051    -0.00026
47906     0.00117    -0.00086    -0.00105
47937     0.00189    -0.00107    -0.00153
47965     0.00204    -0.00078    -0.00150
47996     0.00145    -0.00054    -0.00108
48026     0.00038    -0.00022    -0.00064
48057    -0.00065     0.00026     0.00028
48087    -0.00131     0.00022     0.00115
48118    -0.00161     0.00012     0.00168
48149    -0.00155     0.00010     0.00169
48179    -0.00097     0.00026     0.00135
48210    -0.00025     0.00034     0.00067
48240     0.00072     0.00015    -0.00024
48271     0.00165    -0.00010    -0.00079
48302     0.00223    -0.00039    -0.00079
48330     0.00254    -0.00063    -0.00131
48361     0.00191    -0.00052    -0.00143
48391     0.00078    -0.00018    -0.00126
48422    -0.00055     0.00001    -0.00020
48452    -0.00148     0.00017     0.00072
48483    -0.00169    -0.00011     0.00148
48514    -0.00168     0.00016     0.00158
48544    -0.00133     0.00032     0.00124
48575    -0.00065     0.00049     0.00072
48605     0.00019     0.00046     0.00011
48636     0.00090     0.00033    -0.00065
48667     0.00148     0.00035    -0.00124
48696     0.00165     0.00063    -0.00154
48727     0.00119     0.00066    -0.00162
48757    -0.00003     0.00091    -0.00091
48788    -0.00131     0.00117    -0.00017
48818    -0.00189     0.00110     0.00064
48849    -0.00182     0.00070     0.00126
48880    -0.00160     0.00057     0.00122
48910    -0.00112     0.00060     0.00109
48941    -0.00034     0.00052     0.00025
48971     0.00013     0.00050    -0.00043
49002     0.00086     0.00024    -0.00085
49033     0.00167    -0.00014    -0.00103
49061     0.00198    -0.00025    -0.00130
49092     0.00151    -0.00008    -0.00139
49122     0.00068     0.00010    -0.00085
49153    -0.00050     0.00038    -0.00006
49183    -0.00092     0.00049     0.00066
49214    -0.00092     0.00019     0.00128
49245    -0.00060     0.00010     0.00130
49275    -0.00030     0.00021     0.00099
49306     0.00020     0.00031     0.00030
49336     0.00083     0.00023    -0.00040
49367     0.00159    -0.00016    -0.00134
49398     0.00215    -0.00046    -0.00177
49426     0.00242    -0.00039    -0.00171
49457     0.00181    -0.00017    -0.00165
49487     0.00086     0.00007    -0.00133
49518    -0.00009     0.00026    -0.00074
49548    -0.00027     0.00009     0.00007
49579    -0.00029    -0.00038     0.00061
49610    -0.00001    -0.00052     0.00064
49640     0.00028    -0.00040     0.00005
49671     0.00101    -0.00048    -0.00075
49701     0.00196    -0.00056    -0.00134
49732     0.00276    -0.00066    -0.00166
49763     0.00351    -0.00083    -0.00174
49791     0.00373    -0.00095    -0.00185
49822     0.00294    -0.00071    -0.00191
49852     0.00191    -0.00033    -0.00162
49883     0.00086     0.00006    -0.00091
49913     0.00028    -0.00001     0.00010
49944     0.00053    -0.00050     0.00072
49975     0.00073    -0.00058     0.00092
50005     0.00097    -0.00045     0.00053
50036     0.00158    -0.00027    -0.00022
50066     0.00209    -0.00041    -0.00115
50097     0.00291    -0.00080    -0.00187
50128     0.00364    -0.00109    -0.00231
50157     0.00402    -0.00123    -0.00231
50188     0.00346    -0.00112    -0.00210
50218     0.00188    -0.00046    -0.00167
50249     0.00005    -0.00012    -0.00091
50279    -0.00169     0.00039    -0.00026
50310    -0.00282     0.00067     0.00026
50341    -0.00314     0.00067     0.00027
50371    -0.00273     0.00056     0.00009
50402    -0.00194     0.00036    -0.00038
50432    -0.00087     0.00005    -0.00086
50463     0.00031    -0.00038    -0.00135
50494     0.00157    -0.00073    -0.00170
50522     0.00234    -0.00112    -0.00206
50553     0.00222    -0.00152    -0.00196
50583     0.00185    -0.00148    -0.00165
50614     0.00080    -0.00092    -0.00103
50644     0.00022    -0.00058    -0.00010
50675     0.00002    -0.00043     0.00068
50706     0.00047    -0.00038     0.00078
50736     0.00139    -0.00063     0.00027
50767     0.00255    -0.00107    -0.00046
50797     0.00362    -0.00160    -0.00119
50828     0.00442    -0.00175    -0.00170
50859     0.00479    -0.00149    -0.00203
50887     0.00491    -0.00122    -0.00226
50918     0.00428    -0.00085    -0.00213
50948     0.00306    -0.00022    -0.00156
50979     0.00178     0.00027    -0.00080
51009     0.00153     0.00008     0.00026
51040     0.00145    -0.00047     0.00093
51071     0.00167    -0.00075     0.00108
51101     0.00224    -0.00060     0.00058
51132     0.00277    -0.00029    -0.00022
51162     0.00324    -0.00029    -0.00098
51193     0.00379    -0.00042    -0.00170
51224     0.00400    -0.00054    -0.00205
51252     0.00383    -0.00063    -0.00203
51283     0.00300    -0.00040    -0.00180
51313     0.00199     0.00002    -0.00136
51344     0.00087     0.00051    -0.00049
51374     0.00014     0.00051     0.00017
51405     0.00008    -0.00005     0.00079
51436     0.00012    -0.00017     0.00087
51466     0.00049    -0.00020     0.00065
51497     0.00076    -0.00021     0.00032
51527     0.00109    -0.00030    -0.00035
51558     0.00143    -0.00096    -0.00136
51589     0.00178    -0.00131    -0.00178
51618     0.00204    -0.00140    -0.00176
51649     0.00189    -0.00146    -0.00182
51679     0.00144    -0.00123    -0.00107
51710     0.00067    -0.00058    -0.00029
51740    -0.00019    -0.00022     0.00040
51771    -0.00043    -0.00020     0.00098
51802    -0.00048    -0.00019     0.00096
51832     0.00003    -0.00029     0.00067
51863     0.00062    -0.00037     0.00003
51893     0.00112    -0.00080    -0.00046
51924     0.00150    -0.00069    -0.00100
51955     0.00185    -0.00046    -0.00100
51983     0.00197    -0.00041    -0.00119
52014     0.00149    -0.00046    -0.00111
52044     0.00042     0.00001    -0.00049
52075    -0.00045     0.00036     0.00021
52105    -0.00131     0.00054     0.00116
52136    -0.00162     0.00041     0.00200
52167    -0.00162     0.00050     0.00202
52197    -0.00125     0.00048     0.00186
52228    -0.00064     0.00021     0.00143
52258    -0.00013     0.00014     0.00053
52289     0.00035    -0.00016    -0.00022
52320     0.00071    -0.00017    -0.00055
52348     0.00086    -0.00009    -0.00066
52379     0.00046     0.00011    -0.00096
52409    -0.00037     0.00061    -0.00054
52440    -0.00160     0.00115     0.00020
52470    -0.00227     0.00123     0.00119
52501    -0.00247     0.00093     0.00186
52532    -0.00228     0.00073     0.00197
52562    -0.00157     0.00053     0.00146
52593    -0.00084     0.00028     0.00066
52623    -0.00043     0.00018     0.00007
52654    -0.00006    -0.00009    -0.00050
52685     0.00028    -0.00019    -0.00089
52713     0.00032    -0.00010    -0.00106
52744    -0.00006    -0.00006    -0.00110
52774    -0.00077     0.00049    -0.00078
52805    -0.00176     0.00093    -0.00023
52835    -0.00220     0.00084     0.00087
52866    -0.00222     0.00051     0.00159
52897    -0.00175     0.00032     0.00178
52927    -0.00129     0.00046     0.00150
52958    -0.00071     0.00049     0.00077
52988    -0.00026     0.00036     0.00020
53019     0.00018     0.00014    -0.00048
53050     0.00050    -0.00012    -0.00090
53079     0.00072    -0.00018    -0.00113
53110     0.00045    -0.00037    -0.00117
53140    -0.00017     0.00010    -0.00087
53171    -0.00090     0.00058    -0.00010
53201    -0.00158     0.00066     0.00071
53232    -0.00166     0.00037     0.00142
53263    -0.00125     0.00041     0.00157
53293    -0.00083     0.00046     0.00120
53324    -0.00039     0.00042     0.00041
53354     0.00017    -0.00011    -0.00025
53385     0.00068    -0.00029    -0.00081
53416     0.00099    -0.00023    -0.00143
53444     0.00109    -0.00023    -0.00185
53475     0.00066    -0.00001    -0.00171
53505     0.00005     0.00012    -0.00131
53536    -0.00099     0.00055    -0.00054
53566    -0.00163     0.00069     0.00069
53597    -0.00176     0.00059     0.00160
53628    -0.00162     0.00052     0.00194
53658    -0.00132     0.00071     0.00164
53689    -0.00094     0.00087     0.00119
53719    -0.00069     0.00084     0.00005
53750    -0.00030     0.00066    -0.00073
53781     0.00012     0.00040    -0.00113
53809     0.00034     0.00006    -0.00138
53840     0.00013    -0.00004    -0.00131
53870    -0.00042     0.00030    -0.00081
53901    -0.00128     0.00073     0.00012
53931    -0.00207     0.00091     0.00134
53962    -0.00223     0.00054     0.00194
53993    -0.00189     0.00046     0.00197
54023    -0.00173     0.00061     0.00141
54054    -0.00118     0.00038     0.00047
54084    -0.00072     0.00023    -0.00017
54115    -0.00031     0.00017    -0.00061
54146     0.00005    -0.00008    -0.00083
54174     0.00009     0.00010    -0.00101
54205    -0.00031     0.00032    -0.00112
54235    -0.00085     0.00043    -0.00074
54266    -0.00155     0.00066     0.00020
54296    -0.00189     0.00053     0.00133
54327    -0.00185    -0.00002     0.00187
54358    -0.00136    -0.00025     0.00193
54388    -0.00110    -0.00011     0.00164
54419    -0.00073    -0.00042     0.00102
54449    -0.00022    -0.00057     0.00017
54480     0.00018    -0.00078    -0.00061
54511     0.00055    -0.00074    -0.00106
54540     0.00067    -0.00054    -0.00154
54571     0.00047    -0.00040    -0.00149
54601    -0.00036     0.00006    -0.00103
54632    -0.00111     0.00039    -0.00019
54662    -0.00158     0.00033     0.00076
54693    -0.00149    -0.00009     0.00142
54724    -0.00097    -0.00018     0.00140
54754    -0.00056    -0.00011     0.00113
54785     0.00004    -0.00012     0.00083
54815     0.00044    -0.00013    -0.00006
54846     0.00091    -0.00025    -0.00066
54877     0.00128    -0.00065    -0.00102
54905     0.00146    -0.00066    -0.00135
54936     0.00118    -0.00045    -0.00148
54966     0.00041    -0.00005    -0.00102
54997    -0.00065     0.00040    -0.00021
55027    -0.00121     0.00038     0.00074
55058    -0.00133     0.00006     0.00136
55089    -0.00123    -0.00013     0.00158
55119    -0.00081     0.00001     0.00125
55150    -0.00024    -0.00033     0.00033
55180     0.00015    -0.00059    -0.00040
55211     0.00075    -0.00093    -0.00085
55242     0.00116    -0.00076    -0.00110
55270     0.00133    -0.00093    -0.00120
55301     0.00101    -0.00072    -0.00113
55331     0.00045    -0.00039    -0.00080
55362    -0.00035     0.00001    -0.00009
55392    -0.00107     0.00010     0.00095
55423    -0.00112    -0.00029     0.00180
55454    -0.00052    -0.00045     0.00212
55484    -0.00003    -0.00030     0.00196
55515     0.00043    -0.00023     0.00120
55545     0.00117    -0.00037     0.00034
55576     0.00163    -0.00048    -0.00046
55607     0.00193    -0.00050    -0.00088
55635     0.00210    -0.00043    -0.00124
55666     0.00162    -0.00010    -0.00130
55696     0.00078     0.00024    -0.00092
55727    -0.00025     0.00055     0.00017
55757    -0.00096     0.00070     0.00127
55788    -0.00124     0.00043     0.00207
55819    -0.00097     0.00018     0.00229
55849    -0.00063    -0.00010     0.00182
55880    -0.00023    -0.00022     0.00115
55910     0.00021    -0.00016     0.00048
55941     0.00060    -0.00029    -0.00013
55972     0.00080    -0.00023    -0.00049
56001     0.00082    -0.00001    -0.00045
56032     0.00048     0.00018    -0.00057
56062    -0.00006     0.00038    -0.00034
56093    -0.00111     0.00064     0.00048
56123    -0.00163     0.00042     0.00146
56154    -0.00153    -0.00003     0.00218
56185    -0.00099    -0.00041     0.00248
56215    -0.00070    -0.00033     0.00193
56246    -0.00001    -0.00057     0.00129
56276     0.00044    -0.00069     0.00058
56307     0.00081    -0.00070    -0.00011
56338     0.00121    -0.00070    -0.00063
56366     0.00121    -0.00052    -0.00086
56397     0.00087    -0.00054    -0.00094
56427     0.00001    -0.00017    -0.00055
56458    -0.00079     0.00045     0.00006
56488    -0.00134     0.00057     0.00113
56519    -0.00147     0.00039     0.00184
56550    -0.00144     0.00038     0.00199
56580    -0.00117     0.00047     0.00168
56611    -0.00094     0.00056     0.00092
56641    -0.00059     0.00045     0.00025
56672    -0.00032     0.00016    -0.00026
56703    -0.00021     0.00004    -0.00063
56731    -0.00043     0.00004    -0.00103
56762    -0.00093     0.00020    -0.00092
56792    -0.00136     0.00033    -0.00072
56823    -0.00201     0.00071    -0.00014
56853    -0.00241     0.00078     0.00076
56884    -0.00234     0.00029     0.00155
56915    -0.00184     0.00008     0.00170
56945    -0.00133     0.00002     0.00126
56976    -0.00080     0.00008     0.00055
57006    -0.00042     0.00022    -0.00019
57037     0.00019     0.00017    -0.00048
57068     0.00055     0.00023    -0.00106
57096     0.00068     0.00030    -0.00141
57127     0.00049     0.00028    -0.00139
57157    -0.00031     0.00066    -0.00111
57188    -0.00118     0.00099    -0.00045
57218    -0.00193     0.00102     0.00033
57249    -0.00193     0.00064     0.00114
57280    -0.00163     0.00048     0.00144
57310    -0.00122     0.00049     0.00128
57341    -0.00032     0.00040     0.00080
57371     0.00050     0.00023     0.00039
57402     0.00097    -0.00002    -0.00023
57433     0.00121    -0.00002    -0.00079
57462     0.00130    -0.00006    -0.00139
57493     0.00106    -0.00016    -0.00152
57523     0.00056    -0.00003    -0.00112
57554    -0.00022     0.00024    -0.00030
