# Hydrology loading displacements computed from the monthly GLDAS NOAH model
# This is a product of the Hydrology loading service: http://lacerta.gsfc.nasa.gov/hydlo/
# Displacements are with respect to the center of mass of the total earth
#
# Created for VieVS on 17.03.2017 at 11:46:08 local time
# OFFSET + TREND REMOVED!!! - Hana 
# mjd up (meters) eastwest (meters) northsouth (meters)
43888    -0.00240     0.00058    -0.00001
43919    -0.00459     0.00091    -0.00008
43947    -0.00437     0.00095    -0.00014
43978    -0.00312     0.00107    -0.00006
44008    -0.00020     0.00082     0.00026
44039     0.00346     0.00017     0.00055
44069     0.00569    -0.00105     0.00081
44100     0.00586    -0.00174     0.00100
44131     0.00535    -0.00167     0.00088
44161     0.00424    -0.00141     0.00049
44192     0.00179    -0.00073     0.00021
44222    -0.00053     0.00004     0.00024
44253    -0.00211     0.00074     0.00019
44284    -0.00357     0.00100     0.00002
44313    -0.00393     0.00092     0.00004
44344    -0.00271     0.00099     0.00011
44374     0.00007     0.00063     0.00028
44405     0.00279    -0.00016     0.00047
44435     0.00415    -0.00128     0.00066
44466     0.00496    -0.00205     0.00087
44497     0.00414    -0.00195     0.00078
44527     0.00287    -0.00137     0.00037
44558     0.00088    -0.00066     0.00005
44588    -0.00096    -0.00008     0.00002
44619    -0.00264     0.00020     0.00024
44650    -0.00384     0.00066     0.00048
44678    -0.00464     0.00092     0.00063
44709    -0.00315     0.00080     0.00085
44739    -0.00077     0.00068     0.00088
44770     0.00250     0.00027     0.00069
44800     0.00433    -0.00089     0.00076
44831     0.00544    -0.00190     0.00083
44862     0.00531    -0.00204     0.00069
44892     0.00292    -0.00172     0.00017
44923     0.00092    -0.00108    -0.00025
44953    -0.00145    -0.00016    -0.00054
44984    -0.00398     0.00071    -0.00062
45015    -0.00522     0.00089    -0.00054
45043    -0.00523     0.00087    -0.00046
45074    -0.00342     0.00107    -0.00017
45104    -0.00078     0.00081     0.00028
45135     0.00314     0.00057     0.00055
45165     0.00535     0.00011     0.00097
45196     0.00639    -0.00114     0.00098
45227     0.00552    -0.00150     0.00093
45257     0.00382    -0.00123     0.00068
45288     0.00152    -0.00105     0.00026
45318    -0.00127    -0.00032    -0.00023
45349    -0.00360     0.00037    -0.00048
45380    -0.00486     0.00092    -0.00058
45408    -0.00489     0.00106    -0.00082
45439    -0.00360     0.00118    -0.00079
45469    -0.00081     0.00058    -0.00076
45500     0.00263     0.00005    -0.00034
45530     0.00585    -0.00117    -0.00011
45561     0.00751    -0.00245     0.00026
45592     0.00693    -0.00300     0.00021
45622     0.00498    -0.00263    -0.00012
45653     0.00338    -0.00178    -0.00050
45683     0.00054    -0.00069    -0.00087
45714    -0.00247    -0.00021    -0.00075
45745    -0.00366     0.00026    -0.00084
45774    -0.00350     0.00059    -0.00077
45805    -0.00250     0.00108    -0.00030
45835     0.00037     0.00077    -0.00016
45866     0.00305     0.00013    -0.00030
45896     0.00531    -0.00076    -0.00013
45927     0.00629    -0.00159     0.00002
45958     0.00557    -0.00168    -0.00002
45988     0.00301    -0.00120    -0.00025
46019     0.00175    -0.00044    -0.00059
46049     0.00006     0.00018    -0.00079
46080    -0.00152     0.00116    -0.00077
46111    -0.00362     0.00151    -0.00050
46139    -0.00430     0.00144    -0.00065
46170    -0.00341     0.00139    -0.00018
46200    -0.00137     0.00121     0.00009
46231     0.00160     0.00060     0.00025
46261     0.00350    -0.00027     0.00074
46292     0.00381    -0.00095     0.00093
46323     0.00359    -0.00129     0.00069
46353     0.00335    -0.00108     0.00019
46384     0.00186    -0.00044    -0.00031
46414    -0.00095     0.00040    -0.00040
46445    -0.00371     0.00084    -0.00030
46476    -0.00512     0.00135    -0.00040
46504    -0.00548     0.00158    -0.00030
46535    -0.00461     0.00143    -0.00008
46565    -0.00181     0.00131     0.00019
46596     0.00191     0.00099     0.00052
46626     0.00517    -0.00040     0.00060
46657     0.00568    -0.00146     0.00091
46688     0.00464    -0.00122     0.00086
46718     0.00386    -0.00076     0.00068
46749     0.00164    -0.00041     0.00048
46779    -0.00038     0.00022     0.00023
46810    -0.00230     0.00079    -0.00015
46841    -0.00393     0.00116    -0.00032
46869    -0.00487     0.00134    -0.00052
46900    -0.00407     0.00154    -0.00031
46930    -0.00160     0.00142    -0.00005
46961     0.00039     0.00089     0.00031
46991     0.00321     0.00000     0.00035
47022     0.00349    -0.00073     0.00051
47053     0.00303    -0.00125     0.00053
47083     0.00216    -0.00134     0.00033
47114     0.00103    -0.00105    -0.00016
47144    -0.00075    -0.00008    -0.00040
47175    -0.00308     0.00065    -0.00041
47206    -0.00446     0.00101    -0.00018
47235    -0.00502     0.00109     0.00016
47266    -0.00360     0.00102     0.00038
47296    -0.00073     0.00040     0.00053
47327     0.00263    -0.00016     0.00060
47357     0.00405    -0.00108     0.00079
47388     0.00424    -0.00198     0.00110
47419     0.00341    -0.00225     0.00089
47449     0.00240    -0.00189     0.00057
47480     0.00117    -0.00106     0.00023
47510    -0.00130    -0.00010    -0.00012
47541    -0.00316     0.00053    -0.00001
47572    -0.00416     0.00073     0.00015
47600    -0.00479     0.00065    -0.00005
47631    -0.00331     0.00033     0.00014
47661    -0.00045     0.00005     0.00038
47692     0.00328    -0.00030     0.00041
47722     0.00617    -0.00118     0.00066
47753     0.00650    -0.00173     0.00114
47784     0.00623    -0.00192     0.00089
47814     0.00468    -0.00167     0.00059
47845     0.00222    -0.00093     0.00019
47875    -0.00018    -0.00002     0.00024
47906    -0.00271     0.00067     0.00034
47937    -0.00487     0.00099     0.00029
47965    -0.00467     0.00090     0.00004
47996    -0.00280     0.00063     0.00024
48026     0.00014     0.00046     0.00035
48057     0.00294    -0.00016     0.00026
48087     0.00451    -0.00093     0.00055
48118     0.00594    -0.00149     0.00077
48149     0.00491    -0.00153     0.00069
48179     0.00292    -0.00117     0.00021
48210     0.00074    -0.00064    -0.00039
48240    -0.00163     0.00007    -0.00074
48271    -0.00364     0.00046    -0.00074
48302    -0.00400     0.00044    -0.00062
48330    -0.00515     0.00078    -0.00054
48361    -0.00394     0.00103    -0.00029
48391    -0.00189     0.00118    -0.00016
48422     0.00071     0.00053     0.00033
48452     0.00311    -0.00026     0.00055
48483     0.00437    -0.00129     0.00069
48514     0.00462    -0.00142     0.00047
48544     0.00269    -0.00110     0.00015
48575     0.00047    -0.00061    -0.00041
48605    -0.00111    -0.00016    -0.00091
48636    -0.00327     0.00055    -0.00102
48667    -0.00429     0.00114    -0.00116
48696    -0.00474     0.00154    -0.00138
48727    -0.00409     0.00173    -0.00107
48757    -0.00154     0.00130    -0.00065
48788     0.00244     0.00072    -0.00050
48818     0.00500    -0.00025    -0.00029
48849     0.00592    -0.00126     0.00019
48880     0.00460    -0.00122     0.00021
48910     0.00325    -0.00110    -0.00018
48941    -0.00024    -0.00021    -0.00052
48971    -0.00179     0.00051    -0.00064
49002    -0.00296     0.00077    -0.00067
49033    -0.00423     0.00090    -0.00054
49061    -0.00480     0.00107    -0.00053
49092    -0.00416     0.00128    -0.00046
49122    -0.00141     0.00077    -0.00029
49153     0.00153     0.00025    -0.00011
49183     0.00323    -0.00038    -0.00013
49214     0.00303    -0.00114     0.00014
49245     0.00243    -0.00127    -0.00013
49275     0.00072    -0.00107    -0.00044
49306    -0.00033    -0.00050    -0.00081
49336    -0.00259     0.00019    -0.00098
49367    -0.00519     0.00119    -0.00071
49398    -0.00630     0.00162    -0.00040
49426    -0.00656     0.00162    -0.00049
49457    -0.00514     0.00158    -0.00050
49487    -0.00210     0.00140    -0.00034
49518     0.00025     0.00100    -0.00009
49548     0.00321    -0.00029     0.00000
49579     0.00458    -0.00133     0.00029
49610     0.00256    -0.00141     0.00023
49640     0.00100    -0.00072     0.00002
49671    -0.00108    -0.00001    -0.00036
49701    -0.00326     0.00050    -0.00078
49732    -0.00544     0.00082    -0.00101
49763    -0.00744     0.00097    -0.00097
49791    -0.00757     0.00102    -0.00078
49822    -0.00598     0.00129    -0.00058
49852    -0.00315     0.00124    -0.00045
49883    -0.00045     0.00080    -0.00047
49913     0.00217    -0.00034    -0.00029
49944     0.00365    -0.00151    -0.00009
49975     0.00240    -0.00175    -0.00032
50005     0.00070    -0.00131    -0.00046
50036    -0.00111    -0.00045    -0.00089
50066    -0.00254     0.00046    -0.00091
50097    -0.00465     0.00105    -0.00104
50128    -0.00629     0.00138    -0.00117
50157    -0.00712     0.00141    -0.00117
50188    -0.00617     0.00137    -0.00093
50218    -0.00363     0.00157    -0.00051
50249    -0.00018     0.00133     0.00030
50279     0.00261     0.00124     0.00072
50310     0.00475     0.00106     0.00102
50341     0.00502     0.00112     0.00112
50371     0.00383     0.00119     0.00095
50402     0.00210     0.00151     0.00068
50432     0.00012     0.00163     0.00032
50463    -0.00180     0.00182     0.00018
50494    -0.00476     0.00194    -0.00000
50522    -0.00629     0.00210     0.00010
50553    -0.00566     0.00187     0.00059
50583    -0.00408     0.00155     0.00063
50614    -0.00152     0.00122     0.00048
50644     0.00044     0.00028     0.00017
50675     0.00172    -0.00068    -0.00003
50706     0.00115    -0.00098    -0.00030
50736    -0.00130    -0.00058    -0.00061
50767    -0.00365    -0.00020    -0.00093
50797    -0.00575     0.00025    -0.00097
50828    -0.00697     0.00062    -0.00106
50859    -0.00761     0.00101    -0.00124
50887    -0.00834     0.00128    -0.00144
50918    -0.00744     0.00130    -0.00136
50948    -0.00393     0.00096    -0.00142
50979    -0.00113     0.00054    -0.00129
51009     0.00016    -0.00058    -0.00110
51040     0.00095    -0.00151    -0.00054
51071     0.00016    -0.00182    -0.00058
51101    -0.00145    -0.00146    -0.00117
51132    -0.00297    -0.00062    -0.00174
51162    -0.00403     0.00017    -0.00183
51193    -0.00577     0.00092    -0.00170
51224    -0.00672     0.00129    -0.00149
51252    -0.00712     0.00141    -0.00118
51283    -0.00523     0.00140    -0.00090
51313    -0.00253     0.00114    -0.00089
51344     0.00033     0.00047    -0.00086
51374     0.00257    -0.00020    -0.00058
51405     0.00355    -0.00121    -0.00023
51436     0.00342    -0.00145    -0.00016
51466     0.00159    -0.00126    -0.00023
51497     0.00056    -0.00091    -0.00040
51527    -0.00162    -0.00009    -0.00037
51558    -0.00313     0.00092     0.00038
51589    -0.00418     0.00141     0.00068
51618    -0.00467     0.00147     0.00081
51649    -0.00379     0.00138     0.00100
51679    -0.00079     0.00046     0.00094
51710     0.00209    -0.00024     0.00072
51740     0.00354    -0.00060     0.00080
51771     0.00399    -0.00120     0.00067
51802     0.00385    -0.00123     0.00060
51832     0.00276    -0.00117     0.00043
51863     0.00071    -0.00042     0.00045
51893    -0.00029     0.00007     0.00066
51924    -0.00151     0.00066     0.00032
51955    -0.00270     0.00075    -0.00010
51983    -0.00353     0.00104    -0.00019
52014    -0.00332     0.00103     0.00004
52044    -0.00109     0.00064     0.00014
52075     0.00144     0.00016     0.00021
52105     0.00381    -0.00077     0.00027
52136     0.00500    -0.00178     0.00035
52167     0.00418    -0.00172     0.00016
52197     0.00260    -0.00161    -0.00008
52228     0.00110    -0.00124    -0.00010
52258    -0.00031    -0.00036    -0.00022
52289    -0.00175     0.00036    -0.00008
52320    -0.00329     0.00076    -0.00002
52348    -0.00367     0.00084    -0.00011
52379    -0.00214     0.00109    -0.00010
52409     0.00018     0.00082    -0.00024
52440     0.00305     0.00043    -0.00017
52470     0.00481    -0.00056     0.00008
52501     0.00576    -0.00152     0.00013
52532     0.00595    -0.00193     0.00007
52562     0.00416    -0.00159    -0.00026
52593     0.00147    -0.00086    -0.00038
52623    -0.00003    -0.00023    -0.00044
52654    -0.00148     0.00035    -0.00030
52685    -0.00252     0.00081    -0.00018
52713    -0.00230     0.00111    -0.00009
52744    -0.00125     0.00125     0.00020
52774     0.00040     0.00116     0.00030
52805     0.00315     0.00081     0.00048
52835     0.00502    -0.00021     0.00064
52866     0.00622    -0.00124     0.00076
52897     0.00597    -0.00175     0.00054
52927     0.00475    -0.00156     0.00009
52958     0.00272    -0.00088    -0.00027
52988     0.00073    -0.00028    -0.00031
53019    -0.00124     0.00047    -0.00018
53050    -0.00261     0.00101     0.00000
53079    -0.00307     0.00132     0.00007
53110    -0.00279     0.00132     0.00041
53140    -0.00081     0.00106     0.00023
53171     0.00190     0.00045     0.00011
53201     0.00343    -0.00015     0.00031
53232     0.00441    -0.00111     0.00036
53263     0.00376    -0.00150     0.00015
53293     0.00237    -0.00116    -0.00009
53324     0.00051    -0.00033    -0.00029
53354    -0.00123     0.00024     0.00001
53385    -0.00283     0.00077     0.00012
53416    -0.00357     0.00135    -0.00005
53444    -0.00416     0.00180    -0.00010
53475    -0.00335     0.00173    -0.00003
53505    -0.00198     0.00140     0.00015
53536     0.00071     0.00093     0.00031
53566     0.00398    -0.00025     0.00018
53597     0.00450    -0.00127     0.00011
53628     0.00468    -0.00188    -0.00002
53658     0.00413    -0.00170    -0.00038
53689     0.00260    -0.00121    -0.00056
53719     0.00109     0.00010    -0.00053
53750    -0.00006     0.00096    -0.00039
53781    -0.00119     0.00129    -0.00023
53809    -0.00191     0.00147    -0.00001
53840    -0.00173     0.00152     0.00028
53870     0.00000     0.00114     0.00027
53901     0.00245     0.00039     0.00014
53931     0.00575    -0.00091     0.00025
53962     0.00618    -0.00169     0.00043
53993     0.00512    -0.00186     0.00025
54023     0.00380    -0.00128     0.00014
54054     0.00130    -0.00025     0.00031
54084    -0.00022     0.00036     0.00034
54115    -0.00140     0.00092     0.00029
54146    -0.00249     0.00114     0.00030
54174    -0.00294     0.00140     0.00012
54205    -0.00154     0.00161     0.00024
54235     0.00034     0.00129     0.00040
54266     0.00281     0.00036     0.00034
54296     0.00322    -0.00074     0.00048
54327     0.00367    -0.00164     0.00077
54358     0.00317    -0.00200     0.00057
54388     0.00231    -0.00170     0.00028
54419     0.00097    -0.00111     0.00043
54449    -0.00100    -0.00022     0.00050
54480    -0.00227     0.00051     0.00078
54511    -0.00311     0.00099     0.00077
54540    -0.00376     0.00153     0.00063
54571    -0.00342     0.00146     0.00052
54601    -0.00081     0.00122     0.00040
54632     0.00247     0.00042     0.00029
54662     0.00423    -0.00059     0.00048
54693     0.00432    -0.00148     0.00072
54724     0.00340    -0.00163     0.00055
54754     0.00172    -0.00139     0.00025
54785     0.00006    -0.00114    -0.00005
54815    -0.00140    -0.00016    -0.00012
54846    -0.00230     0.00039    -0.00011
54877    -0.00361     0.00072     0.00014
54905    -0.00442     0.00109     0.00009
54936    -0.00352     0.00127     0.00009
54966    -0.00108     0.00097     0.00008
54997     0.00146     0.00053     0.00015
55027     0.00330    -0.00043     0.00032
55058     0.00381    -0.00132     0.00069
55089     0.00368    -0.00174     0.00076
55119     0.00254    -0.00138     0.00037
55150     0.00025    -0.00056     0.00035
55180    -0.00162     0.00018     0.00041
55211    -0.00314     0.00060     0.00034
55242    -0.00430     0.00098    -0.00001
55270    -0.00500     0.00114     0.00018
55301    -0.00409     0.00115     0.00028
55331    -0.00227     0.00095     0.00025
55362     0.00014     0.00044     0.00015
55392     0.00332    -0.00071     0.00040
55423     0.00384    -0.00186     0.00060
55454     0.00272    -0.00244     0.00024
55484     0.00129    -0.00237    -0.00021
55515    -0.00087    -0.00152    -0.00050
55545    -0.00274    -0.00061    -0.00074
55576    -0.00436     0.00031    -0.00063
55607    -0.00548     0.00088    -0.00048
55635    -0.00545     0.00128    -0.00039
55666    -0.00419     0.00152    -0.00035
55696    -0.00138     0.00122    -0.00026
55727     0.00120     0.00025    -0.00008
55757     0.00299    -0.00077    -0.00007
55788     0.00340    -0.00172     0.00005
55819     0.00264    -0.00218     0.00020
55849     0.00185    -0.00180     0.00033
55880     0.00112    -0.00125     0.00030
55910    -0.00050    -0.00053     0.00018
55941    -0.00241     0.00012     0.00014
55972    -0.00290     0.00056     0.00001
56001    -0.00290     0.00075    -0.00008
56032    -0.00236     0.00096    -0.00004
56062    -0.00107     0.00072     0.00005
56093     0.00135     0.00019     0.00018
56123     0.00293    -0.00089     0.00052
56154     0.00383    -0.00203     0.00070
56185     0.00333    -0.00270     0.00064
56215     0.00131    -0.00206     0.00049
56246    -0.00074    -0.00158     0.00035
56276    -0.00225    -0.00086     0.00017
56307    -0.00379    -0.00007     0.00009
56338    -0.00492     0.00052    -0.00004
56366    -0.00512     0.00091    -0.00016
56397    -0.00445     0.00109     0.00004
56427    -0.00227     0.00084     0.00026
56458     0.00027     0.00042    -0.00001
56488     0.00334    -0.00074     0.00005
56519     0.00527    -0.00177     0.00015
56550     0.00563    -0.00209     0.00001
56580     0.00479    -0.00184    -0.00024
56611     0.00329    -0.00097    -0.00026
56641     0.00223    -0.00028    -0.00016
56672     0.00090     0.00025     0.00018
56703     0.00005     0.00067     0.00029
56731    -0.00001     0.00118     0.00051
56762     0.00093     0.00128     0.00057
56792     0.00191     0.00119     0.00058
56823     0.00395     0.00077     0.00046
56853     0.00569    -0.00022     0.00039
56884     0.00613    -0.00139     0.00050
56915     0.00534    -0.00181     0.00030
56945     0.00362    -0.00150     0.00015
56976     0.00161    -0.00079     0.00000
57006     0.00012     0.00007    -0.00020
57037    -0.00178     0.00044    -0.00036
57068    -0.00310     0.00105    -0.00048
57096    -0.00320     0.00136    -0.00051
57127    -0.00246     0.00139    -0.00037
57157    -0.00076     0.00141    -0.00021
57188     0.00188     0.00098    -0.00001
57218     0.00423     0.00028     0.00026
57249     0.00490    -0.00088     0.00039
57280     0.00401    -0.00143     0.00028
57310     0.00289    -0.00140    -0.00015
57341     0.00115    -0.00107    -0.00054
57371    -0.00126    -0.00069    -0.00071
57402    -0.00270    -0.00003    -0.00064
57433    -0.00426     0.00069    -0.00062
57462    -0.00484     0.00136    -0.00050
57493    -0.00405     0.00144    -0.00024
57523    -0.00206     0.00108    -0.00020
57554     0.00073     0.00035    -0.00027
