# Hydrology loading displacements computed from the monthly GLDAS NOAH model
# This is a product of the Hydrology loading service: http://lacerta.gsfc.nasa.gov/hydlo/
# Displacements are with respect to the center of mass of the total earth
#
# Created for VieVS on 17.03.2017 at 11:46:08 local time
# OFFSET + TREND REMOVED!!! - Hana 
# mjd up (meters) eastwest (meters) northsouth (meters)
43888    -0.00319    -0.00036    -0.00094
43919    -0.00463    -0.00049    -0.00163
43947    -0.00502    -0.00036    -0.00151
43978    -0.00480    -0.00026    -0.00090
44008    -0.00318    -0.00013     0.00035
44039    -0.00005    -0.00012     0.00149
44069     0.00339     0.00023     0.00166
44100     0.00605     0.00040     0.00123
44131     0.00619     0.00039     0.00110
44161     0.00590     0.00037     0.00108
44192     0.00405    -0.00001     0.00052
44222     0.00194    -0.00067    -0.00005
44253    -0.00043    -0.00104    -0.00056
44284    -0.00191    -0.00095    -0.00109
44313    -0.00276    -0.00077    -0.00144
44344    -0.00236    -0.00069    -0.00085
44374    -0.00049    -0.00042     0.00015
44405     0.00063     0.00012     0.00099
44435     0.00356     0.00038     0.00115
44466     0.00581     0.00053     0.00098
44497     0.00559     0.00062     0.00085
44527     0.00463     0.00055     0.00094
44558     0.00286     0.00022     0.00056
44588     0.00057    -0.00012     0.00002
44619    -0.00059    -0.00039    -0.00033
44650    -0.00164    -0.00057    -0.00076
44678    -0.00244    -0.00074    -0.00109
44709    -0.00253    -0.00067    -0.00074
44739    -0.00194    -0.00055     0.00014
44770    -0.00084     0.00003     0.00135
44800     0.00206     0.00045     0.00141
44831     0.00462     0.00070     0.00103
44862     0.00545     0.00070     0.00088
44892     0.00366     0.00087     0.00057
44923     0.00175     0.00080     0.00017
44953    -0.00117     0.00043    -0.00039
44984    -0.00392    -0.00006    -0.00105
45015    -0.00604    -0.00007    -0.00149
45043    -0.00640    -0.00001    -0.00149
45074    -0.00591    -0.00016    -0.00077
45104    -0.00357    -0.00024     0.00015
45135    -0.00081    -0.00018     0.00154
45165     0.00120    -0.00011     0.00246
45196     0.00366     0.00019     0.00190
45227     0.00403     0.00048     0.00155
45257     0.00268     0.00040     0.00112
45288     0.00067     0.00042     0.00023
45318    -0.00276     0.00033    -0.00069
45349    -0.00541     0.00021    -0.00118
45380    -0.00717    -0.00001    -0.00166
45408    -0.00817     0.00031    -0.00166
45439    -0.00769     0.00046    -0.00080
45469    -0.00573     0.00084     0.00013
45500    -0.00204     0.00082     0.00130
45530    -0.00008     0.00135     0.00188
45561     0.00287     0.00150     0.00138
45592     0.00351     0.00177     0.00100
45622     0.00277     0.00196     0.00075
45653    -0.00043     0.00178     0.00050
45683    -0.00403     0.00143    -0.00039
45714    -0.00560     0.00119    -0.00105
45745    -0.00638     0.00098    -0.00113
45774    -0.00680     0.00090    -0.00104
45805    -0.00629     0.00035    -0.00046
45835    -0.00515     0.00046     0.00063
45866    -0.00324     0.00079     0.00152
45896     0.00053     0.00112     0.00192
45927     0.00390     0.00127     0.00166
45958     0.00434     0.00128     0.00160
45988     0.00313     0.00112     0.00132
46019    -0.00017     0.00081     0.00098
46049    -0.00304     0.00052     0.00041
46080    -0.00470    -0.00018     0.00002
46111    -0.00537    -0.00060    -0.00073
46139    -0.00557    -0.00033    -0.00087
46170    -0.00449    -0.00053    -0.00030
46200    -0.00253    -0.00050     0.00042
46231     0.00001    -0.00010     0.00141
46261     0.00435    -0.00021     0.00153
46292     0.00623     0.00004     0.00112
46323     0.00558     0.00058     0.00099
46353     0.00359     0.00092     0.00095
46384     0.00069     0.00076     0.00066
46414    -0.00096     0.00030    -0.00008
46445    -0.00190    -0.00015    -0.00081
46476    -0.00354    -0.00035    -0.00137
46504    -0.00395    -0.00063    -0.00155
46535    -0.00332    -0.00066    -0.00086
46565    -0.00244    -0.00046     0.00032
46596     0.00071    -0.00056     0.00171
46626     0.00320     0.00016     0.00206
46657     0.00574     0.00047     0.00173
46688     0.00608     0.00043     0.00150
46718     0.00436     0.00037     0.00135
46749     0.00301     0.00013     0.00077
46779     0.00083    -0.00023     0.00021
46810    -0.00074    -0.00051    -0.00027
46841    -0.00191    -0.00055    -0.00074
46869    -0.00280    -0.00049    -0.00114
46900    -0.00208    -0.00068    -0.00057
46930    -0.00011    -0.00059     0.00050
46961     0.00240    -0.00050     0.00109
46991     0.00488    -0.00004     0.00174
47022     0.00626     0.00031     0.00154
47053     0.00710     0.00048     0.00105
47083     0.00730     0.00039     0.00068
47114     0.00621     0.00034     0.00042
47144     0.00347    -0.00014    -0.00006
47175     0.00172    -0.00052    -0.00079
47206     0.00064    -0.00086    -0.00121
47235     0.00066    -0.00112    -0.00143
47266     0.00072    -0.00104    -0.00078
47296     0.00189    -0.00075    -0.00020
47327     0.00365    -0.00059     0.00099
47357     0.00593    -0.00027     0.00126
47388     0.00777     0.00003     0.00064
47419     0.00815     0.00034     0.00013
47449     0.00716     0.00036     0.00021
47480     0.00482    -0.00002     0.00009
47510     0.00269    -0.00048    -0.00038
47541     0.00062    -0.00078    -0.00103
47572    -0.00030    -0.00093    -0.00147
47600    -0.00133    -0.00070    -0.00169
47631    -0.00066    -0.00055    -0.00130
47661     0.00104    -0.00048    -0.00037
47692     0.00292    -0.00005     0.00090
47722     0.00556     0.00008     0.00141
47753     0.00737     0.00007     0.00127
47784     0.00666     0.00044     0.00106
47814     0.00626     0.00040     0.00065
47845     0.00409     0.00020     0.00049
47875     0.00235    -0.00065    -0.00007
47906     0.00046    -0.00116    -0.00066
47937    -0.00132    -0.00130    -0.00126
47965    -0.00160    -0.00100    -0.00133
47996    -0.00047    -0.00081    -0.00072
48026     0.00024    -0.00061     0.00019
48057     0.00027     0.00009     0.00112
48087     0.00341     0.00028     0.00144
48118     0.00585     0.00050     0.00123
48149     0.00639     0.00048     0.00102
48179     0.00556     0.00057     0.00063
48210     0.00329     0.00035     0.00024
48240     0.00043    -0.00010    -0.00024
48271    -0.00138    -0.00025    -0.00082
48302    -0.00197    -0.00027    -0.00126
48330    -0.00293    -0.00058    -0.00166
48361    -0.00267    -0.00084    -0.00114
48391    -0.00192    -0.00080    -0.00027
48422     0.00007    -0.00035     0.00066
48452     0.00265     0.00001     0.00131
48483     0.00534     0.00025     0.00103
48514     0.00557     0.00046     0.00109
48544     0.00517     0.00046     0.00093
48575     0.00291     0.00050     0.00063
48605     0.00022     0.00041     0.00005
48636    -0.00137     0.00001    -0.00049
48667    -0.00296    -0.00029    -0.00076
48696    -0.00351    -0.00027    -0.00073
48727    -0.00289    -0.00052    -0.00030
48757    -0.00107    -0.00038     0.00071
48788     0.00141    -0.00019     0.00169
48818     0.00313     0.00022     0.00187
48849     0.00556     0.00044     0.00138
48880     0.00595     0.00046     0.00113
48910     0.00547     0.00052     0.00083
48941     0.00329     0.00020     0.00025
48971     0.00174    -0.00025    -0.00009
49002     0.00036    -0.00040    -0.00084
49033    -0.00048    -0.00043    -0.00157
49061    -0.00101    -0.00054    -0.00184
49092    -0.00126    -0.00064    -0.00143
49122    -0.00023    -0.00041    -0.00078
49153     0.00142    -0.00014     0.00019
49183     0.00267     0.00048     0.00062
49214     0.00419     0.00087     0.00033
49245     0.00468     0.00101     0.00002
49275     0.00431     0.00093    -0.00013
49306     0.00310     0.00063    -0.00026
49336     0.00110     0.00025    -0.00063
49367    -0.00069    -0.00042    -0.00114
49398    -0.00157    -0.00075    -0.00152
49426    -0.00204    -0.00065    -0.00168
49457    -0.00169    -0.00066    -0.00122
49487    -0.00067    -0.00058    -0.00048
49518     0.00046    -0.00039     0.00040
49548     0.00243     0.00003     0.00045
49579     0.00470     0.00007     0.00007
49610     0.00507     0.00011    -0.00026
49640     0.00419    -0.00013    -0.00036
49671     0.00174    -0.00050    -0.00097
49701    -0.00054    -0.00058    -0.00171
49732    -0.00240    -0.00051    -0.00238
49763    -0.00362    -0.00038    -0.00303
49791    -0.00436    -0.00039    -0.00324
49822    -0.00439    -0.00052    -0.00249
49852    -0.00361    -0.00036    -0.00152
49883    -0.00197     0.00003    -0.00049
49913     0.00052     0.00049    -0.00010
49944     0.00216     0.00075    -0.00051
49975     0.00294     0.00089    -0.00082
50005     0.00205     0.00081    -0.00096
50036    -0.00022     0.00054    -0.00112
50066    -0.00315    -0.00008    -0.00131
50097    -0.00509    -0.00048    -0.00205
50128    -0.00653    -0.00062    -0.00282
50157    -0.00695    -0.00050    -0.00326
50188    -0.00650    -0.00052    -0.00286
50218    -0.00583    -0.00057    -0.00122
50249    -0.00376    -0.00073     0.00045
50279    -0.00192    -0.00098     0.00190
50310     0.00013    -0.00105     0.00276
50341     0.00094    -0.00140     0.00291
50371     0.00059    -0.00144     0.00252
50402    -0.00126    -0.00144     0.00182
50432    -0.00333    -0.00139     0.00087
50463    -0.00554    -0.00137    -0.00010
50494    -0.00709    -0.00122    -0.00109
50522    -0.00770    -0.00132    -0.00186
50553    -0.00714    -0.00134    -0.00201
50583    -0.00610    -0.00105    -0.00168
50614    -0.00464    -0.00062    -0.00062
50644    -0.00282     0.00002    -0.00008
50675    -0.00055     0.00053    -0.00000
50706    -0.00048     0.00088    -0.00035
50736    -0.00223     0.00081    -0.00112
50767    -0.00420     0.00053    -0.00220
50797    -0.00572     0.00012    -0.00313
50828    -0.00787     0.00010    -0.00375
50859    -0.00928     0.00015    -0.00398
50887    -0.00997     0.00031    -0.00408
50918    -0.00935     0.00041    -0.00349
50948    -0.00784     0.00067    -0.00224
50979    -0.00635     0.00109    -0.00110
51009    -0.00376     0.00164    -0.00101
51040    -0.00014     0.00153    -0.00140
51071     0.00153     0.00142    -0.00183
51101     0.00042     0.00147    -0.00212
51132    -0.00195     0.00123    -0.00225
51162    -0.00496     0.00082    -0.00250
51193    -0.00715     0.00044    -0.00268
51224    -0.00854     0.00018    -0.00280
51252    -0.00822     0.00001    -0.00280
51283    -0.00693    -0.00002    -0.00209
51313    -0.00556     0.00028    -0.00111
51344    -0.00328     0.00073    -0.00005
51374    -0.00094     0.00083     0.00050
51405     0.00176     0.00086     0.00006
51436     0.00260     0.00084    -0.00009
51466     0.00249     0.00079    -0.00035
51497     0.00072     0.00058    -0.00050
51527    -0.00163     0.00012    -0.00067
51558    -0.00353    -0.00090    -0.00095
51589    -0.00481    -0.00130    -0.00129
51618    -0.00584    -0.00121    -0.00155
51649    -0.00564    -0.00122    -0.00137
51679    -0.00449    -0.00068    -0.00089
51710    -0.00351    -0.00002     0.00007
51740    -0.00092     0.00026     0.00088
51771     0.00224     0.00037     0.00082
51802     0.00254     0.00029     0.00078
51832     0.00191     0.00023     0.00032
51863    -0.00010    -0.00010     0.00001
51893    -0.00154    -0.00054    -0.00036
51924    -0.00333    -0.00075    -0.00054
51955    -0.00456    -0.00045    -0.00076
51983    -0.00499    -0.00053    -0.00091
52014    -0.00482    -0.00065    -0.00073
52044    -0.00333    -0.00038     0.00023
52075    -0.00146    -0.00004     0.00107
52105     0.00129     0.00036     0.00160
52136     0.00336     0.00077     0.00152
52167     0.00421     0.00083     0.00136
52197     0.00378     0.00089     0.00102
52228     0.00221     0.00063     0.00056
52258    -0.00050     0.00003     0.00030
52289    -0.00193    -0.00062    -0.00002
52320    -0.00289    -0.00077    -0.00014
52348    -0.00349    -0.00072    -0.00021
52379    -0.00322    -0.00099     0.00020
52409    -0.00199    -0.00059     0.00106
52440    -0.00012    -0.00014     0.00213
52470     0.00286     0.00033     0.00236
52501     0.00509     0.00066     0.00208
52532     0.00554     0.00081     0.00170
52562     0.00459     0.00072     0.00116
52593     0.00328     0.00023     0.00067
52623     0.00148    -0.00017     0.00045
52654    -0.00067    -0.00070     0.00008
52685    -0.00206    -0.00095    -0.00009
52713    -0.00280    -0.00106     0.00006
52744    -0.00274    -0.00122     0.00035
52774    -0.00190    -0.00088     0.00114
52805     0.00049    -0.00064     0.00207
52835     0.00370    -0.00010     0.00211
52866     0.00647     0.00021     0.00156
52897     0.00691     0.00055     0.00099
52927     0.00575     0.00059     0.00082
52958     0.00355     0.00026     0.00061
52988     0.00151    -0.00008     0.00027
53019     0.00020    -0.00066     0.00001
53050    -0.00089    -0.00104    -0.00015
53079    -0.00135    -0.00115    -0.00024
53110    -0.00034    -0.00139    -0.00016
53140     0.00070    -0.00110     0.00055
53171     0.00163    -0.00041     0.00124
53201     0.00421     0.00002     0.00154
53232     0.00610     0.00042     0.00109
53263     0.00512     0.00089     0.00088
53293     0.00390     0.00081     0.00064
53324     0.00187     0.00035     0.00044
53354     0.00014    -0.00026     0.00003
53385    -0.00152    -0.00061    -0.00022
53416    -0.00267    -0.00097    -0.00016
53444    -0.00275    -0.00128    -0.00018
53475    -0.00270    -0.00125     0.00011
53505    -0.00136    -0.00109     0.00037
53536    -0.00027    -0.00051     0.00131
53566     0.00210     0.00020     0.00176
53597     0.00464     0.00076     0.00144
53628     0.00502     0.00116     0.00121
53658     0.00364     0.00126     0.00118
53689     0.00206     0.00111     0.00103
53719     0.00064     0.00023     0.00104
53750    -0.00172    -0.00044     0.00078
53781    -0.00276    -0.00070     0.00054
53809    -0.00309    -0.00094     0.00031
53840    -0.00260    -0.00102     0.00037
53870    -0.00107    -0.00062     0.00100
53901     0.00056    -0.00003     0.00163
53931     0.00392     0.00057     0.00196
53962     0.00629     0.00071     0.00157
53993     0.00682     0.00089     0.00108
54023     0.00583     0.00070     0.00106
54054     0.00349    -0.00005     0.00077
54084     0.00149    -0.00052     0.00055
54115    -0.00028    -0.00075     0.00044
54146    -0.00086    -0.00090     0.00014
54174    -0.00146    -0.00096     0.00022
54205    -0.00103    -0.00103     0.00071
54235     0.00030    -0.00087     0.00116
54266     0.00213    -0.00027     0.00170
54296     0.00462     0.00026     0.00153
54327     0.00664     0.00028     0.00094
54358     0.00679     0.00049     0.00043
54388     0.00454     0.00054     0.00042
54419     0.00260    -0.00004     0.00033
54449    -0.00068    -0.00059     0.00000
54480    -0.00347    -0.00118    -0.00025
54511    -0.00533    -0.00135    -0.00036
54540    -0.00581    -0.00149    -0.00029
54571    -0.00512    -0.00137    -0.00021
54601    -0.00348    -0.00101     0.00065
54632    -0.00128    -0.00037     0.00125
54662     0.00237    -0.00000     0.00130
54693     0.00451     0.00025     0.00076
54724     0.00440     0.00047     0.00029
54754     0.00354     0.00050    -0.00002
54785     0.00123     0.00053    -0.00042
54815    -0.00085    -0.00006    -0.00035
54846    -0.00383    -0.00038    -0.00060
54877    -0.00433    -0.00075    -0.00086
54905    -0.00512    -0.00090    -0.00102
54936    -0.00481    -0.00099    -0.00079
54966    -0.00348    -0.00066    -0.00010
54997    -0.00039    -0.00030     0.00078
55027     0.00279     0.00014     0.00100
55058     0.00498     0.00047     0.00060
55089     0.00557     0.00053     0.00025
55119     0.00408     0.00064     0.00005
55150     0.00035    -0.00011    -0.00029
55180    -0.00212    -0.00073    -0.00055
55211    -0.00452    -0.00101    -0.00112
55242    -0.00610    -0.00089    -0.00135
55270    -0.00597    -0.00102    -0.00154
55301    -0.00505    -0.00100    -0.00123
55331    -0.00370    -0.00061    -0.00057
55362    -0.00229    -0.00004     0.00006
55392     0.00125     0.00042     0.00051
55423     0.00448     0.00078     0.00012
55454     0.00445     0.00126    -0.00048
55484     0.00309     0.00147    -0.00082
55515     0.00079     0.00111    -0.00115
55545    -0.00247     0.00067    -0.00170
55576    -0.00583     0.00020    -0.00186
55607    -0.00778     0.00002    -0.00171
55635    -0.00899    -0.00019    -0.00161
55666    -0.00828    -0.00018    -0.00110
55696    -0.00640     0.00006    -0.00037
55727    -0.00363     0.00074     0.00035
55757    -0.00013     0.00117     0.00084
55788     0.00295     0.00138     0.00064
55819     0.00452     0.00146     0.00011
55849     0.00369     0.00111    -0.00023
55880     0.00215     0.00065    -0.00038
55910    -0.00011     0.00028    -0.00043
55941    -0.00238    -0.00019    -0.00072
55972    -0.00427    -0.00036    -0.00079
56001    -0.00552    -0.00019    -0.00057
56032    -0.00509    -0.00028    -0.00040
56062    -0.00315    -0.00010     0.00014
56093    -0.00119     0.00029     0.00102
56123     0.00180     0.00062     0.00112
56154     0.00478     0.00090     0.00052
56185     0.00620     0.00117    -0.00029
56215     0.00549     0.00096    -0.00042
56246     0.00317     0.00073    -0.00088
56276     0.00085     0.00034    -0.00124
56307    -0.00084     0.00001    -0.00132
56338    -0.00152    -0.00026    -0.00139
56366    -0.00187    -0.00034    -0.00121
56397    -0.00148    -0.00055    -0.00094
56427     0.00018    -0.00042    -0.00010
56458     0.00098     0.00015     0.00082
56488     0.00353     0.00072     0.00107
56519     0.00583     0.00106     0.00077
56550     0.00614     0.00117     0.00057
56580     0.00486     0.00117     0.00041
56611     0.00352     0.00077     0.00052
56641     0.00212     0.00039     0.00053
56672     0.00092    -0.00003     0.00056
56703    -0.00014    -0.00030     0.00049
56731    -0.00110    -0.00066     0.00066
56762    -0.00073    -0.00070     0.00102
56792     0.00022    -0.00067     0.00139
56823     0.00171    -0.00031     0.00202
56853     0.00418     0.00014     0.00200
56884     0.00654     0.00041     0.00131
56915     0.00655     0.00075     0.00071
56945     0.00547     0.00065     0.00034
56976     0.00324     0.00042     0.00019
57006     0.00079     0.00013     0.00013
57037    -0.00120     0.00020    -0.00016
57068    -0.00270     0.00000    -0.00024
57096    -0.00293    -0.00020    -0.00024
57127    -0.00235    -0.00032    -0.00007
57157    -0.00083    -0.00029     0.00060
57188     0.00129    -0.00000     0.00128
57218     0.00425     0.00015     0.00157
57249     0.00600     0.00051     0.00112
57280     0.00585     0.00082     0.00075
57310     0.00455     0.00097     0.00044
57341     0.00243     0.00100    -0.00012
57371    -0.00023     0.00108    -0.00082
57402    -0.00225     0.00071    -0.00116
57433    -0.00361     0.00035    -0.00113
57462    -0.00437    -0.00008    -0.00104
57493    -0.00341    -0.00036    -0.00089
57523    -0.00146    -0.00024    -0.00056
57554     0.00070     0.00008     0.00017
