# Hydrology loading displacements computed from the monthly GLDAS NOAH model
# This is a product of the Hydrology loading service: http://lacerta.gsfc.nasa.gov/hydlo/
# Displacements are with respect to the center of mass of the total earth
#
# Created for VieVS on 17.03.2017 at 11:46:08 local time
# OFFSET + TREND REMOVED!!! - Hana 
# mjd up (meters) eastwest (meters) northsouth (meters)
43888    -0.00026    -0.00064    -0.00044
43919    -0.00006    -0.00094    -0.00115
43947    -0.00028    -0.00068    -0.00127
43978    -0.00072    -0.00029    -0.00100
44008    -0.00102     0.00016     0.00016
44039    -0.00124     0.00041     0.00146
44069    -0.00006     0.00034     0.00223
44100     0.00076     0.00013     0.00242
44131     0.00063     0.00011     0.00229
44161     0.00058     0.00032     0.00198
44192     0.00011     0.00011     0.00126
44222    -0.00033    -0.00029     0.00056
44253    -0.00077    -0.00041    -0.00008
44284    -0.00041    -0.00041    -0.00053
44313     0.00008    -0.00051    -0.00078
44344    -0.00029    -0.00018    -0.00039
44374    -0.00043     0.00028     0.00055
44405    -0.00027     0.00050     0.00157
44435     0.00065     0.00031     0.00216
44466     0.00147     0.00002     0.00238
44497     0.00162    -0.00000     0.00219
44527     0.00115     0.00021     0.00186
44558     0.00061     0.00012     0.00110
44588     0.00030    -0.00008     0.00045
44619     0.00045    -0.00033     0.00010
44650     0.00027    -0.00058    -0.00034
44678     0.00005    -0.00079    -0.00075
44709    -0.00015    -0.00062    -0.00057
44739    -0.00080    -0.00028     0.00015
44770    -0.00095     0.00037     0.00147
44800    -0.00001     0.00030     0.00203
44831     0.00101     0.00001     0.00220
44862     0.00126    -0.00005     0.00215
44892     0.00134     0.00016     0.00151
44923     0.00128     0.00025     0.00086
44953     0.00075     0.00016     0.00002
44984    -0.00003    -0.00014    -0.00094
45015    -0.00010    -0.00035    -0.00159
45043    -0.00000    -0.00033    -0.00177
45074    -0.00068    -0.00007    -0.00126
45104    -0.00097     0.00003    -0.00022
45135    -0.00142     0.00046     0.00137
45165    -0.00092     0.00060     0.00270
45196     0.00028     0.00026     0.00265
45227     0.00101     0.00025     0.00243
45257     0.00100     0.00005     0.00190
45288     0.00108    -0.00018     0.00084
45318     0.00067    -0.00034    -0.00022
45349     0.00036    -0.00033    -0.00109
45380     0.00015    -0.00038    -0.00166
45408     0.00013     0.00002    -0.00183
45439    -0.00061     0.00053    -0.00133
45469    -0.00053     0.00094    -0.00045
45500    -0.00035     0.00111     0.00113
45530     0.00072     0.00119     0.00215
45561     0.00195     0.00078     0.00234
45592     0.00266     0.00074     0.00212
45622     0.00271     0.00093     0.00159
45653     0.00202     0.00101     0.00098
45683     0.00110     0.00071     0.00003
45714     0.00092     0.00029    -0.00081
45745     0.00052     0.00029    -0.00125
45774     0.00034     0.00040    -0.00126
45805    -0.00027     0.00042    -0.00070
45835    -0.00037     0.00083     0.00039
45866    -0.00033     0.00115     0.00140
45896     0.00038     0.00135     0.00218
45927     0.00107     0.00120     0.00240
45958     0.00126     0.00112     0.00221
45988     0.00098     0.00105     0.00162
46019     0.00022     0.00099     0.00093
46049    -0.00027     0.00076     0.00010
46080    -0.00106     0.00044    -0.00057
46111    -0.00089    -0.00016    -0.00120
46139    -0.00054     0.00000    -0.00148
46170    -0.00042     0.00002    -0.00077
46200    -0.00066     0.00031    -0.00010
46231    -0.00069     0.00077     0.00115
46261    -0.00003     0.00051     0.00197
46292     0.00043     0.00023     0.00201
46323     0.00101     0.00033     0.00187
46353     0.00091     0.00057     0.00143
46384     0.00029     0.00055     0.00071
46414    -0.00046     0.00024    -0.00018
46445    -0.00037    -0.00021    -0.00098
46476    -0.00053    -0.00034    -0.00158
46504    -0.00067    -0.00044    -0.00177
46535    -0.00048    -0.00027    -0.00117
46565    -0.00086     0.00024    -0.00018
46596    -0.00155     0.00064     0.00135
46626    -0.00058     0.00075     0.00204
46657     0.00071     0.00053     0.00229
46688     0.00088     0.00044     0.00226
46718     0.00036     0.00032     0.00184
46749     0.00005     0.00006     0.00106
46779    -0.00043    -0.00008     0.00024
46810    -0.00060    -0.00019    -0.00044
46841    -0.00055    -0.00024    -0.00105
46869    -0.00053    -0.00022    -0.00152
46900    -0.00092    -0.00004    -0.00112
46930    -0.00114     0.00048    -0.00024
46961    -0.00110     0.00054     0.00076
46991    -0.00063     0.00081     0.00183
47022     0.00037     0.00061     0.00208
47053     0.00100     0.00034     0.00186
47083     0.00102     0.00019     0.00138
47114     0.00089     0.00028     0.00077
47144     0.00024     0.00013     0.00010
47175    -0.00017    -0.00010    -0.00073
47206    -0.00049    -0.00044    -0.00132
47235    -0.00021    -0.00078    -0.00142
47266    -0.00015    -0.00050    -0.00088
47296    -0.00001    -0.00020    -0.00022
47327    -0.00013     0.00017     0.00103
47357     0.00024     0.00008     0.00154
47388     0.00102    -0.00038     0.00146
47419     0.00138    -0.00056     0.00114
47449     0.00120    -0.00037     0.00090
47480     0.00042    -0.00030     0.00029
47510    -0.00031    -0.00037    -0.00058
47541    -0.00071    -0.00066    -0.00144
47572    -0.00076    -0.00085    -0.00202
47600    -0.00058    -0.00069    -0.00228
47631    -0.00028    -0.00051    -0.00177
47661    -0.00043    -0.00024    -0.00072
47692    -0.00065     0.00035     0.00070
47722     0.00004     0.00026     0.00175
47753     0.00083    -0.00005     0.00213
47784     0.00118    -0.00009     0.00199
47814     0.00111    -0.00014     0.00137
47845     0.00059    -0.00003     0.00054
47875     0.00003    -0.00051    -0.00028
47906    -0.00041    -0.00088    -0.00109
47937    -0.00067    -0.00113    -0.00186
47965    -0.00061    -0.00082    -0.00215
47996    -0.00063    -0.00054    -0.00155
48026    -0.00090    -0.00023    -0.00050
48057    -0.00074     0.00027     0.00058
48087    -0.00005     0.00032     0.00133
48118     0.00059     0.00028     0.00176
48149     0.00103     0.00023     0.00167
48179     0.00099     0.00027     0.00104
48210     0.00063     0.00022     0.00015
48240     0.00009    -0.00004    -0.00088
48271    -0.00011    -0.00026    -0.00166
48302     0.00028    -0.00047    -0.00205
48330     0.00001    -0.00070    -0.00253
48361    -0.00050    -0.00057    -0.00204
48391    -0.00093    -0.00026    -0.00102
48422    -0.00048     0.00001     0.00042
48452    -0.00008     0.00023     0.00138
48483     0.00078     0.00006     0.00166
48514     0.00102     0.00029     0.00162
48544     0.00108     0.00037     0.00123
48575     0.00090     0.00044     0.00051
48605     0.00079     0.00035    -0.00030
48636     0.00045     0.00018    -0.00106
48667     0.00010     0.00023    -0.00164
48696    -0.00036     0.00054    -0.00198
48727    -0.00071     0.00058    -0.00164
48757    -0.00067     0.00086    -0.00050
48788    -0.00090     0.00108     0.00085
48818    -0.00051     0.00106     0.00158
48849     0.00020     0.00072     0.00174
48880     0.00046     0.00053     0.00156
48910     0.00074     0.00049     0.00105
48941     0.00036     0.00031     0.00016
48971    -0.00018     0.00022    -0.00035
49002    -0.00020    -0.00002    -0.00098
49033    -0.00003    -0.00032    -0.00166
49061    -0.00023    -0.00039    -0.00200
49092    -0.00062    -0.00020    -0.00174
49122    -0.00062     0.00001    -0.00099
49153    -0.00068     0.00031     0.00023
49183    -0.00029     0.00043     0.00082
49214     0.00061     0.00023     0.00090
49245     0.00100     0.00009     0.00066
49275     0.00096     0.00013     0.00028
49306     0.00031     0.00015    -0.00039
49336    -0.00013     0.00005    -0.00106
49367    -0.00070    -0.00034    -0.00178
49398    -0.00088    -0.00063    -0.00224
49426    -0.00072    -0.00052    -0.00247
49457    -0.00095    -0.00026    -0.00204
49487    -0.00129    -0.00001    -0.00122
49518    -0.00140     0.00021    -0.00023
49548    -0.00083     0.00015     0.00010
49579    -0.00010    -0.00029     0.00028
49610     0.00031    -0.00045     0.00004
49640    -0.00013    -0.00045    -0.00038
49671    -0.00061    -0.00065    -0.00122
49701    -0.00076    -0.00074    -0.00221
49732    -0.00045    -0.00082    -0.00294
49763    -0.00002    -0.00094    -0.00355
49791     0.00004    -0.00103    -0.00376
49822    -0.00045    -0.00077    -0.00313
49852    -0.00092    -0.00041    -0.00211
49883    -0.00123    -0.00000    -0.00103
49913    -0.00055     0.00003    -0.00037
49944     0.00033    -0.00043    -0.00042
49975     0.00093    -0.00054    -0.00057
50005     0.00070    -0.00053    -0.00089
50036     0.00001    -0.00042    -0.00163
50066    -0.00080    -0.00059    -0.00221
50097    -0.00110    -0.00104    -0.00303
50128    -0.00109    -0.00135    -0.00377
50157    -0.00079    -0.00146    -0.00413
50188    -0.00067    -0.00130    -0.00359
50218    -0.00102    -0.00060    -0.00203
50249    -0.00100    -0.00018    -0.00008
50279    -0.00100     0.00040     0.00158
50310    -0.00084     0.00074     0.00268
50341    -0.00084     0.00073     0.00294
50371    -0.00079     0.00060     0.00252
50402    -0.00090     0.00035     0.00172
50432    -0.00096    -0.00003     0.00070
50463    -0.00104    -0.00048    -0.00037
50494    -0.00103    -0.00089    -0.00154
50522    -0.00097    -0.00129    -0.00231
50553    -0.00081    -0.00169    -0.00205
50583    -0.00097    -0.00166    -0.00161
50614    -0.00102    -0.00111    -0.00061
50644    -0.00037    -0.00067    -0.00007
50675     0.00057    -0.00041     0.00014
50706     0.00106    -0.00039    -0.00028
50736     0.00113    -0.00077    -0.00118
50767     0.00093    -0.00133    -0.00229
50797     0.00068    -0.00192    -0.00328
50828     0.00059    -0.00204    -0.00403
50859     0.00042    -0.00175    -0.00452
50887     0.00038    -0.00147    -0.00486
50918     0.00005    -0.00103    -0.00446
50948    -0.00049    -0.00033    -0.00344
50979    -0.00084     0.00022    -0.00220
51009     0.00012     0.00010    -0.00165
51040     0.00113    -0.00039    -0.00129
51071     0.00174    -0.00070    -0.00136
51101     0.00150    -0.00069    -0.00198
51132     0.00070    -0.00048    -0.00270
51162    -0.00001    -0.00052    -0.00325
51193    -0.00066    -0.00066    -0.00379
51224    -0.00082    -0.00076    -0.00397
51252    -0.00065    -0.00079    -0.00381
51283    -0.00092    -0.00054    -0.00308
51313    -0.00109    -0.00011    -0.00217
51344    -0.00087     0.00044    -0.00104
51374    -0.00047     0.00045    -0.00020
51405     0.00052    -0.00002     0.00000
51436     0.00082    -0.00017     0.00000
51466     0.00069    -0.00030    -0.00031
51497     0.00056    -0.00034    -0.00067
51527     0.00002    -0.00046    -0.00102
51558    -0.00085    -0.00106    -0.00125
51589    -0.00112    -0.00138    -0.00152
51618    -0.00095    -0.00144    -0.00169
51649    -0.00131    -0.00149    -0.00162
51679    -0.00095    -0.00122    -0.00122
51710    -0.00089    -0.00059    -0.00051
51740    -0.00073    -0.00018     0.00032
51771    -0.00017    -0.00010     0.00059
51802     0.00003    -0.00012     0.00055
51832     0.00002    -0.00025    -0.00001
51863    -0.00035    -0.00040    -0.00049
51893    -0.00056    -0.00085    -0.00077
51924    -0.00092    -0.00074    -0.00122
51955    -0.00048    -0.00047    -0.00154
51983    -0.00040    -0.00042    -0.00168
52014    -0.00025    -0.00042    -0.00133
52044    -0.00020     0.00013    -0.00054
52075    -0.00015     0.00052     0.00025
52105     0.00053     0.00081     0.00106
52136     0.00154     0.00076     0.00142
52167     0.00178     0.00077     0.00141
52197     0.00200     0.00069     0.00103
52228     0.00193     0.00036     0.00045
52258     0.00111     0.00018     0.00000
52289     0.00052    -0.00010    -0.00044
52320     0.00032    -0.00007    -0.00076
52348     0.00029     0.00004    -0.00095
52379    -0.00065     0.00022    -0.00084
52409    -0.00097     0.00077    -0.00018
52440    -0.00115     0.00133     0.00091
52470    -0.00025     0.00148     0.00169
52501     0.00083     0.00124     0.00203
52532     0.00136     0.00099     0.00189
52562     0.00138     0.00065     0.00129
52593     0.00070     0.00023     0.00058
52623     0.00030     0.00012     0.00020
52654     0.00005    -0.00013    -0.00005
52685    -0.00015    -0.00021    -0.00028
52713    -0.00041    -0.00013    -0.00027
52744    -0.00077    -0.00007     0.00001
52774    -0.00128     0.00049     0.00051
52805    -0.00145     0.00095     0.00139
52835    -0.00061     0.00096     0.00193
52866     0.00029     0.00069     0.00208
52897     0.00099     0.00050     0.00172
52927     0.00093     0.00055     0.00121
52958     0.00042     0.00046     0.00055
52988     0.00007     0.00026     0.00014
53019    -0.00044     0.00004    -0.00021
53050    -0.00058    -0.00015    -0.00033
53079    -0.00085    -0.00020    -0.00050
53110    -0.00106    -0.00038    -0.00036
53140    -0.00152     0.00007     0.00002
53171    -0.00126     0.00058     0.00076
53201    -0.00074     0.00070     0.00147
53232     0.00024     0.00050     0.00164
53263     0.00082     0.00054     0.00131
53293     0.00077     0.00050     0.00082
53324     0.00025     0.00029     0.00034
53354     0.00003    -0.00031    -0.00006
53385    -0.00038    -0.00046    -0.00052
53416    -0.00114    -0.00038    -0.00094
53444    -0.00158    -0.00035    -0.00114
53475    -0.00167    -0.00009    -0.00083
53505    -0.00171     0.00007    -0.00037
53536    -0.00154     0.00051     0.00062
53566    -0.00064     0.00076     0.00136
53597     0.00056     0.00075     0.00161
53628     0.00139     0.00069     0.00155
53658     0.00124     0.00078     0.00126
53689     0.00081     0.00085     0.00078
53719    -0.00051     0.00077     0.00044
53750    -0.00150     0.00061     0.00011
53781    -0.00174     0.00033    -0.00016
53809    -0.00166     0.00002    -0.00029
53840    -0.00160    -0.00005    -0.00005
53870    -0.00161     0.00034     0.00038
53901    -0.00115     0.00083     0.00114
53931    -0.00017     0.00113     0.00197
53962     0.00079     0.00080     0.00222
53993     0.00125     0.00065     0.00193
54023     0.00093     0.00068     0.00167
54054     0.00013     0.00035     0.00104
54084    -0.00036     0.00013     0.00056
54115    -0.00064     0.00003     0.00029
54146    -0.00034    -0.00015     0.00004
54174    -0.00061     0.00008    -0.00013
54205    -0.00134     0.00028     0.00010
54235    -0.00128     0.00044     0.00053
54266    -0.00078     0.00075     0.00122
54296     0.00045     0.00074     0.00171
54327     0.00136     0.00026     0.00178
54358     0.00176    -0.00002     0.00136
54388     0.00160     0.00005     0.00106
54419     0.00114    -0.00037     0.00074
54449     0.00048    -0.00053     0.00031
54480    -0.00029    -0.00074    -0.00001
54511    -0.00063    -0.00067    -0.00031
54540    -0.00118    -0.00052    -0.00054
54571    -0.00110    -0.00035    -0.00043
54601    -0.00127     0.00015     0.00018
54632    -0.00103     0.00049     0.00088
54662    -0.00032     0.00047     0.00140
54693     0.00075     0.00011     0.00146
54724     0.00100    -0.00008     0.00105
54754     0.00099    -0.00007     0.00057
54785     0.00085    -0.00011    -0.00007
54815    -0.00011    -0.00016    -0.00046
54846    -0.00058    -0.00026    -0.00081
54877    -0.00061    -0.00064    -0.00107
54905    -0.00081    -0.00064    -0.00129
54936    -0.00113    -0.00042    -0.00112
54966    -0.00100    -0.00000    -0.00040
54997    -0.00086     0.00048     0.00062
55027    -0.00029     0.00052     0.00119
55058     0.00068     0.00024     0.00145
55089     0.00143     0.00004     0.00141
55119     0.00140     0.00008     0.00105
55150     0.00081    -0.00039     0.00047
55180     0.00037    -0.00069     0.00009
55211     0.00036    -0.00100    -0.00037
55242     0.00030    -0.00083    -0.00074
55270     0.00033    -0.00100    -0.00088
55301    -0.00016    -0.00074    -0.00075
55331    -0.00054    -0.00039    -0.00035
55362    -0.00058     0.00001     0.00033
55392    -0.00007     0.00016     0.00111
55423     0.00114    -0.00012     0.00134
55454     0.00206    -0.00028     0.00085
55484     0.00228    -0.00018     0.00033
55515     0.00159    -0.00019    -0.00029
55545     0.00085    -0.00040    -0.00099
55576     0.00021    -0.00049    -0.00138
55607    -0.00006    -0.00050    -0.00164
55635    -0.00055    -0.00044    -0.00177
55666    -0.00103    -0.00014    -0.00144
55696    -0.00133     0.00023    -0.00077
55727    -0.00073     0.00060     0.00026
55757     0.00021     0.00080     0.00102
55788     0.00140     0.00062     0.00136
55819     0.00208     0.00038     0.00117
55849     0.00180    -0.00000     0.00084
55880     0.00110    -0.00015     0.00038
55910     0.00042    -0.00020    -0.00001
55941     0.00004    -0.00034    -0.00038
55972    -0.00025    -0.00027    -0.00057
56001    -0.00028    -0.00002    -0.00058
56032    -0.00076     0.00017    -0.00047
56062    -0.00103     0.00036    -0.00011
56093    -0.00051     0.00069     0.00092
56123     0.00050     0.00060     0.00155
56154     0.00163     0.00023     0.00162
56185     0.00260    -0.00013     0.00120
56215     0.00228    -0.00020     0.00083
56246     0.00204    -0.00051     0.00015
56276     0.00152    -0.00068    -0.00034
56307     0.00089    -0.00074    -0.00064
56338     0.00030    -0.00076    -0.00101
56366    -0.00006    -0.00059    -0.00109
56397    -0.00029    -0.00061    -0.00078
56427    -0.00063    -0.00019    -0.00005
56458    -0.00064     0.00044     0.00072
56488     0.00017     0.00066     0.00139
56519     0.00101     0.00056     0.00165
56550     0.00142     0.00055     0.00164
56580     0.00143     0.00056     0.00136
56611     0.00063     0.00053     0.00102
56641     0.00002     0.00038     0.00077
56672    -0.00034     0.00010     0.00065
56703    -0.00064     0.00001     0.00057
56731    -0.00110     0.00000     0.00069
56762    -0.00116     0.00020     0.00104
56792    -0.00124     0.00030     0.00138
56823    -0.00105     0.00071     0.00195
56853    -0.00037     0.00087     0.00232
56884     0.00081     0.00047     0.00234
56915     0.00152     0.00021     0.00194
56945     0.00147     0.00003     0.00144
56976     0.00080    -0.00001     0.00080
57006     0.00007     0.00006     0.00041
57037    -0.00006     0.00000    -0.00009
57068    -0.00058     0.00005    -0.00052
57096    -0.00101     0.00013    -0.00070
57127    -0.00120     0.00013    -0.00055
57157    -0.00137     0.00055     0.00008
57188    -0.00142     0.00090     0.00092
57218    -0.00094     0.00100     0.00165
57249     0.00033     0.00074     0.00169
57280     0.00134     0.00060     0.00144
57310     0.00175     0.00054     0.00102
57341     0.00151     0.00029     0.00024
57371     0.00152     0.00006    -0.00043
57402     0.00120    -0.00019    -0.00076
57433     0.00068    -0.00017    -0.00103
57462    -0.00010    -0.00023    -0.00123
57493    -0.00066    -0.00031    -0.00113
57523    -0.00104    -0.00017    -0.00080
57554    -0.00079     0.00012     0.00001
