# Hydrology loading displacements computed from the monthly GLDAS NOAH model
# This is a product of the Hydrology loading service: http://lacerta.gsfc.nasa.gov/hydlo/
# Displacements are with respect to the center of mass of the total earth
#
# Created for VieVS on 17.03.2017 at 11:46:08 local time
# OFFSET + TREND REMOVED!!! - Hana 
# mjd up (meters) eastwest (meters) northsouth (meters)
43888    -0.00026    -0.00046    -0.00059
43919    -0.00007    -0.00065    -0.00112
43947    -0.00027    -0.00043    -0.00109
43978    -0.00058    -0.00015    -0.00094
44008    -0.00132     0.00020    -0.00012
44039    -0.00156     0.00029     0.00092
44069    -0.00098     0.00016     0.00192
44100    -0.00030    -0.00008     0.00210
44131     0.00010    -0.00010     0.00186
44161     0.00037     0.00009     0.00150
44192     0.00049    -0.00007     0.00076
44222     0.00003    -0.00034     0.00016
44253    -0.00023    -0.00044    -0.00020
44284     0.00007    -0.00042    -0.00054
44313     0.00002    -0.00040    -0.00077
44344    -0.00085    -0.00007    -0.00057
44374    -0.00161     0.00031     0.00021
44405    -0.00177     0.00049     0.00121
44435    -0.00115     0.00020     0.00206
44466    -0.00029    -0.00018     0.00232
44497     0.00059    -0.00028     0.00203
44527     0.00058    -0.00004     0.00152
44558     0.00050    -0.00003     0.00085
44588     0.00038    -0.00011     0.00028
44619    -0.00009    -0.00018     0.00011
44650    -0.00087    -0.00017     0.00000
44678    -0.00105    -0.00038    -0.00026
44709    -0.00115    -0.00029    -0.00022
44739    -0.00188    -0.00001     0.00010
44770    -0.00242     0.00057     0.00106
44800    -0.00143     0.00038     0.00186
44831    -0.00025    -0.00003     0.00223
44862     0.00052    -0.00021     0.00214
44892     0.00125    -0.00006     0.00151
44923     0.00130     0.00015     0.00089
44953     0.00099     0.00017     0.00020
44984     0.00086    -0.00013    -0.00069
45015     0.00088    -0.00028    -0.00120
45043     0.00045    -0.00012    -0.00117
45074    -0.00014     0.00003    -0.00093
45104    -0.00080     0.00002    -0.00020
45135    -0.00184     0.00040     0.00082
45165    -0.00238     0.00047     0.00173
45196    -0.00128     0.00007     0.00200
45227    -0.00046     0.00003     0.00183
45257    -0.00013    -0.00009     0.00125
45288     0.00071    -0.00026     0.00048
45318     0.00117    -0.00030    -0.00053
45349     0.00102    -0.00018    -0.00118
45380     0.00075    -0.00014    -0.00184
45408     0.00078     0.00026    -0.00194
45439     0.00024     0.00064    -0.00152
45469    -0.00028     0.00102    -0.00060
45500    -0.00087     0.00108     0.00069
45530    -0.00098     0.00109     0.00182
45561     0.00001     0.00060     0.00244
45592     0.00102     0.00052     0.00235
45622     0.00174     0.00071     0.00171
45653     0.00165     0.00092     0.00094
45683     0.00195     0.00060    -0.00016
45714     0.00190     0.00030    -0.00063
45745     0.00127     0.00043    -0.00091
45774     0.00037     0.00068    -0.00105
45805    -0.00140     0.00079    -0.00079
45835    -0.00186     0.00103     0.00005
45866    -0.00193     0.00120     0.00083
45896    -0.00227     0.00132     0.00163
45927    -0.00131     0.00110     0.00210
45958    -0.00066     0.00100     0.00200
45988    -0.00010     0.00090     0.00134
46019    -0.00029     0.00093     0.00042
46049    -0.00031     0.00079    -0.00028
46080    -0.00117     0.00060    -0.00103
46111    -0.00122     0.00012    -0.00147
46139    -0.00084     0.00028    -0.00154
46170    -0.00127     0.00022    -0.00106
46200    -0.00153     0.00038    -0.00040
46231    -0.00178     0.00069     0.00073
46261    -0.00160     0.00036     0.00154
46292    -0.00114     0.00014     0.00168
46323    -0.00010     0.00017     0.00160
46353     0.00052     0.00042     0.00107
46384     0.00055     0.00053     0.00025
46414     0.00065     0.00022    -0.00052
46445     0.00076    -0.00023    -0.00094
46476     0.00063    -0.00030    -0.00145
46504     0.00028    -0.00038    -0.00168
46535    -0.00042    -0.00020    -0.00122
46565    -0.00126     0.00023    -0.00046
46596    -0.00237     0.00054     0.00060
46626    -0.00162     0.00059     0.00167
46657    -0.00064     0.00030     0.00214
46688    -0.00030     0.00019     0.00185
46718    -0.00004     0.00011     0.00128
46749     0.00044    -0.00010     0.00065
46779     0.00037    -0.00013    -0.00016
46810     0.00004    -0.00008    -0.00057
46841     0.00004    -0.00004    -0.00092
46869     0.00034    -0.00007    -0.00139
46900    -0.00057     0.00014    -0.00120
46930    -0.00144     0.00060    -0.00033
46961    -0.00154     0.00053     0.00054
46991    -0.00213     0.00072     0.00141
47022    -0.00234     0.00048     0.00158
47053    -0.00097     0.00008     0.00144
47083    -0.00003    -0.00014     0.00115
47114    -0.00001     0.00007     0.00069
47144    -0.00041     0.00008     0.00009
47175    -0.00041    -0.00004    -0.00066
47206    -0.00043    -0.00033    -0.00109
47235    -0.00048    -0.00066    -0.00121
47266    -0.00084    -0.00043    -0.00068
47296    -0.00091    -0.00025     0.00010
47327    -0.00127    -0.00007     0.00131
47357    -0.00065    -0.00025     0.00199
47388     0.00078    -0.00079     0.00205
47419     0.00191    -0.00098     0.00170
47449     0.00213    -0.00081     0.00130
47480     0.00220    -0.00082     0.00061
47510     0.00200    -0.00088    -0.00008
47541     0.00185    -0.00105    -0.00066
47572     0.00179    -0.00117    -0.00107
47600     0.00188    -0.00097    -0.00127
47631     0.00145    -0.00076    -0.00075
47661     0.00086    -0.00057     0.00006
47692     0.00025    -0.00006     0.00117
47722     0.00028    -0.00020     0.00212
47753     0.00053    -0.00055     0.00239
47784     0.00115    -0.00055     0.00209
47814     0.00191    -0.00064     0.00157
47845     0.00200    -0.00054     0.00084
47875     0.00159    -0.00090    -0.00002
47906     0.00130    -0.00116    -0.00066
47937     0.00109    -0.00118    -0.00139
47965     0.00096    -0.00077    -0.00160
47996     0.00035    -0.00045    -0.00104
48026    -0.00028    -0.00019    -0.00031
48057    -0.00058     0.00025     0.00079
48087    -0.00037     0.00021     0.00167
48118     0.00035     0.00002     0.00208
48149     0.00071    -0.00005     0.00191
48179     0.00129     0.00006     0.00123
48210     0.00140     0.00013     0.00033
48240     0.00155    -0.00009    -0.00058
48271     0.00168    -0.00023    -0.00111
48302     0.00185    -0.00037    -0.00119
48330     0.00176    -0.00059    -0.00166
48361     0.00098    -0.00049    -0.00145
48391     0.00014    -0.00024    -0.00098
48422    -0.00084    -0.00004     0.00022
48452    -0.00117     0.00011     0.00121
48483    -0.00018    -0.00021     0.00165
48514     0.00050    -0.00005     0.00150
48544     0.00104     0.00000     0.00098
48575     0.00144     0.00013     0.00026
48605     0.00162     0.00022    -0.00059
48636     0.00103     0.00032    -0.00139
48667     0.00056     0.00050    -0.00185
48696    -0.00004     0.00086    -0.00210
48727    -0.00098     0.00093    -0.00196
48757    -0.00166     0.00113    -0.00109
48788    -0.00243     0.00123    -0.00008
48818    -0.00209     0.00110     0.00075
48849    -0.00096     0.00069     0.00119
48880    -0.00082     0.00059     0.00096
48910    -0.00015     0.00059     0.00064
48941     0.00023     0.00046    -0.00030
48971    -0.00030     0.00049    -0.00075
49002    -0.00042     0.00041    -0.00115
49033    -0.00010     0.00017    -0.00144
49061     0.00029    -0.00003    -0.00178
49092    -0.00017     0.00006    -0.00171
49122    -0.00052     0.00019    -0.00112
49153    -0.00088     0.00038    -0.00012
49183    -0.00042     0.00041     0.00045
49214     0.00072     0.00006     0.00088
49245     0.00148    -0.00012     0.00068
49275     0.00175    -0.00005     0.00029
49306     0.00154     0.00003    -0.00040
49336     0.00129     0.00003    -0.00106
49367     0.00098    -0.00032    -0.00168
49398     0.00057    -0.00043    -0.00198
49426     0.00060    -0.00025    -0.00205
49457     0.00008    -0.00007    -0.00182
49487    -0.00050     0.00008    -0.00123
49518    -0.00100     0.00021    -0.00041
49548    -0.00037     0.00006     0.00014
49579     0.00053    -0.00046     0.00043
49610     0.00160    -0.00075     0.00023
49640     0.00152    -0.00073    -0.00034
49671     0.00153    -0.00081    -0.00114
49701     0.00180    -0.00082    -0.00186
49732     0.00185    -0.00072    -0.00233
49763     0.00216    -0.00074    -0.00262
49791     0.00201    -0.00075    -0.00279
49822     0.00128    -0.00060    -0.00249
49852     0.00060    -0.00033    -0.00182
49883     0.00038    -0.00009    -0.00089
49913     0.00073    -0.00015    -0.00005
49944     0.00199    -0.00069     0.00017
49975     0.00302    -0.00090     0.00008
50005     0.00307    -0.00081    -0.00042
50036     0.00309    -0.00069    -0.00112
50066     0.00251    -0.00084    -0.00160
50097     0.00250    -0.00117    -0.00226
50128     0.00286    -0.00144    -0.00281
50157     0.00311    -0.00150    -0.00298
50188     0.00254    -0.00133    -0.00254
50218     0.00098    -0.00068    -0.00146
50249    -0.00040    -0.00035     0.00003
50279    -0.00208     0.00024     0.00126
50310    -0.00277     0.00049     0.00213
50341    -0.00309     0.00047     0.00236
50371    -0.00279     0.00037     0.00207
50402    -0.00214     0.00015     0.00139
50432    -0.00106    -0.00027     0.00057
50463    -0.00067    -0.00051    -0.00035
50494    -0.00042    -0.00058    -0.00124
50522    -0.00034    -0.00078    -0.00198
50553    -0.00047    -0.00111    -0.00187
50583    -0.00092    -0.00104    -0.00157
50614    -0.00185    -0.00052    -0.00100
50644    -0.00131    -0.00026    -0.00035
50675    -0.00035    -0.00020     0.00007
50706     0.00033    -0.00013    -0.00023
50736     0.00064    -0.00027    -0.00117
50767     0.00100    -0.00059    -0.00214
50797     0.00073    -0.00088    -0.00293
50828     0.00107    -0.00096    -0.00349
50859     0.00108    -0.00071    -0.00382
50887     0.00102    -0.00045    -0.00417
50918     0.00062    -0.00017    -0.00386
50948    -0.00001     0.00033    -0.00297
50979    -0.00053     0.00071    -0.00185
51009     0.00045     0.00051    -0.00102
51040     0.00141    -0.00005    -0.00046
51071     0.00230    -0.00043    -0.00052
51101     0.00287    -0.00041    -0.00121
51132     0.00265    -0.00017    -0.00189
51162     0.00229    -0.00020    -0.00236
51193     0.00210    -0.00033    -0.00284
51224     0.00188    -0.00042    -0.00309
51252     0.00141    -0.00040    -0.00297
51283     0.00049    -0.00012    -0.00246
51313    -0.00005     0.00022    -0.00181
51344    -0.00039     0.00065    -0.00083
51374    -0.00059     0.00067    -0.00014
51405     0.00048     0.00003     0.00026
51436     0.00097    -0.00023     0.00016
51466     0.00166    -0.00039    -0.00015
51497     0.00147    -0.00032    -0.00045
51527     0.00124    -0.00047    -0.00084
51558    -0.00012    -0.00090    -0.00108
51589    -0.00120    -0.00092    -0.00118
51618    -0.00159    -0.00074    -0.00121
51649    -0.00161    -0.00082    -0.00121
51679    -0.00141    -0.00058    -0.00072
51710    -0.00156    -0.00007    -0.00021
51740    -0.00273     0.00021     0.00034
51771    -0.00200     0.00017     0.00084
51802    -0.00198     0.00014     0.00064
51832    -0.00134     0.00002     0.00019
51863    -0.00125     0.00006    -0.00018
51893    -0.00125    -0.00026    -0.00031
51924    -0.00141    -0.00014    -0.00078
51955    -0.00092     0.00010    -0.00106
51983    -0.00106     0.00017    -0.00136
52014    -0.00152     0.00016    -0.00126
52044    -0.00198     0.00057    -0.00054
52075    -0.00220     0.00088     0.00017
52105    -0.00213     0.00096     0.00101
52136    -0.00153     0.00077     0.00144
52167    -0.00097     0.00077     0.00130
52197    -0.00050     0.00080     0.00090
52228    -0.00000     0.00051     0.00054
52258    -0.00014     0.00035     0.00006
52289    -0.00029     0.00003    -0.00039
52320    -0.00045     0.00008    -0.00061
52348    -0.00046     0.00016    -0.00083
52379    -0.00132     0.00036    -0.00095
52409    -0.00190     0.00080    -0.00043
52440    -0.00288     0.00126     0.00042
52470    -0.00248     0.00134     0.00134
52501    -0.00178     0.00100     0.00172
52532    -0.00101     0.00074     0.00156
52562    -0.00008     0.00047     0.00081
52593    -0.00003     0.00023     0.00011
52623    -0.00049     0.00029    -0.00031
52654    -0.00088     0.00012    -0.00056
52685    -0.00100     0.00001    -0.00069
52713    -0.00152     0.00019    -0.00068
52744    -0.00204     0.00024    -0.00049
52774    -0.00228     0.00065    -0.00011
52805    -0.00254     0.00094     0.00054
52835    -0.00169     0.00085     0.00138
52866    -0.00059     0.00050     0.00182
52897     0.00060     0.00024     0.00168
52927     0.00108     0.00030     0.00125
52958     0.00135     0.00022     0.00050
52988     0.00105     0.00016     0.00004
53019     0.00043    -0.00002    -0.00020
53050    -0.00003    -0.00016    -0.00041
53079     0.00024    -0.00035    -0.00054
53110    -0.00025    -0.00051    -0.00048
53140    -0.00090     0.00002    -0.00018
53171    -0.00084     0.00047     0.00047
53201    -0.00076     0.00052     0.00123
53232     0.00003     0.00023     0.00156
53263     0.00142     0.00015     0.00132
53293     0.00180     0.00013     0.00082
53324     0.00146     0.00009     0.00013
53354     0.00105    -0.00030    -0.00031
53385     0.00074    -0.00039    -0.00066
53416     0.00040    -0.00038    -0.00110
53444     0.00004    -0.00040    -0.00137
53475    -0.00045    -0.00010    -0.00114
53505    -0.00066    -0.00002    -0.00068
53536    -0.00111     0.00041     0.00014
53566    -0.00070     0.00061     0.00113
53597     0.00051     0.00048     0.00158
53628     0.00096     0.00040     0.00146
53658     0.00126     0.00053     0.00104
53689     0.00125     0.00064     0.00072
53719     0.00019     0.00060     0.00020
53750    -0.00065     0.00047    -0.00008
53781    -0.00087     0.00027    -0.00034
53809    -0.00087    -0.00005    -0.00050
53840    -0.00126    -0.00007    -0.00021
53870    -0.00085     0.00012     0.00024
53901    -0.00091     0.00052     0.00103
53931    -0.00060     0.00073     0.00198
53962     0.00017     0.00031     0.00225
53993     0.00114     0.00014     0.00197
54023     0.00095     0.00026     0.00141
54054     0.00048     0.00007     0.00066
54084    -0.00019     0.00007     0.00028
54115    -0.00089     0.00020     0.00003
54146    -0.00130     0.00021    -0.00015
54174    -0.00195     0.00053    -0.00038
54205    -0.00252     0.00070    -0.00035
54235    -0.00252     0.00071     0.00009
54266    -0.00258     0.00088     0.00087
54296    -0.00206     0.00076     0.00152
54327    -0.00111     0.00017     0.00176
54358     0.00014    -0.00017     0.00143
54388     0.00063    -0.00013     0.00106
54419     0.00091    -0.00056     0.00075
54449     0.00076    -0.00077     0.00029
54480     0.00012    -0.00092    -0.00010
54511    -0.00046    -0.00068    -0.00044
54540    -0.00097    -0.00045    -0.00084
54571    -0.00085    -0.00039    -0.00083
54601    -0.00114    -0.00006    -0.00031
54632    -0.00174     0.00025     0.00034
54662    -0.00131     0.00017     0.00104
54693    -0.00053    -0.00023     0.00127
54724     0.00056    -0.00042     0.00093
54754     0.00135    -0.00042     0.00053
54785     0.00191    -0.00042     0.00016
54815     0.00154    -0.00048    -0.00036
54846     0.00127    -0.00056    -0.00072
54877     0.00148    -0.00097    -0.00093
54905     0.00134    -0.00099    -0.00119
54936     0.00114    -0.00086    -0.00117
54966     0.00079    -0.00052    -0.00066
54997     0.00011    -0.00005     0.00028
55027     0.00001     0.00001     0.00106
55058     0.00060    -0.00030     0.00133
55089     0.00111    -0.00047     0.00122
55119     0.00167    -0.00037     0.00072
55150     0.00174    -0.00076    -0.00006
55180     0.00107    -0.00085    -0.00054
55211     0.00102    -0.00107    -0.00092
55242     0.00121    -0.00091    -0.00130
55270     0.00112    -0.00102    -0.00131
55301     0.00094    -0.00090    -0.00104
55331     0.00059    -0.00063    -0.00064
55362    -0.00001    -0.00021     0.00005
55392    -0.00022    -0.00009     0.00093
55423     0.00089    -0.00046     0.00145
55454     0.00234    -0.00063     0.00124
55484     0.00311    -0.00051     0.00080
55515     0.00320    -0.00057     0.00020
55545     0.00316    -0.00071    -0.00050
55576     0.00243    -0.00071    -0.00094
55607     0.00179    -0.00059    -0.00118
55635     0.00135    -0.00048    -0.00134
55666     0.00091    -0.00026    -0.00118
55696     0.00051     0.00003    -0.00071
55727     0.00005     0.00040     0.00039
55757     0.00014     0.00061     0.00132
55788     0.00079     0.00036     0.00175
55819     0.00190     0.00001     0.00162
55849     0.00216    -0.00033     0.00124
55880     0.00197    -0.00046     0.00079
55910     0.00182    -0.00047     0.00037
55941     0.00155    -0.00062     0.00003
55972     0.00124    -0.00056    -0.00021
56001     0.00098    -0.00028    -0.00019
56032     0.00065    -0.00015    -0.00014
56062     0.00024     0.00004     0.00014
56093    -0.00041     0.00035     0.00099
56123     0.00009     0.00017     0.00187
56154     0.00124    -0.00024     0.00213
56185     0.00243    -0.00058     0.00188
56215     0.00244    -0.00056     0.00124
56246     0.00242    -0.00076     0.00063
56276     0.00197    -0.00087     0.00014
56307     0.00150    -0.00087    -0.00027
56338     0.00114    -0.00083    -0.00055
56366     0.00066    -0.00059    -0.00070
56397     0.00015    -0.00057    -0.00061
56427    -0.00043    -0.00025    -0.00002
56458    -0.00095     0.00035     0.00063
56488    -0.00063     0.00056     0.00157
56519     0.00038     0.00035     0.00200
56550     0.00106     0.00025     0.00195
56580     0.00125     0.00032     0.00153
56611     0.00034     0.00044     0.00108
56641    -0.00002     0.00034     0.00073
56672    -0.00041     0.00010     0.00054
56703    -0.00121     0.00013     0.00029
56731    -0.00240     0.00032     0.00015
56762    -0.00301     0.00055     0.00025
56792    -0.00336     0.00068     0.00055
56823    -0.00380     0.00103     0.00105
56853    -0.00333     0.00111     0.00172
56884    -0.00197     0.00060     0.00212
56915    -0.00082     0.00033     0.00173
56945    -0.00009     0.00013     0.00106
56976    -0.00014     0.00014     0.00047
57006    -0.00079     0.00034     0.00002
57037    -0.00087     0.00041    -0.00028
57068    -0.00128     0.00051    -0.00075
57096    -0.00172     0.00063    -0.00098
57127    -0.00181     0.00052    -0.00077
57157    -0.00242     0.00087    -0.00028
57188    -0.00268     0.00115     0.00047
57218    -0.00290     0.00120     0.00125
57249    -0.00217     0.00088     0.00152
57280    -0.00093     0.00067     0.00135
57310    -0.00018     0.00062     0.00076
57341     0.00025     0.00063     0.00005
57371     0.00069     0.00056    -0.00057
57402     0.00013     0.00047    -0.00100
57433    -0.00062     0.00054    -0.00126
57462    -0.00124     0.00045    -0.00146
57493    -0.00165     0.00032    -0.00141
57523    -0.00185     0.00042    -0.00099
57554    -0.00204     0.00067    -0.00013
