# Hydrology loading displacements computed from the monthly GLDAS NOAH model
# This is a product of the Hydrology loading service: http://lacerta.gsfc.nasa.gov/hydlo/
# Displacements are with respect to the center of mass of the total earth
#
# Created for VieVS on 17.03.2017 at 11:46:08 local time
# OFFSET + TREND REMOVED!!! - Hana 
# mjd up (meters) eastwest (meters) northsouth (meters)
43888     0.00140    -0.00044    -0.00102
43919     0.00044    -0.00046    -0.00164
43947    -0.00024    -0.00046    -0.00138
43978    -0.00035    -0.00066    -0.00085
44008     0.00220    -0.00081    -0.00007
44039     0.00447    -0.00065     0.00064
44069     0.00621     0.00019     0.00073
44100     0.00733     0.00069     0.00052
44131     0.00753     0.00070     0.00050
44161     0.00625     0.00060     0.00063
44192     0.00427     0.00008     0.00032
44222     0.00260    -0.00048    -0.00021
44253     0.00133    -0.00090    -0.00057
44284    -0.00033    -0.00090    -0.00081
44313    -0.00107    -0.00073    -0.00106
44344    -0.00008    -0.00096    -0.00063
44374     0.00216    -0.00088     0.00013
44405     0.00461    -0.00035     0.00062
44435     0.00663     0.00036     0.00054
44466     0.00757     0.00093     0.00032
44497     0.00703     0.00105     0.00027
44527     0.00558     0.00082     0.00049
44558     0.00426     0.00044     0.00023
44588     0.00330     0.00019    -0.00024
44619     0.00209     0.00002    -0.00062
44650     0.00054    -0.00023    -0.00085
44678    -0.00041    -0.00045    -0.00116
44709    -0.00045    -0.00049    -0.00095
44739     0.00213    -0.00072    -0.00045
44770     0.00462    -0.00050     0.00058
44800     0.00589     0.00023     0.00068
44831     0.00639     0.00077     0.00045
44862     0.00682     0.00098     0.00040
44892     0.00490     0.00110     0.00040
44923     0.00301     0.00101     0.00030
44953     0.00088     0.00052    -0.00002
44984    -0.00052    -0.00009    -0.00069
45015    -0.00115    -0.00001    -0.00120
45043    -0.00167    -0.00001    -0.00124
45074    -0.00142    -0.00045    -0.00068
45104     0.00097    -0.00075    -0.00012
45135     0.00355    -0.00089     0.00080
45165     0.00583    -0.00072     0.00125
45196     0.00679     0.00006     0.00077
45227     0.00610     0.00038     0.00066
45257     0.00450     0.00024     0.00046
45288     0.00271     0.00035    -0.00006
45318     0.00076     0.00006    -0.00058
45349    -0.00085    -0.00014    -0.00091
45380    -0.00191    -0.00041    -0.00126
45408    -0.00249    -0.00029    -0.00098
45439    -0.00150    -0.00054    -0.00026
45469     0.00052    -0.00034     0.00039
45500     0.00313    -0.00013     0.00106
45530     0.00519     0.00071     0.00132
45561     0.00583     0.00149     0.00101
45592     0.00548     0.00197     0.00091
45622     0.00342     0.00200     0.00101
45653     0.00206     0.00159     0.00095
45683     0.00072     0.00090     0.00031
45714    -0.00049     0.00074    -0.00033
45745    -0.00224     0.00053    -0.00039
45774    -0.00270     0.00029    -0.00024
45805    -0.00140    -0.00044     0.00004
45835     0.00085    -0.00050     0.00066
45866     0.00279    -0.00014     0.00119
45896     0.00427     0.00062     0.00159
45927     0.00522     0.00108     0.00161
45958     0.00513     0.00127     0.00150
45988     0.00430     0.00108     0.00125
46019     0.00272     0.00055     0.00101
46049     0.00081     0.00016     0.00052
46080    -0.00107    -0.00066     0.00002
46111    -0.00209    -0.00085    -0.00074
46139    -0.00369    -0.00069    -0.00066
46170    -0.00366    -0.00091    -0.00024
46200    -0.00091    -0.00095     0.00017
46231     0.00231    -0.00059     0.00085
46261     0.00428    -0.00013     0.00085
46292     0.00513     0.00028     0.00053
46323     0.00436     0.00067     0.00062
46353     0.00298     0.00076     0.00080
46384     0.00174     0.00050     0.00060
46414     0.00005    -0.00005    -0.00000
46445    -0.00221    -0.00029    -0.00069
46476    -0.00363    -0.00050    -0.00104
46504    -0.00445    -0.00076    -0.00117
46535    -0.00472    -0.00082    -0.00069
46565    -0.00158    -0.00095     0.00009
46596     0.00195    -0.00109     0.00100
46626     0.00406    -0.00007     0.00116
46657     0.00456     0.00057     0.00097
46688     0.00432     0.00038     0.00096
46718     0.00297     0.00009     0.00090
46749     0.00177    -0.00005     0.00051
46779    -0.00088    -0.00045     0.00013
46810    -0.00387    -0.00073    -0.00019
46841    -0.00545    -0.00081    -0.00046
46869    -0.00644    -0.00080    -0.00065
46900    -0.00563    -0.00107    -0.00030
46930    -0.00239    -0.00108     0.00037
46961     0.00061    -0.00088     0.00071
46991     0.00321    -0.00034     0.00121
47022     0.00463     0.00025     0.00104
47053     0.00404     0.00066     0.00074
47083     0.00230     0.00073     0.00063
47114     0.00029     0.00074     0.00063
47144    -0.00205     0.00023     0.00036
47175    -0.00421    -0.00020    -0.00015
47206    -0.00553    -0.00047    -0.00060
47235    -0.00682    -0.00064    -0.00094
47266    -0.00692    -0.00064    -0.00039
47296    -0.00341    -0.00044    -0.00012
47327     0.00122    -0.00018     0.00062
47357     0.00383     0.00045     0.00062
47388     0.00446     0.00107     0.00012
47419     0.00366     0.00133    -0.00006
47449     0.00182     0.00125     0.00021
47480     0.00004     0.00083     0.00017
47510    -0.00267     0.00037    -0.00012
47541    -0.00534     0.00001    -0.00058
47572    -0.00656    -0.00018    -0.00091
47600    -0.00730    -0.00013    -0.00082
47631    -0.00629    -0.00016    -0.00054
47661    -0.00224    -0.00040    -0.00007
47692     0.00125    -0.00011     0.00088
47722     0.00408     0.00032     0.00101
47753     0.00518     0.00046     0.00077
47784     0.00416     0.00060     0.00068
47814     0.00225     0.00065     0.00061
47845    -0.00030     0.00047     0.00063
47875    -0.00288    -0.00018    -0.00007
47906    -0.00613    -0.00057    -0.00060
47937    -0.00786    -0.00072    -0.00108
47965    -0.01003    -0.00060    -0.00080
47996    -0.00910    -0.00058    -0.00031
48026    -0.00371    -0.00071     0.00004
48057     0.00128    -0.00017     0.00069
48087     0.00404     0.00040     0.00084
48118     0.00504     0.00074     0.00085
48149     0.00302     0.00072     0.00096
48179     0.00137     0.00081     0.00087
48210    -0.00052     0.00061     0.00062
48240    -0.00253     0.00011     0.00007
48271    -0.00458    -0.00013    -0.00032
48302    -0.00595     0.00007    -0.00059
48330    -0.00752    -0.00026    -0.00092
48361    -0.00760    -0.00076    -0.00052
48391    -0.00379    -0.00119    -0.00023
48422     0.00042    -0.00060     0.00031
48452     0.00294    -0.00006     0.00071
48483     0.00376     0.00059     0.00060
48514     0.00284     0.00090     0.00084
48544     0.00132     0.00079     0.00089
48575    -0.00046     0.00074     0.00075
48605    -0.00323     0.00069     0.00039
48636    -0.00565     0.00036    -0.00004
48667    -0.00773     0.00014    -0.00017
48696    -0.00998    -0.00000     0.00009
48727    -0.01022    -0.00032     0.00035
48757    -0.00708    -0.00043     0.00090
48788    -0.00162    -0.00046     0.00148
48818     0.00141    -0.00005     0.00164
48849     0.00268     0.00047     0.00130
48880     0.00196     0.00054     0.00113
48910     0.00042     0.00076     0.00107
48941    -0.00232     0.00040     0.00076
48971    -0.00462    -0.00020     0.00061
49002    -0.00652    -0.00042     0.00028
49033    -0.00826    -0.00032    -0.00017
49061    -0.00965    -0.00043    -0.00030
49092    -0.00883    -0.00068    -0.00010
49122    -0.00464    -0.00064     0.00003
49153    -0.00047    -0.00034     0.00054
49183     0.00201     0.00028     0.00067
49214     0.00315     0.00087     0.00037
49245     0.00168     0.00095     0.00032
49275    -0.00003     0.00083     0.00046
49306    -0.00263     0.00047     0.00048
49336    -0.00544     0.00014     0.00027
49367    -0.00740    -0.00048    -0.00032
49398    -0.00823    -0.00074    -0.00073
49426    -0.00964    -0.00053    -0.00064
49457    -0.00903    -0.00074    -0.00034
49487    -0.00414    -0.00097    -0.00003
49518    -0.00106    -0.00075     0.00046
49548     0.00044     0.00003     0.00039
49579     0.00182     0.00041     0.00001
49610     0.00087     0.00055    -0.00017
49640    -0.00086     0.00028    -0.00014
49671    -0.00297    -0.00011    -0.00043
49701    -0.00564    -0.00021    -0.00081
49732    -0.00729    -0.00021    -0.00121
49763    -0.00858     0.00001    -0.00155
49791    -0.00930    -0.00001    -0.00162
49822    -0.00756    -0.00047    -0.00124
49852    -0.00422    -0.00072    -0.00069
49883    -0.00180    -0.00048     0.00002
49913     0.00022     0.00025     0.00017
49944     0.00106     0.00092    -0.00035
49975     0.00030     0.00120    -0.00048
50005    -0.00035     0.00098    -0.00054
50036    -0.00145     0.00058    -0.00070
50066    -0.00220    -0.00010    -0.00107
50097    -0.00319    -0.00042    -0.00181
50128    -0.00419    -0.00050    -0.00240
50157    -0.00476    -0.00036    -0.00264
50188    -0.00394    -0.00052    -0.00227
50218    -0.00238    -0.00093    -0.00100
50249    -0.00049    -0.00109     0.00013
50279     0.00108    -0.00132     0.00125
50310     0.00240    -0.00140     0.00196
50341     0.00292    -0.00155     0.00206
50371     0.00251    -0.00153     0.00178
50402     0.00134    -0.00154     0.00125
50432     0.00014    -0.00146     0.00047
50463    -0.00134    -0.00133    -0.00036
50494    -0.00380    -0.00096    -0.00105
50522    -0.00541    -0.00087    -0.00166
50553    -0.00380    -0.00089    -0.00195
50583    -0.00174    -0.00110    -0.00180
50614    -0.00076    -0.00086    -0.00096
50644     0.00005    -0.00001    -0.00045
50675     0.00008     0.00067    -0.00014
50706    -0.00063     0.00095    -0.00024
50736    -0.00160     0.00094    -0.00085
50767    -0.00335     0.00070    -0.00167
50797    -0.00545     0.00040    -0.00244
50828    -0.00711     0.00027    -0.00286
50859    -0.00851     0.00021    -0.00286
50887    -0.00943     0.00015    -0.00279
50918    -0.00806    -0.00009    -0.00235
50948    -0.00591    -0.00021    -0.00127
50979    -0.00341     0.00011    -0.00037
51009    -0.00145     0.00102    -0.00040
51040    -0.00037     0.00144    -0.00070
51071    -0.00056     0.00163    -0.00095
51101    -0.00162     0.00149    -0.00114
51132    -0.00297     0.00105    -0.00115
51162    -0.00407     0.00056    -0.00136
51193    -0.00494     0.00012    -0.00172
51224    -0.00551    -0.00013    -0.00190
51252    -0.00556    -0.00027    -0.00187
51283    -0.00448    -0.00050    -0.00131
51313    -0.00310    -0.00048    -0.00058
51344    -0.00148    -0.00007     0.00024
51374     0.00035     0.00017     0.00049
51405     0.00133     0.00058     0.00009
51436     0.00116     0.00067    -0.00004
51466     0.00049     0.00063    -0.00023
51497    -0.00020     0.00051    -0.00038
51527    -0.00091     0.00001    -0.00063
51558    -0.00154    -0.00098    -0.00123
51589    -0.00226    -0.00146    -0.00153
51618    -0.00241    -0.00139    -0.00165
51649    -0.00190    -0.00152    -0.00164
51679    -0.00074    -0.00095    -0.00127
51710     0.00021    -0.00031    -0.00044
51740     0.00163     0.00011     0.00013
51771     0.00223     0.00051     0.00031
51802     0.00146     0.00053     0.00043
51832     0.00009     0.00057     0.00024
51863    -0.00108     0.00018     0.00003
51893    -0.00172    -0.00021    -0.00042
51924    -0.00289    -0.00048    -0.00055
51955    -0.00405    -0.00024    -0.00053
51983    -0.00460    -0.00034    -0.00058
52014    -0.00409    -0.00050    -0.00050
52044    -0.00269    -0.00034     0.00020
52075    -0.00087     0.00003     0.00077
52105     0.00066     0.00059     0.00117
52136     0.00136     0.00125     0.00123
52167     0.00106     0.00129     0.00127
52197     0.00031     0.00136     0.00106
52228    -0.00041     0.00128     0.00060
52258    -0.00113     0.00067     0.00028
52289    -0.00189     0.00011    -0.00019
52320    -0.00247    -0.00007    -0.00034
52348    -0.00278    -0.00009    -0.00039
52379    -0.00271    -0.00051    -0.00010
52409    -0.00183    -0.00047     0.00068
52440    -0.00014    -0.00027     0.00156
52470     0.00166     0.00037     0.00187
52501     0.00233     0.00095     0.00169
52532     0.00164     0.00111     0.00151
52562     0.00003     0.00096     0.00110
52593    -0.00100     0.00055     0.00061
52623    -0.00194     0.00020     0.00035
52654    -0.00252    -0.00021    -0.00003
52685    -0.00307    -0.00048    -0.00022
52713    -0.00334    -0.00066    -0.00011
52744    -0.00274    -0.00093     0.00005
52774    -0.00149    -0.00096     0.00074
52805     0.00041    -0.00085     0.00142
52835     0.00275    -0.00002     0.00147
52866     0.00392     0.00055     0.00124
52897     0.00364     0.00097     0.00094
52927     0.00269     0.00097     0.00084
52958     0.00139     0.00056     0.00057
52988     0.00059     0.00021     0.00024
53019     0.00021    -0.00030    -0.00013
53050     0.00006    -0.00060    -0.00046
53079    -0.00015    -0.00076    -0.00056
53110     0.00033    -0.00098    -0.00064
53140     0.00114    -0.00099     0.00000
53171     0.00248    -0.00050     0.00066
53201     0.00483    -0.00002     0.00085
53232     0.00598     0.00061     0.00060
53263     0.00543     0.00107     0.00043
53293     0.00352     0.00094     0.00031
53324     0.00240     0.00039     0.00004
53354     0.00152    -0.00008    -0.00060
53385     0.00046    -0.00041    -0.00090
53416    -0.00027    -0.00077    -0.00101
53444    -0.00074    -0.00109    -0.00113
53475    -0.00045    -0.00114    -0.00082
53505     0.00113    -0.00113    -0.00050
53536     0.00276    -0.00083     0.00030
53566     0.00460     0.00007     0.00072
53597     0.00552     0.00095     0.00067
53628     0.00512     0.00132     0.00057
53658     0.00418     0.00124     0.00062
53689     0.00325     0.00105     0.00059
53719     0.00239     0.00006     0.00045
53750     0.00207    -0.00058     0.00018
53781     0.00175    -0.00082    -0.00015
53809     0.00160    -0.00103    -0.00046
53840     0.00208    -0.00113    -0.00041
53870     0.00287    -0.00088     0.00007
53901     0.00412    -0.00034     0.00073
53931     0.00555     0.00044     0.00125
53962     0.00623     0.00083     0.00100
53993     0.00574     0.00100     0.00077
54023     0.00471     0.00058     0.00076
54054     0.00383    -0.00011     0.00033
54084     0.00313    -0.00055     0.00001
54115     0.00239    -0.00086    -0.00013
54146     0.00203    -0.00097    -0.00047
54174     0.00174    -0.00112    -0.00036
54205     0.00207    -0.00141     0.00001
54235     0.00283    -0.00122     0.00031
54266     0.00423    -0.00058     0.00076
54296     0.00560     0.00037     0.00074
54327     0.00640     0.00087     0.00032
54358     0.00584     0.00119    -0.00007
54388     0.00449     0.00109    -0.00002
54419     0.00349     0.00056    -0.00035
54449     0.00253    -0.00008    -0.00066
54480     0.00182    -0.00071    -0.00094
54511     0.00100    -0.00095    -0.00102
54540     0.00025    -0.00131    -0.00094
54571     0.00029    -0.00135    -0.00078
54601     0.00133    -0.00124    -0.00009
54632     0.00292    -0.00070     0.00042
54662     0.00433     0.00003     0.00055
54693     0.00461     0.00071     0.00029
54724     0.00437     0.00099    -0.00003
54754     0.00335     0.00099    -0.00017
54785     0.00231     0.00102    -0.00039
54815     0.00121     0.00028    -0.00051
54846     0.00032    -0.00012    -0.00073
54877    -0.00042    -0.00041    -0.00111
54905    -0.00117    -0.00065    -0.00116
54936    -0.00106    -0.00086    -0.00090
54966     0.00042    -0.00071    -0.00033
54997     0.00233    -0.00036     0.00039
55027     0.00433     0.00031     0.00051
55058     0.00524     0.00083     0.00024
55089     0.00490     0.00111     0.00006
55119     0.00384     0.00108    -0.00001
55150     0.00259     0.00051    -0.00048
55180     0.00157    -0.00004    -0.00085
55211     0.00077    -0.00024    -0.00133
55242    -0.00012    -0.00026    -0.00136
55270    -0.00045    -0.00035    -0.00150
55301    -0.00011    -0.00050    -0.00116
55331     0.00107    -0.00041    -0.00069
55362     0.00248    -0.00002    -0.00012
55392     0.00389     0.00064     0.00028
55423     0.00488     0.00135     0.00001
55454     0.00424     0.00194    -0.00032
55484     0.00292     0.00209    -0.00041
55515     0.00134     0.00158    -0.00052
55545    -0.00023     0.00105    -0.00083
55576    -0.00143     0.00049    -0.00099
55607    -0.00266     0.00023    -0.00103
55635    -0.00323    -0.00004    -0.00093
55666    -0.00310    -0.00030    -0.00046
55696    -0.00144    -0.00031     0.00004
55727     0.00085     0.00030     0.00055
55757     0.00248     0.00105     0.00091
55788     0.00312     0.00163     0.00081
55819     0.00284     0.00191     0.00053
55849     0.00233     0.00157     0.00021
55880     0.00107     0.00102     0.00004
55910    -0.00037     0.00053    -0.00002
55941    -0.00158     0.00010    -0.00025
55972    -0.00240    -0.00017    -0.00024
56001    -0.00278    -0.00014    -0.00000
56032    -0.00222    -0.00039     0.00019
56062    -0.00097    -0.00032     0.00047
56093     0.00087     0.00004     0.00100
56123     0.00271     0.00071     0.00100
56154     0.00382     0.00136     0.00055
56185     0.00321     0.00178     0.00007
56215     0.00185     0.00137     0.00003
56246     0.00085     0.00113    -0.00043
56276    -0.00007     0.00065    -0.00072
56307    -0.00109     0.00014    -0.00083
56338    -0.00202    -0.00023    -0.00093
56366    -0.00242    -0.00047    -0.00078
56397    -0.00203    -0.00073    -0.00067
56427    -0.00062    -0.00076    -0.00008
56458     0.00104    -0.00040     0.00062
56488     0.00296     0.00038     0.00088
56519     0.00402     0.00095     0.00074
56550     0.00328     0.00108     0.00080
56580     0.00204     0.00091     0.00079
56611     0.00081     0.00022     0.00083
56641    -0.00024    -0.00030     0.00072
56672    -0.00120    -0.00073     0.00050
56703    -0.00186    -0.00107     0.00042
56731    -0.00197    -0.00156     0.00048
56762    -0.00145    -0.00167     0.00076
56792     0.00009    -0.00165     0.00091
56823     0.00121    -0.00130     0.00140
56853     0.00231    -0.00064     0.00162
56884     0.00333     0.00017     0.00119
56915     0.00261     0.00064     0.00080
56945     0.00138     0.00054     0.00057
56976     0.00022     0.00014     0.00040
57006    -0.00086    -0.00043     0.00036
57037    -0.00180    -0.00050     0.00014
57068    -0.00284    -0.00090     0.00004
57096    -0.00338    -0.00120     0.00008
57127    -0.00292    -0.00133     0.00016
57157    -0.00131    -0.00138     0.00063
57188     0.00075    -0.00104     0.00111
57218     0.00251    -0.00055     0.00135
57249     0.00292     0.00026     0.00106
57280     0.00184     0.00071     0.00089
57310     0.00019     0.00070     0.00079
57341    -0.00127     0.00066     0.00044
57371    -0.00261     0.00068     0.00003
57402    -0.00326     0.00026    -0.00033
57433    -0.00402    -0.00022    -0.00037
57462    -0.00437    -0.00079    -0.00040
57493    -0.00379    -0.00111    -0.00038
57523    -0.00215    -0.00096    -0.00021
57554    -0.00004    -0.00046     0.00020
