# Hydrology loading displacements computed from the monthly GLDAS NOAH model
# This is a product of the Hydrology loading service: http://lacerta.gsfc.nasa.gov/hydlo/
# Displacements are with respect to the center of mass of the total earth
#
# Created for VieVS on 17.03.2017 at 11:46:08 local time
# OFFSET + TREND REMOVED!!! - Hana 
# mjd up (meters) eastwest (meters) northsouth (meters)
43888    -0.00523    -0.00107    -0.00024
43919    -0.00615    -0.00158    -0.00069
43947    -0.00630    -0.00133    -0.00067
43978    -0.00483    -0.00096    -0.00032
44008    -0.00291    -0.00035     0.00064
44039    -0.00166     0.00017     0.00149
44069     0.00218     0.00041     0.00140
44100     0.00325     0.00036     0.00111
44131     0.00139     0.00052     0.00081
44161    -0.00065     0.00089     0.00078
44192    -0.00194     0.00040     0.00046
44222    -0.00236    -0.00030     0.00024
44253    -0.00327    -0.00071     0.00003
44284    -0.00325    -0.00087    -0.00035
44313    -0.00375    -0.00101    -0.00056
44344    -0.00428    -0.00069    -0.00003
44374    -0.00183     0.00005     0.00076
44405     0.00076     0.00052     0.00150
44435     0.00334     0.00066     0.00154
44466     0.00449     0.00054     0.00152
44497     0.00484     0.00047     0.00134
44527     0.00414     0.00064     0.00118
44558     0.00235     0.00042     0.00074
44588     0.00060    -0.00007     0.00043
44619     0.00078    -0.00044     0.00028
44650    -0.00082    -0.00085     0.00006
44678    -0.00159    -0.00111    -0.00020
44709    -0.00128    -0.00098     0.00011
44739    -0.00054    -0.00064     0.00093
44770    -0.00062    -0.00002     0.00190
44800     0.00238     0.00041     0.00174
44831     0.00450     0.00044     0.00119
44862     0.00434     0.00046     0.00098
44892     0.00399     0.00065     0.00066
44923     0.00199     0.00057     0.00027
44953     0.00009     0.00020    -0.00006
44984    -0.00336    -0.00049    -0.00074
45015    -0.00570    -0.00092    -0.00111
45043    -0.00555    -0.00082    -0.00114
45074    -0.00393    -0.00048    -0.00043
45104    -0.00137    -0.00025     0.00031
45135    -0.00062     0.00015     0.00164
45165     0.00177     0.00037     0.00241
45196     0.00332     0.00044     0.00159
45227     0.00419     0.00058     0.00121
45257     0.00340     0.00036     0.00084
45288     0.00158     0.00012    -0.00001
45318    -0.00234    -0.00061    -0.00066
45349    -0.00350    -0.00069    -0.00108
45380    -0.00524    -0.00088    -0.00140
45408    -0.00552    -0.00044    -0.00141
45439    -0.00635     0.00003    -0.00069
45469    -0.00421     0.00051     0.00022
45500    -0.00149     0.00100     0.00142
45530     0.00281     0.00147     0.00158
45561     0.00732     0.00153     0.00111
45592     0.00925     0.00178     0.00057
45622     0.00765     0.00189     0.00027
45653     0.00368     0.00155     0.00014
45683    -0.00233     0.00077    -0.00035
45714    -0.00417     0.00028    -0.00091
45745    -0.00512     0.00015    -0.00100
45774    -0.00628     0.00011    -0.00079
45805    -0.00590    -0.00008    -0.00001
45835    -0.00380     0.00025     0.00091
45866     0.00000     0.00095     0.00149
45896     0.00226     0.00161     0.00158
45927     0.00234     0.00188     0.00100
45958     0.00379     0.00201     0.00092
45988     0.00296     0.00177     0.00072
46019     0.00007     0.00114     0.00070
46049    -0.00278     0.00054     0.00035
46080    -0.00484    -0.00027     0.00021
46111    -0.00603    -0.00100    -0.00049
46139    -0.00518    -0.00084    -0.00056
46170    -0.00329    -0.00071     0.00023
46200    -0.00127    -0.00029     0.00072
46231     0.00030     0.00037     0.00166
46261     0.00317     0.00049     0.00182
46292     0.00380     0.00046     0.00107
46323     0.00492     0.00075     0.00068
46353     0.00421     0.00105     0.00047
46384    -0.00178     0.00059     0.00019
46414    -0.00457    -0.00014    -0.00011
46445    -0.00377    -0.00061    -0.00054
46476    -0.00540    -0.00089    -0.00074
46504    -0.00514    -0.00105    -0.00073
46535    -0.00241    -0.00068    -0.00021
46565     0.00032    -0.00003     0.00080
46596     0.00207     0.00032     0.00208
46626     0.00557     0.00084     0.00226
46657     0.00745     0.00121     0.00176
46688     0.00726     0.00113     0.00153
46718     0.00578     0.00064     0.00156
46749     0.00337     0.00015     0.00095
46779    -0.00034    -0.00034     0.00045
46810    -0.00276    -0.00061    -0.00007
46841    -0.00393    -0.00072    -0.00053
46869    -0.00430    -0.00083    -0.00099
46900    -0.00440    -0.00058    -0.00047
46930    -0.00169     0.00026     0.00034
46961     0.00120     0.00048     0.00097
46991     0.00384     0.00097     0.00148
47022     0.00713     0.00111     0.00121
47053     0.00728     0.00119     0.00080
47083     0.00738     0.00128     0.00055
47114     0.00654     0.00131     0.00027
47144     0.00390     0.00074     0.00009
47175     0.00083    -0.00000    -0.00048
47206    -0.00091    -0.00050    -0.00074
47235    -0.00095    -0.00093    -0.00079
47266    -0.00006    -0.00066    -0.00031
47296     0.00184     0.00007     0.00018
47327     0.00565     0.00091     0.00103
47357     0.00916     0.00118     0.00091
47388     0.00986     0.00104     0.00031
47419     0.00886     0.00092    -0.00030
47449     0.00737     0.00094    -0.00035
47480     0.00485     0.00070    -0.00029
47510     0.00276     0.00014    -0.00055
47541     0.00022    -0.00064    -0.00088
47572    -0.00101    -0.00103    -0.00114
47600    -0.00256    -0.00091    -0.00143
47631    -0.00251    -0.00068    -0.00111
47661    -0.00203    -0.00023    -0.00022
47692    -0.00115     0.00038     0.00097
47722     0.00083     0.00049     0.00111
47753     0.00289     0.00054     0.00092
47784     0.00240     0.00038     0.00054
47814     0.00072     0.00040    -0.00005
47845    -0.00041     0.00046    -0.00023
47875    -0.00160    -0.00034    -0.00058
47906    -0.00315    -0.00100    -0.00092
47937    -0.00477    -0.00143    -0.00126
47965    -0.00405    -0.00112    -0.00153
47996    -0.00307    -0.00074    -0.00093
48026    -0.00206    -0.00046     0.00011
48057    -0.00062     0.00028     0.00090
48087     0.00304     0.00060     0.00128
48118     0.00460     0.00088     0.00126
48149     0.00503     0.00093     0.00116
48179     0.00261     0.00084     0.00068
48210     0.00022     0.00073    -0.00009
48240    -0.00188     0.00015    -0.00062
48271    -0.00463    -0.00041    -0.00125
48302    -0.00422    -0.00064    -0.00174
48330    -0.00489    -0.00095    -0.00199
48361    -0.00434    -0.00090    -0.00138
48391    -0.00238    -0.00070    -0.00054
48422     0.00159    -0.00034     0.00031
48452     0.00454     0.00029     0.00058
48483     0.00643     0.00061     0.00011
48514     0.00719     0.00092     0.00008
48544     0.00685     0.00112     0.00003
48575     0.00551     0.00094    -0.00026
48605     0.00192     0.00032    -0.00064
48636    -0.00068    -0.00018    -0.00114
48667    -0.00178    -0.00037    -0.00130
48696    -0.00327    -0.00019    -0.00125
48727    -0.00339    -0.00011    -0.00068
48757    -0.00148     0.00046     0.00021
48788     0.00026     0.00084     0.00101
48818     0.00268     0.00103     0.00133
48849     0.00362     0.00095     0.00101
48880     0.00350     0.00088     0.00083
48910     0.00341     0.00096     0.00034
48941     0.00103     0.00047    -0.00019
48971    -0.00111     0.00012    -0.00034
49002    -0.00271    -0.00030    -0.00079
49033    -0.00313    -0.00065    -0.00128
49061    -0.00526    -0.00082    -0.00146
49092    -0.00536    -0.00065    -0.00107
49122    -0.00273    -0.00023    -0.00043
49153     0.00005     0.00024     0.00055
49183     0.00281     0.00046     0.00070
49214     0.00598     0.00069     0.00024
49245     0.00652     0.00069    -0.00012
49275     0.00550     0.00077    -0.00016
49306     0.00352     0.00058    -0.00047
49336    -0.00005     0.00017    -0.00064
49367    -0.00304    -0.00056    -0.00101
49398    -0.00555    -0.00116    -0.00128
49426    -0.00688    -0.00100    -0.00143
49457    -0.00580    -0.00080    -0.00096
49487    -0.00392    -0.00052    -0.00022
49518    -0.00124    -0.00014     0.00046
49548    -0.00032     0.00005     0.00023
49579    -0.00001     0.00003    -0.00020
49610     0.00056     0.00004    -0.00063
49640     0.00050     0.00000    -0.00078
49671    -0.00093    -0.00046    -0.00113
49701    -0.00312    -0.00083    -0.00170
49732    -0.00441    -0.00115    -0.00222
49763    -0.00493    -0.00134    -0.00280
49791    -0.00502    -0.00146    -0.00287
49822    -0.00375    -0.00130    -0.00198
49852    -0.00337    -0.00111    -0.00097
49883    -0.00193    -0.00058    -0.00041
49913     0.00062    -0.00008    -0.00049
49944     0.00267    -0.00020    -0.00111
49975     0.00434    -0.00007    -0.00166
50005     0.00262    -0.00002    -0.00181
50036     0.00006    -0.00010    -0.00197
50066    -0.00125    -0.00060    -0.00188
50097    -0.00266    -0.00132    -0.00233
50128    -0.00363    -0.00172    -0.00284
50157    -0.00383    -0.00186    -0.00302
50188    -0.00294    -0.00167    -0.00248
50218    -0.00165    -0.00097    -0.00086
50249     0.00096    -0.00046     0.00075
50279     0.00438     0.00032     0.00210
50310     0.00658     0.00080     0.00289
50341     0.00781     0.00085     0.00301
50371     0.00780     0.00074     0.00266
50402     0.00640     0.00035     0.00215
50432     0.00435    -0.00012     0.00130
50463     0.00184    -0.00077     0.00045
50494    -0.00075    -0.00135    -0.00055
50522    -0.00315    -0.00195    -0.00117
50553    -0.00348    -0.00238    -0.00124
50583    -0.00323    -0.00238    -0.00087
50614    -0.00228    -0.00180    -0.00017
50644    -0.00008    -0.00102    -0.00023
50675     0.00194    -0.00039    -0.00047
50706     0.00178    -0.00022    -0.00094
50736     0.00038    -0.00071    -0.00171
50767    -0.00228    -0.00134    -0.00250
50797    -0.00411    -0.00216    -0.00312
50828    -0.00574    -0.00253    -0.00354
50859    -0.00709    -0.00225    -0.00380
50887    -0.00728    -0.00203    -0.00390
50918    -0.00654    -0.00167    -0.00342
50948    -0.00528    -0.00090    -0.00244
50979    -0.00332    -0.00027    -0.00139
51009    -0.00134    -0.00003    -0.00140
51040     0.00149    -0.00016    -0.00186
51071     0.00333    -0.00005    -0.00234
51101     0.00221    -0.00016    -0.00264
51132     0.00134    -0.00028    -0.00280
51162    -0.00061    -0.00066    -0.00288
51193    -0.00407    -0.00117    -0.00298
51224    -0.00543    -0.00135    -0.00287
51252    -0.00535    -0.00133    -0.00264
51283    -0.00418    -0.00100    -0.00188
51313    -0.00211    -0.00051    -0.00111
51344     0.00147     0.00031    -0.00033
51374     0.00376     0.00060    -0.00002
51405     0.00622     0.00060    -0.00034
51436     0.00562     0.00110    -0.00053
51466     0.00298     0.00112    -0.00085
51497     0.00228     0.00088    -0.00095
51527     0.00086     0.00041    -0.00085
51558    -0.00055    -0.00071    -0.00053
51589    -0.00161    -0.00128    -0.00051
51618    -0.00221    -0.00158    -0.00051
51649    -0.00333    -0.00187    -0.00036
51679    -0.00150    -0.00140    -0.00030
51710    -0.00066    -0.00055    -0.00005
51740    -0.00101    -0.00008     0.00007
51771    -0.00104     0.00027    -0.00002
51802    -0.00083     0.00041    -0.00039
51832     0.00023     0.00030    -0.00067
51863     0.00041    -0.00022    -0.00064
51893    -0.00115    -0.00092    -0.00060
51924    -0.00266    -0.00104    -0.00069
51955    -0.00395    -0.00091    -0.00093
51983    -0.00489    -0.00094    -0.00097
52014    -0.00427    -0.00078    -0.00061
52044    -0.00061    -0.00008     0.00011
52075     0.00047     0.00039     0.00058
52105     0.00390     0.00104     0.00075
52136     0.00579     0.00126     0.00028
52167     0.00681     0.00139     0.00009
52197     0.00676     0.00130    -0.00005
52228     0.00675     0.00090    -0.00024
52258     0.00420     0.00022    -0.00017
52289     0.00251    -0.00037    -0.00030
52320     0.00115    -0.00057    -0.00044
52348     0.00019    -0.00053    -0.00047
52379    -0.00086    -0.00051     0.00004
52409    -0.00058     0.00003     0.00089
52440     0.00220     0.00098     0.00186
52470     0.00551     0.00159     0.00167
52501     0.00819     0.00174     0.00125
52532     0.00887     0.00178     0.00067
52562     0.00608     0.00122     0.00013
52593     0.00198     0.00058    -0.00032
52623    -0.00053     0.00019    -0.00033
52654    -0.00239    -0.00037    -0.00015
52685    -0.00369    -0.00068    -0.00013
52713    -0.00530    -0.00068    -0.00000
52744    -0.00497    -0.00059     0.00042
52774    -0.00433    -0.00012     0.00096
52805    -0.00410     0.00059     0.00157
52835    -0.00123     0.00097     0.00137
52866    -0.00005     0.00108     0.00080
52897     0.00040     0.00102     0.00034
52927    -0.00025     0.00114     0.00021
52958    -0.00240     0.00090     0.00008
52988    -0.00425     0.00050     0.00001
53019    -0.00467    -0.00009     0.00019
53050    -0.00524    -0.00059     0.00024
53079    -0.00525    -0.00077     0.00036
53110    -0.00458    -0.00083     0.00062
53140    -0.00306    -0.00035     0.00100
53171    -0.00182     0.00007     0.00138
53201     0.00027     0.00051     0.00135
53232     0.00160     0.00082     0.00090
53263     0.00110     0.00099     0.00028
53293    -0.00005     0.00092    -0.00004
53324    -0.00222     0.00027    -0.00009
53354    -0.00443    -0.00058    -0.00016
53385    -0.00538    -0.00094    -0.00005
53416    -0.00581    -0.00105    -0.00010
53444    -0.00649    -0.00115    -0.00003
53475    -0.00596    -0.00079     0.00021
53505    -0.00346    -0.00046     0.00055
53536    -0.00091     0.00025     0.00106
53566     0.00143     0.00095     0.00092
53597     0.00358     0.00131     0.00036
53628     0.00527     0.00146     0.00015
53658     0.00447     0.00170     0.00018
53689     0.00308     0.00173     0.00025
53719    -0.00021     0.00115     0.00052
53750    -0.00243     0.00057     0.00078
53781    -0.00380     0.00006     0.00078
53809    -0.00337    -0.00044     0.00086
53840    -0.00256    -0.00064     0.00119
53870    -0.00113    -0.00014     0.00144
53901     0.00154     0.00078     0.00170
53931     0.00298     0.00162     0.00184
53962     0.00582     0.00151     0.00143
53993     0.00533     0.00151     0.00080
54023     0.00347     0.00134     0.00092
54054     0.00064     0.00077     0.00076
54084    -0.00080     0.00032     0.00061
54115    -0.00316    -0.00018     0.00055
54146    -0.00325    -0.00055     0.00039
54174    -0.00416    -0.00049     0.00055
54205    -0.00426    -0.00032     0.00107
54235    -0.00167     0.00001     0.00131
54266     0.00245     0.00079     0.00152
54296     0.00554     0.00117     0.00119
54327     0.00848     0.00106     0.00082
54358     0.00949     0.00096     0.00023
54388     0.00900     0.00096     0.00011
54419     0.00670     0.00042     0.00015
54449     0.00332    -0.00034     0.00045
54480     0.00035    -0.00099     0.00055
54511    -0.00213    -0.00129     0.00063
54540    -0.00435    -0.00143     0.00068
54571    -0.00423    -0.00127     0.00062
54601    -0.00279    -0.00050     0.00114
54632     0.00036     0.00012     0.00169
54662     0.00326     0.00055     0.00167
54693     0.00636     0.00063     0.00094
54724     0.00677     0.00071     0.00004
54754     0.00687     0.00080    -0.00029
54785     0.00559     0.00075    -0.00059
54815     0.00184     0.00020    -0.00049
54846    -0.00159    -0.00044    -0.00043
54877    -0.00247    -0.00106    -0.00044
54905    -0.00345    -0.00123    -0.00054
54936    -0.00418    -0.00112    -0.00037
54966    -0.00345    -0.00066     0.00013
54997    -0.00146     0.00014     0.00071
55027     0.00182     0.00054     0.00085
55058     0.00289     0.00048     0.00068
55089     0.00471     0.00048     0.00020
55119     0.00241     0.00017    -0.00012
55150    -0.00022    -0.00051    -0.00041
55180    -0.00278    -0.00101    -0.00055
55211    -0.00410    -0.00151    -0.00070
55242    -0.00595    -0.00148    -0.00087
55270    -0.00536    -0.00161    -0.00075
55301    -0.00359    -0.00122    -0.00037
55331    -0.00280    -0.00095     0.00009
55362    -0.00080    -0.00034     0.00058
55392     0.00273     0.00012     0.00082
55423     0.00554     0.00037     0.00035
55454     0.00783     0.00058    -0.00042
55484     0.00711     0.00105    -0.00081
55515     0.00539     0.00078    -0.00095
55545     0.00153     0.00001    -0.00101
55576    -0.00020    -0.00060    -0.00092
55607    -0.00173    -0.00093    -0.00088
55635    -0.00461    -0.00119    -0.00067
55666    -0.00543    -0.00092    -0.00023
55696    -0.00470    -0.00047     0.00046
55727    -0.00040     0.00041     0.00102
55757     0.00337     0.00103     0.00102
55788     0.00675     0.00135     0.00069
55819     0.00694     0.00149     0.00019
55849     0.00540     0.00106     0.00014
55880     0.00323     0.00054     0.00013
55910    -0.00092    -0.00005     0.00003
55941    -0.00259    -0.00049    -0.00015
55972    -0.00332    -0.00062    -0.00017
56001    -0.00353    -0.00040    -0.00013
56032    -0.00232    -0.00020     0.00007
56062    -0.00161     0.00020     0.00044
56093     0.00219     0.00091     0.00096
56123     0.00647     0.00120     0.00087
56154     0.00847     0.00116     0.00026
56185     0.00883     0.00100    -0.00059
56215     0.00724     0.00084    -0.00064
56246     0.00536     0.00048    -0.00067
56276     0.00366    -0.00004    -0.00064
56307     0.00019    -0.00057    -0.00074
56338    -0.00233    -0.00093    -0.00084
56366    -0.00346    -0.00091    -0.00074
56397    -0.00343    -0.00104    -0.00038
56427    -0.00210    -0.00060     0.00012
56458    -0.00100     0.00024     0.00064
56488     0.00054     0.00072     0.00055
56519     0.00267     0.00091     0.00026
56550     0.00433     0.00112     0.00012
56580     0.00380     0.00114     0.00011
56611     0.00234     0.00083     0.00041
56641    -0.00118     0.00028     0.00046
56672    -0.00408    -0.00025     0.00052
56703    -0.00583    -0.00057     0.00081
56731    -0.00619    -0.00071     0.00124
56762    -0.00554    -0.00046     0.00161
56792    -0.00414    -0.00017     0.00192
56823    -0.00126     0.00036     0.00229
56853     0.00234     0.00087     0.00221
56884     0.00448     0.00095     0.00151
56915     0.00524     0.00077     0.00085
56945     0.00423     0.00055     0.00050
56976     0.00242     0.00028     0.00040
57006    -0.00058     0.00004     0.00047
57037    -0.00290    -0.00021     0.00007
57068    -0.00474    -0.00036    -0.00000
57096    -0.00667    -0.00061    -0.00003
57127    -0.00623    -0.00062     0.00017
57157    -0.00351    -0.00010     0.00069
57188    -0.00154     0.00050     0.00143
57218    -0.00064     0.00071     0.00187
57249     0.00303     0.00088     0.00123
57280     0.00524     0.00104     0.00058
57310     0.00342     0.00120    -0.00018
57341     0.00095     0.00077    -0.00093
57371    -0.00206     0.00019    -0.00148
57402    -0.00461    -0.00046    -0.00140
57433    -0.00627    -0.00063    -0.00115
57462    -0.00633    -0.00083    -0.00074
57493    -0.00490    -0.00093    -0.00040
57523    -0.00435    -0.00066    -0.00019
57554    -0.00128    -0.00001     0.00019
