                      ITRF2005 STATION POSITIONS AT EPOCH 2000.0 AND VELOCITIES
                                             VLBI STATIONS


DOMES NB. SITE NAME        TECH. ID.        X/Vx       Y/Vy         Z/Vz         Sigmas      SOLN  DATA_START   DATA_END  
                                            -----------------------m/m/y---------------------
------------------------------------------------------------------------------------------------------------------------
10002M003 GRASSE           VLBI 7605  4581697.610   556125.816  4389351.494 0.001 0.001 0.001
10002M003                                  -.0113       0.0186       0.0126 .0029 .0007 .0029
10003M003 TOULOUSE         VLBI 7608  4627949.963   119843.729  4372863.068 0.003 0.002 0.003
10003M003                                  -.0112       0.0189       0.0118 .0007 .0005 .0007
10004M002 BREST            VLBI 7604  4228876.947  -333104.120  4747180.925 0.018 0.010 0.021
10004M002                                  -.0215       0.0180       0.0008 .0031 .0011 .0033
10204M001 HOFN             VLBI 7635  2679650.251  -727916.397  5722807.320 0.012 0.008 0.024
10204M001                                  -.0046       0.0144       0.0177 .0002 .0001 .0003
10302M002 TROMSO           VLBI 7602  2102903.995   721602.540  5958201.352 0.001 0.001 0.002
10302M002                                  -.0176       0.0090       0.0076 .0001 .0001 .0001
10317S003 NY-ALESUND       VLBI 7331  1202462.713   252734.419  6237766.073 0.001 0.000 0.001
10317S003                                  -.0142       0.0071       0.0102 .0001 .0001 .0001
10329M001 TRYSIL           VLBI 7607  2988029.159   655957.104  5578669.235 0.103 0.035 0.187
10329M001                                  -.0062       0.0097       0.0225 .0132 .0044 .0240
10402S002 ONSALA           VLBI 7213  3370605.986   711917.529  5349830.773 0.001 0.001 0.001
10402S002                                  -.0137       0.0144       0.0109 .0001 .0001 .0001
10503M002 METSAHOVI        VLBI 7601  2890652.688  1310295.366  5513958.743 0.003 0.002 0.004
10503M002                                  -.0175       0.0130       0.0080 .0029 .0014 .0043
10503S002 METSAHOVI        VLBI 7385  2892585.069  1311715.412  5512640.048 0.010 0.006 0.015
10503S002                                  -.0159       0.0145       0.0108 .0001 .0001 .0002
12337S008 SIMEIS           VLBI 7332  3785231.003  2551207.463  4439796.412 0.002 0.002 0.003
12337S008                                  -.0204       0.0160       0.0105 .0007 .0005 .0008
12350S001 SVETLOE          VLBI 7380  2730173.900  1562442.613  5529969.033 0.004 0.002 0.007
12350S001                                  -.0168       0.0143       0.0088 .0007 .0005 .0013
12711S001 MEDICINA         VLBI 7230  4461369.924   919596.880  4449559.231 0.001 0.001 0.001  1 00:000:00000 96:183:00000
12711S001                                  -.0182       0.0188       0.0110 .0001 .0001 .0001
12711S001 MEDICINA         VLBI 7230  4461369.932   919596.879  4449559.242 0.001 0.001 0.001  2 96:183:00000 00:000:00000
12711S001                                  -.0182       0.0188       0.0110 .0001 .0001 .0001
12717S001 NOTO             VLBI 7547  4934563.065  1321201.313  3806484.538 0.001 0.001 0.001
12717S001                                  -.0174       0.0173       0.0155 .0002 .0001 .0001
12734S005 MATERA           VLBI 7243  4641938.711  1393003.074  4133325.584 0.001 0.001 0.001
12734S005                                  -.0180       0.0189       0.0155 .0001 .0001 .0001
13407S003 MADRID-ROBLEDO   VLBI 1561  4849245.212  -360278.099  4114884.631 0.099 0.021 0.083
13407S003                                  -.0068       0.0188       0.0146 .0002 .0001 .0002
13407S010 MADRID-ROBLEDO   VLBI 1565  4849336.669  -360488.734  4114748.877 0.002 0.001 0.002  1 00:000:00000 97:105:00000
13407S010                                  -.0068       0.0188       0.0146 .0002 .0001 .0002
13407S010 MADRID-ROBLEDO   VLBI 1565  4849336.667  -360488.732  4114748.868 0.002 0.001 0.002  2 97:105:00000 00:000:00000
13407S010                                  -.0068       0.0188       0.0146 .0002 .0001 .0002
13420S001 YEBES            VLBI 7333  4848780.264  -261702.019  4123035.782 0.002 0.001 0.002
13420S001                                  -.0072       0.0192       0.0148 .0005 .0002 .0004
14201S004 WETTZELL         VLBI 7224  4075539.836   931735.313  4801629.400 0.001 0.001 0.001
14201S004                                  -.0156       0.0168       0.0104 .0001 .0001 .0001
14201S100 WETTZELL         VLBI 7593  4075572.631   931755.174  4801584.394 0.001 0.001 0.001
14201S100                                  -.0156       0.0168       0.0104 .0001 .0001 .0001
14209S001 EFFELSBERG       VLBI 7203  4033947.415   486990.562  4900430.827 0.004 0.001 0.004  1 00:000:00000 96:275:00000
14209S001                                  -.0144       0.0169       0.0099 .0005 .0002 .0005
14209S001 EFFELSBERG       VLBI 7203  4033947.434   486990.567  4900430.848 0.002 0.001 0.002  2 96:275:00000 00:000:00000
14209S001                                  -.0144       0.0169       0.0099 .0005 .0002 .0005
21605S008 SHANGHAI         VLBI 7226 -2847698.417  4659872.559  3283958.543 0.590 0.514 0.463
21605S008                                  -.0304       -.0117       -.0116 .0008 .0008 .0008
21605S009 SHANGHAI         VLBI 7227 -2831687.004  4675733.634  3275327.658 0.001 0.001 0.001
21605S009                                  -.0297       -.0124       -.0118 .0003 .0003 .0003
21612S001 URUMQI           VLBI 7330   228310.628  4631922.782  4367063.999 0.001 0.003 0.003
21612S001                                  -.0315       -.0037       0.0047 .0003 .0008 .0008
21701S001 KASHIMA          VLBI 1856 -3997892.269  3276581.296  3724118.215 0.001 0.001 0.001  1 00:000:00000 11:070:00000
21701S001                                  -.0005       0.0058       -.0078 .0002 .0002 .0002
21701S004 KASHIMA          VLBI 1857 -3997649.228  3276690.774  3724278.811 0.002 0.002 0.002  1 00:000:00000 11:070:00000
21701S004                                  -.0005       0.0058       -.0078 .0002 .0002 .0002
21701S006 KASHIMA          VLBI 7334 -3997505.669  3276878.417  3724240.693 0.003 0.002 0.002  1 00:000:00000 11:070:00000
21701S006                                  -.0005       0.0058       -.0078 .0002 .0002 .0002
21702S009 MIZUSAWA         VLBI 7314 -3862411.948  3105015.049  4001944.830 0.007 0.007 0.008
21702S009                                  -.0037       0.0047       -.0075 .0006 .0005 .0006
21702S010 MIZUSAWA         VLBI 7324 -3857236.107  3108803.234  4003883.090 0.009 0.007 0.009
21702S010                                  0.0020       0.0044       -.0026 .0021 .0017 .0021
21702S012 MIZUSAWA         VLBI 7362 -3857241.854  3108784.820  4003900.604 0.012 0.010 0.012
21702S012                                  0.0020       0.0044       -.0026 .0021 .0017 .0021
21704S004 KOGANEI          VLBI 7327 -3941937.442  3368150.910  3702235.297 0.003 0.003 0.002
21704S004                                  -.0027       0.0067       -.0031 .0002 .0002 .0002
21725S001 NOBEYAMA         VLBI 7244 -3871168.760  3428274.478  3723698.100 0.481 0.436 0.457
21725S001                                  -.0527       0.0559       0.0471 .0514 .0467 .0492
21729S001 USUDA            VLBI 7246 -3855355.424  3427427.610  3740971.254 0.079 0.076 0.106
21729S001                                  -.0026       0.0023       -.0061 .0001 .0001 .0001
21730S001 TSUKUBA          VLBI 7311 -3957172.933  3310237.977  3737708.948 0.009 0.010 0.013
21730S001                                  -.0013       0.0062       -.0055 .0001 .0001 .0001
21730S007 TSUKUBA          VLBI 7345 -3957408.782  3310229.407  3737494.801 0.001 0.001 0.001  1 00:000:00000 99:121:00000
21730S007                                  -.0013       0.0062       -.0055 .0001 .0001 .0001
21730S007 TSUKUBA          VLBI 7345 -3957408.779  3310229.403  3737494.800 0.001 0.001 0.001  2 99:121:00000 00:000:00000
21730S007                                  -.0013       0.0062       -.0055 .0001 .0001 .0001
21731S003 SHINTOTSUKAWA    VLBI 7346 -3642142.106  2861496.665  4370361.796 0.006 0.005 0.007
21731S003                                  -.0287       -.0030       -.0075 .0033 .0027 .0031
21732S004 CHICHIJIMA / OG  VLBI 7347 -4490618.399  3483908.249  2884899.170 0.005 0.004 0.005
21732S004                                  0.0187       0.0343       0.0112 .0027 .0031 .0030
21733S002 MINAMI TORI SIM  VLBI 7310 -5227446.307  2551379.842  2607605.015 0.076 0.047 0.050
21733S002                                  0.0493       0.0552       0.0170 .0094 .0061 .0064
21739S001 MIURA            VLBI 7336 -3976129.928  3377927.894  3656753.871 0.006 0.005 0.005  1 00:000:00000 00:183:00000
21739S001                                  0.0117       0.0049       0.0021 .0013 .0011 .0012
21739S001 MIURA            VLBI 7336 -3976129.923  3377927.881  3656753.880 0.008 0.007 0.007  2 00:183:00000 00:000:00000
21739S001                                  0.0117       0.0049       0.0021 .0013 .0011 .0012
21740S001 TATEYAMA         VLBI 7338 -4000983.375  3375275.967  3632213.233 0.008 0.006 0.007  1 00:000:00000 00:183:00000
21740S001                                  0.0158       -.0005       0.0041 .0025 .0021 .0023
21740S001 TATEYAMA         VLBI 7338 -4000983.378  3375275.938  3632213.257 0.009 0.008 0.008  2 00:183:00000 00:000:00000
21740S001                                  0.0158       -.0005       0.0041 .0025 .0021 .0023
21742S002 AIRA             VLBI 7348 -3530219.381  4118797.528  3344015.807 0.006 0.006 0.005
21742S002                                  -.0262       -.0046       -.0138 .0048 .0039 .0023
21747S001 GIFU             VLBI 7354 -3787518.198  3564247.103  3679797.165 0.015 0.014 0.014
21747S001                                  -.0343       0.0206       0.0022 .0053 .0048 .0049
21747S002 GIFU             VLBI 7361 -3787123.258  3564181.603  3680274.980 0.020 0.019 0.020
21747S002                                  -.0343       0.0206       0.0022 .0053 .0048 .0049
21750S001 TOMAKOMAI        VLBI 9001 -3680586.263  2917515.730  4300987.643 0.150 0.140 0.175
21750S001                                  -.0301       0.0135       0.0201 .0437 .0408 .0508
30302S001 HARTEBEESTHOEK   VLBI 7232  5085442.779  2668263.544 -2768696.963 0.001 0.001 0.001
30302S001                                  -.0002       0.0193       0.0173 .0002 .0002 .0002
31906M001 PONTA DELGADA (  VLBI 7609  4552174.577 -2186664.639  3882779.825 0.005 0.003 0.004
31906M001                                  -.0043       0.0160       0.0116 .0003 .0002 .0002
40101M003 ST JOHN'S        VLBI 7625  2612545.638 -3426878.760  4686756.110 0.002 0.003 0.003
40101M003                                  -.0167       -.0018       0.0093 .0001 .0001 .0001
40104S001 ALGONQUIN        VLBI 7282   918034.697 -4346132.281  4561971.181 0.001 0.001 0.001
40104S001                                  -.0157       -.0036       0.0039 .0001 .0001 .0001
40105M001 PENTICTON        VLBI 7283 -2058840.551 -3621286.449  4814420.726 0.002 0.002 0.002
40105M001                                  -.0151       -.0008       -.0059 .0001 .0001 .0001
40118M001 WHITEHORSE       VLBI 7284 -2215213.234 -2209261.035  5540291.413 0.258 0.237 0.569  1 00:000:00000 87:335:00000
40118M001                                  0.0215       0.0426       -.0834 .0190 .0176 .0421
40118M001 WHITEHORSE       VLBI 7284 -2215213.340 -2209261.142  5540291.585 0.208 0.192 0.460  2 87:335:00000 00:000:00000
40118M001                                  0.0215       0.0426       -.0834 .0190 .0176 .0421
40127M001 YELLOWKNIFE      VLBI 7285 -1224124.702 -2689530.689  5633555.325 0.014 0.030 0.060
40127M001                                  -.0201       -.0045       0.0001 .0001 .0001 .0002
40127M004 YELLOWKNIFE      VLBI 7296 -1224399.633 -2689273.277  5633620.277 0.001 0.001 0.002
40127M004                                  -.0201       -.0045       0.0001 .0001 .0001 .0002
40129M001 VICTORIA/SIDNEY  VLBI 7289 -2341310.178 -3539083.895  4745768.323 0.004 0.005 0.006
40129M001                                  -.0110       -.0019       -.0029 .0027 .0041 .0053
40400M003 PASADENA         VLBI 7263 -2493306.263 -4655197.310  3565519.498 0.007 0.013 0.010
40400M003                                  -.0289       0.0249       0.0119 .0001 .0002 .0001
40403M001 PALOS VERDES     VLBI 7268 -2525453.052 -4670035.291  3522886.877 0.085 0.152 0.117
40403M001                                  -.0267       0.0340       0.0081 .0075 .0134 .0103
40404M001 PEARBLOSSOM      VLBI 7254 -2464071.047 -4649425.255  3593905.639 0.048 0.083 0.066
40404M001                                  -.0166       0.0323       -.0059 .0032 .0055 .0044
40405S009 GOLDSTONE        VLBI 7222 -2356171.121 -4646755.845  3668470.596 0.001 0.002 0.002  1 00:000:00000 92:179:00000
40405S009                                  -.0168       0.0050       -.0024 .0001 .0002 .0002
40405S009 GOLDSTONE        VLBI 7222 -2356171.134 -4646755.841  3668470.583 0.003 0.006 0.005  2 92:179:00000 00:000:00000
40405S009                                  -.0168       0.0050       -.0024 .0001 .0002 .0002
40405S014 GOLDSTONE        VLBI 1513 -2351129.272 -4655477.056  3660956.920 0.003 0.004 0.004
40405S014                                  -.0168       0.0050       -.0024 .0001 .0002 .0002
40405S019 GOLDSTONE        VLBI 1515 -2353538.890 -4641649.478  3676669.998 0.005 0.009 0.008  1 00:000:00000 92:179:00000
40405S019                                  -.0168       0.0050       -.0024 .0001 .0002 .0002
40405S019 GOLDSTONE        VLBI 1515 -2353538.895 -4641649.460  3676669.970 0.001 0.002 0.002  2 92:179:00000 00:000:00000
40405S019                                  -.0168       0.0050       -.0024 .0001 .0002 .0002
40406M001 SAN FRANCISCO (  VLBI 7252 -2707705.051 -4257609.276  3888374.242 0.071 0.112 0.100
40406M001                                  -.0210       0.0283       0.0048 .0057 .0089 .0080
40406M001 SAN FRANCISCO (  VLBI 7252 -2707705.044 -4257609.276  3888374.231 0.055 0.086 0.077  2 89:274:00000 00:000:00000
40406M001                                  -.0210       0.0283       0.0048 .0057 .0089 .0080
40407M001 PINYON FLATS     VLBI 7256 -2369636.203 -4761324.780  3511116.259 0.056 0.107 0.082
40407M001                                  -.0273       0.0125       0.0087 .0042 .0082 .0063
40408S002 FAIRBANKS        VLBI 7225 -2281547.370 -1453645.095  5756993.138 0.001 0.001 0.001  1 00:000:00000 02:307:79961
40408S002                                  -.0212       -.0036       -.0077 .0001 .0001 .0001
40408S002 FAIRBANKS        VLBI 7225 -2281547.332 -1453644.999  5756993.245 0.029 0.025 0.062  2 02:307:79961 03:030:00000
40408S002                                  -.0466       -.0548       -.0452 .0099 .0083 .0209
40408S002 FAIRBANKS        VLBI 7225 -2281547.391 -1453645.160  5756993.218 0.031 0.025 0.065  3 03:030:00000 03:119:00000
40408S002                                  -.0275       -.0016       -.0365 .0096 .0077 .0203
40408S002 FAIRBANKS        VLBI 7225 -2281547.427 -1453645.143  5756993.190 0.016 0.013 0.033  4 03:119:00000 03:274:00000
40408S002                                  -.0157       -.0072       -.0275 .0045 .0036 .0094
40408S002 FAIRBANKS        VLBI 7225 -2281547.306 -1453645.090  5756993.035 0.017 0.015 0.037  5 03:274:00000 04:090:00000
40408S002                                  -.0482       -.0217       0.0144 .0042 .0037 .0092
40408S002 FAIRBANKS        VLBI 7225 -2281547.431 -1453645.159  5756993.085 0.014 0.011 0.029  6 04:090:00000 04:365:00000
40408S002                                  -.0169       -.0047       0.0007 .0030 .0024 .0064
40408S002 FAIRBANKS        VLBI 7225 -2281547.436 -1453645.205  5756993.146 0.009 0.007 0.021  7 04:365:00000 06:365:00000
40408S002                                  -.0168       0.0030       -.0119 .0017 .0013 .0037
40410M001 POINT REYES      VLBI 7251 -2732333.377 -4217634.646  3914491.356 0.053 0.080 0.075
40410M001                                  -.0284       0.0224       0.0247 .0047 .0071 .0067
40416M001 YAKATAGA         VLBI 7277 -2529744.410 -1942091.038  5505028.252 0.119 0.097 0.244  1 00:000:00000 87:335:00000
40416M001                                  -.0202       0.0235       0.0230 .0090 .0074 .0186
40416M001 YAKATAGA         VLBI 7277 -2529744.446 -1942091.005  5505028.154 0.096 0.078 0.198  2 87:335:00000 00:000:00000
40416M001                                  -.0202       0.0235       0.0230 .0090 .0074 .0186
40419M001 KODIAK           VLBI 7278 -3026940.371 -1575911.782  5370362.528 0.085 0.056 0.147
40419M001                                  -.0211       0.0016       0.0033 .0074 .0049 .0128
40420M002 VANDENBERG AFB   VLBI 7223 -2678095.038 -4525450.453  3597410.384 0.002 0.002 0.002
40420M002                                  -.0303       0.0326       0.0193 .0002 .0003 .0002
40421M001 NOME             VLBI 7279 -2658150.695  -693822.015  5737236.582 0.075 0.032 0.143
40421M001                                  -.0260       -.0087       -.0037 .0063 .0027 .0114
40423M001 SANDPOINT        VLBI 7280 -3425462.066 -1214669.098  5223858.123 0.105 0.065 0.160
40423M001                                  -.0181       0.0040       -.0113 .0095 .0061 .0147
40424S001 KAUAI            VLBI 1311 -5543846.091 -2054563.457  2387814.212 0.002 0.001 0.001
40424S001                                  -.0089       0.0630       0.0323 .0001 .0001 .0001
40424S007 KAUAI            VLBI 7298 -5543837.658 -2054567.672  2387852.041 0.001 0.001 0.001
40424S007                                  -.0089       0.0630       0.0323 .0001 .0001 .0001
40425M001 SOURDOUGH        VLBI 7281 -2419993.762 -1664228.712  5643538.057 0.097 0.075 0.216  1 00:000:00000 87:335:00000
40425M001                                  -.0269       0.0030       -.0172 .0069 .0054 .0156
40425M001 SOURDOUGH        VLBI 7281 -2419993.743 -1664228.734  5643538.091 0.076 0.059 0.171  2 87:335:00000 00:000:00000
40425M001                                  -.0269       0.0030       -.0172 .0069 .0054 .0156
40427M001 FORT ORD         VLBI 7266 -2697027.062 -4354392.973  3788077.900 0.075 0.120 0.103
40427M001                                  -.0306       0.0292       0.0242 .0058 .0092 .0079
40427M002 FORT ORD         VLBI 7241 -2699840.569 -4359126.766  3781051.264 0.064 0.103 0.088  1 00:000:00000 89:274:00000
40427M002                                  -.0306       0.0292       0.0242 .0058 .0092 .0079
40427M002 FORT ORD         VLBI 7241 -2699840.540 -4359126.739  3781051.303 0.057 0.090 0.078  2 89:274:00000 00:000:00000
40427M002                                  -.0306       0.0292       0.0242 .0058 .0092 .0079
40428M001 SANTA PAULA I    VLBI 7255 -2554477.057 -4608627.216  3582138.529 0.079 0.140 0.108
40428M001                                  -.0384       0.0147       0.0187 .0067 .0119 .0092
40430M001 BLACK BUTTE      VLBI 7269 -2306307.088 -4787914.373  3515736.330 0.084 0.167 0.120
40430M001                                  -.0168       0.0064       -.0092 .0065 .0128 .0092
40431M001 DEADMAN LAKE     VLBI 7267 -2336820.158 -4732587.619  3570330.578 0.148 0.235 0.198
40431M001                                  -.0465       -.0515       0.0463 .0112 .0176 .0150
40432M001 ELY              VLBI 7286 -2077236.476 -4486712.712  4018753.669 0.052 0.111 0.094
40432M001                                  -.0192       0.0015       -.0081 .0044 .0094 .0079
40433M004 QUINCY           VLBI QUIN -2517231.059 -4198595.129  4076531.236 0.002 0.002 0.002
40433M004                                  -.0186       0.0106       -.0058 .0002 .0003 .0002
40437M001 MAMMOTH LAKES    VLBI 7259 -2448246.917 -4426738.173  3875435.824 0.240 0.428 0.359
40437M001                                  -.0181       0.0143       -.0072 .0163 .0289 .0242
40439S002 OWENS VALLEY     VLBI 7207 -2409600.897 -4478349.484  3838603.187 0.002 0.003 0.003
40439S002                                  -.0179       0.0069       -.0037 .0001 .0001 .0001
40439S006 OWENS VALLEY     VLBI 7616 -2409150.166 -4478573.209  3838617.388 0.001 0.001 0.001
40439S006                                  -.0179       0.0069       -.0037 .0001 .0001 .0001
40440S002 WESTFORD         VLBI 7205  1492404.683 -4457266.515  4296881.775 0.001 0.001 0.001
40440S002                                  -.0152       -.0014       0.0043 .0001 .0001 .0001
40440S003 WESTFORD         VLBI 7209  1492206.544 -4458130.519  4296015.554 0.001 0.001 0.001
40440S003                                  -.0152       -.0014       0.0043 .0001 .0001 .0001
40441S001 GREENBANK        VLBI 7204   882879.843 -4924482.306  3944130.699 0.001 0.001 0.001
40441S001                                  -.0144       0.0000       0.0021 .0001 .0002 .0002
40441S004 GREENBANK        VLBI 7214   882325.526 -4925137.992  3943397.692 0.068 0.126 0.122  1 00:000:00000 90:335:00000
40441S004                                  -.0143       -.0002       0.0023 .0001 .0002 .0002
40441S004 GREENBANK        VLBI 7214   882325.518 -4925137.994  3943397.694 0.001 0.001 0.001  2 90:335:00000 00:000:00000
40441S004                                  -.0143       -.0004       0.0025 .0001 .0002 .0002
40441S005 GREENBANK        VLBI 7248   883555.509 -4924490.905  3943961.984 0.003 0.009 0.008
40441S005                                  -.0142       -.0011       0.0031 .0001 .0002 .0002
40441S007 GREENBANK        VLBI 7208   883772.706 -4924385.599  3944042.505 0.001 0.001 0.001
40441S007                                  -.0141       -.0018       0.0036 .0001 .0002 .0002
40442S003 FORT DAVIS       VLBI 7216 -1324211.034 -5332023.140  3232118.346 0.001 0.001 0.001
40442S003                                  -.0121       0.0007       -.0049 .0001 .0001 .0001
40442M008 FORT DAVIS       VLBI 7850 -1330008.239 -5328391.599  3236502.690 0.003 0.003 0.003
40442M008                                  -.0146       -.0018       -.0072 .0007 .0007 .0007
40442S017 FORT DAVIS       VLBI 7613 -1324009.164 -5332181.966  3231962.459 0.001 0.001 0.001
40442S017                                  -.0121       0.0007       -.0049 .0001 .0001 .0001
40445M002 MAUI             VLBI 7120 -5465998.610 -2404407.853  2242228.842 0.009 0.004 0.004
40445M002                                  -.0121       0.0621       0.0314 .0017 .0008 .0008
40449M001 OCOTILLO         VLBI 7270 -2335601.785 -4832245.331  3434391.136 1.206 2.248 1.909
40449M001                                  -.0519       -.0720       -.0969 .0790 .1471 .1258
40451M102 WASHINGTON       VLBI 7102  1130686.463 -4831353.022  3994110.931 0.004 0.012 0.010
40451M102                                  -.0150       0.0004       0.0014 .0003 .0006 .0005
40451M125 WASHINGTON       VLBI 7108  1130794.715 -4831233.805  3994217.046 0.002 0.004 0.004  1 00:000:00000 03:001:00000
40451M125                                  -.0150       0.0004       0.0014 .0003 .0006 .0005
40451M125 WASHINGTON       VLBI 7108  1130794.483 -4831232.876  3994216.229 0.007 0.023 0.018  2 03:001:00000 00:000:00000
40451M125                                  -.0150       0.0004       0.0014 .0003 .0006 .0005
40456S001 PIETOWN          VLBI 7234 -1640953.756 -5014816.026  3575411.860 0.001 0.001 0.001
40456S001                                  -.0149       -.0007       -.0061 .0001 .0001 .0001
40457M001 SEATTLE          VLBI 7229 -2295348.051 -3638029.335  4693408.428 0.167 1.198 1.192
40457M001                                  -.0112       0.0127       -.0237 .0168 .1272 .1263
40463S001 LOS ALAMOS, NM   VLBI 7611 -1449752.401 -4975298.587  3709123.912 0.001 0.001 0.001
40463S001                                  -.0137       0.0010       -.0052 .0001 .0001 .0001
40465S001 NORTH LIBERTY    VLBI 7612  -130872.300 -4762317.113  4226851.032 0.001 0.001 0.001
40465S001                                  -.0150       0.0012       -.0020 .0001 .0001 .0001
40466S001 KITT PEAK        VLBI 7610 -1995678.667 -5037317.712  3357328.110 0.001 0.001 0.001
40466S001                                  -.0132       0.0009       -.0064 .0001 .0001 .0001
40471S001 HANCOCK          VLBI 7618  1446375.069 -4447939.661  4322306.135 0.001 0.001 0.001
40471S001                                  -.0152       -.0011       0.0040 .0001 .0001 .0001
40473S001 BREWSTER         VLBI 7614 -2112065.018 -3705356.515  4726813.775 0.001 0.001 0.001
40473S001                                  -.0140       0.0009       -.0078 .0001 .0001 .0001
40477S001 MAUNA KEA        VLBI 7617 -5464075.005 -2495248.930  2148296.944 0.001 0.001 0.001
40477S001                                  -.0135       0.0626       0.0318 .0002 .0001 .0001
40489S001 HAT CREEK        VLBI 7218 -2523970.113 -4123506.304  4147752.545 0.009 0.015 0.015
40489S001                                  -.0202       0.0060       -.0049 .0008 .0013 .0013
40490S001 MARYLAND POINT   VLBI 7217  1106629.247 -4882907.164  3938086.962 0.012 0.039 0.033
40490S001                                  -.0153       0.0017       0.0005 .0010 .0032 .0027
40491M003 FLAGSTAFF        VLBI 7261 -1923992.838 -4850854.656  3658589.325 0.053 0.127 0.099
40491M003                                  -.0189       -.0093       0.0000 .0043 .0103 .0080
40492M002 VERNAL           VLBI 7290 -1631473.435 -4589129.036  4106759.920 0.057 0.146 0.127
40492M002                                  -.0169       -.0100       0.0032 .0051 .0129 .0113
40493M001 YUMA             VLBI 7894 -2196778.057 -4887337.163  3448425.243 0.074 0.163 0.116
40493M001                                  -.0180       -.0099       0.0007 .0058 .0127 .0090
40496M002 PLATTEVILLE      VLBI 7258 -1240708.275 -4720454.408  4094481.626 0.027 0.081 0.069
40496M002                                  -.0170       -.0035       -.0036 .0022 .0065 .0055
40497M003 MONUMENT PEAK    VLBI 7274 -2386289.696 -4802346.275  3444884.168 0.002 0.002 0.002
40497M003                                  -.0307       0.0250       0.0153 .0001 .0001 .0001
40499S001 RICHMOND         VLBI 7219   961258.025 -5674090.069  2740533.821 0.002 0.005 0.003
40499S001                                  -.0093       -.0019       0.0030 .0002 .0005 .0003
40499S019 RICHMOND         VLBI 7201   961255.305 -5674092.607  2740533.807 0.002 0.007 0.004
40499S019                                  -.0093       -.0019       0.0030 .0002 .0005 .0003
41602S001 FORTALEZA        VLBI 7297  4985370.038 -3955020.339  -428472.245 0.001 0.001 0.001
41602S001                                  -.0016       -.0045       0.0131 .0002 .0002 .0001
41705S006 SANTIAGO         VLBI 1404  1769693.171 -5044504.542 -3468434.931 0.002 0.002 0.002
41705S006                                  0.0207       -.0038       0.0117 .0004 .0005 .0005
41719S001 CONCEPCION       VLBI 7640  1492054.072 -4887960.994 -3803541.396 0.002 0.005 0.004
41719S001                                  0.0339       -.0005       0.0164 .0005 .0011 .0009
42501M002 BERMUDA          VLBI 7294  2307209.409 -4874215.905  3394318.041 0.022 0.073 0.051
42501M002                                  -.0131       0.0006       0.0072 .0001 .0002 .0001
43201S001 SAINTE CROIX     VLBI 7615  2607848.543 -5488069.661  1932739.575 0.001 0.001 0.001
43201S001                                  0.0072       0.0108       0.0118 .0001 .0002 .0001
50103S001 CANBERRA         VLBI 1543 -4460894.779  2682360.869 -3674747.998 0.024 0.074 0.028
50103S001                                  -.0379       0.0018       0.0456 .0002 .0002 .0002
50103S010 CANBERRA         VLBI 1545 -4460935.515  2682765.714 -3674381.056 0.002 0.001 0.001
50103S010                                  -.0379       0.0018       0.0456 .0002 .0002 .0002
50108S001 PARKES           VLBI 7202 -4554232.111  2816758.955 -3454035.696 0.016 0.010 0.012
50108S001                                  -.0333       -.0042       0.0507 .0033 .0021 .0025
50116S002 HOBART           VLBI 7242 -3950236.859  2522347.586 -4311562.417 0.001 0.001 0.001
50116S002                                  -.0395       0.0091       0.0415 .0002 .0002 .0002
50505S003 KWAJALEIN ATOLL  VLBI 4968 -6143536.258  1363998.003  1034707.731 0.143 0.041 0.058
50505S003                                  0.0209       0.0694       0.0254 .0105 .0030 .0044
66006S004 SYOWA            VLBI 7342  1766194.133  1460410.921 -5932273.296 0.005 0.004 0.009
66006S004                                  0.0047       -.0015       -.0002 .0001 .0001 .0003
66008S001 O'HIGGINS        VLBI 7245  1525833.072 -2432463.662 -5676174.479 0.003 0.003 0.007
66008S001                                  0.0193       -.0026       -.0004 .0001 .0002 .0003
