                      ITRF2008 STATION POSITIONS AT EPOCH 2005.0 AND VELOCITIES
                                             VLBI STATIONS


DOMES NB. SITE NAME        TECH. ID.        X/Vx       Y/Vy         Z/Vz         Sigmas      SOLN  DATA_START   DATA_END  
                                            -----------------------m/m/y---------------------
------------------------------------------------------------------------------------------------------------------------
10317S003 NY-ALESUND       VLBI 7331  1202462.643   252734.460  6237766.127 0.001 0.001 0.001
10317S003                                  -.0144       0.0075       0.0107 .0000 .0000 .0001
10329M001 TRYSIL           VLBI 7607  2988029.109   655957.150  5578669.323 0.093 0.030 0.169
10329M001                                  -.0077       0.0095       0.0209 .0073 .0024 .0133
10402S002 ONSALA           VLBI 7213  3370605.915   711917.603  5349830.821 0.001 0.001 0.001
10402S002                                  -.0142       0.0145       0.0104 .0001 .0000 .0001
10503M002 METSAHOVI        VLBI 7601  2890652.605  1310295.434  5513958.785 0.008 0.007 0.010
10503M002                                  -.0167       0.0130       0.0083 .0013 .0008 .0020
10503S002 METSAHOVI        VLBI 7385  2892584.988  1311715.487  5512640.096 0.002 0.002 0.004
10503S002                                  -.0167       0.0130       0.0083 .0013 .0008 .0020
12337S008 Simeiz           VLBI 7332  3785230.898  2551207.543  4439796.461 0.002 0.001 0.002
12337S008                                  -.0211       0.0160       0.0102 .0003 .0002 .0003
12338S003 Badary           VLBI 7382  -838200.834  3865751.573  4987670.931 0.004 0.008 0.012
12338S003                                  -.0313       -.0001       -.0044 .0011 .0025 .0034
12350S001 Svetloe          VLBI 7380  2730173.819  1562442.689  5529969.079 0.001 0.001 0.001
12350S001                                  -.0184       0.0125       0.0084 .0001 .0001 .0002
12351S001 ZELENCHUKSKAYA   VLBI 7381  3451207.702  3060375.293  4391914.973 0.002 0.002 0.003
12351S001                                  -.0200       0.0164       0.0116 .0012 .0011 .0016
12351S001 ZELENCHUKSKAYA   VLBI 7381  3451207.709  3060375.296  4391914.973 0.004 0.004 0.005  2 07:210:00000 00:000:00000
12351S001                                  -.0200       0.0164       0.0116 .0012 .0011 .0016
12711S001 Medicina         VLBI 7230  4461369.842   919596.975  4449559.293 0.001 0.001 0.001
12711S001                                  -.0179       0.0190       0.0114 .0001 .0000 .0001
12711S001 Medicina         VLBI 7230  4461369.842   919596.974  4449559.296 0.001 0.001 0.001  2 96:183:00000 00:000:00000
12711S001                                  -.0179       0.0190       0.0114 .0001 .0000 .0001
12717S001 Noto             VLBI 7547  4934562.980  1321201.400  3806484.616 0.001 0.001 0.001
12717S001                                  -.0175       0.0175       0.0155 .0001 .0000 .0001
12734S005 Matera           VLBI 7243  4641938.620  1393003.170  4133325.658 0.001 0.001 0.001
12734S005                                  -.0187       0.0190       0.0146 .0001 .0000 .0001
13407S010 Madrid-Robledo   VLBI 1565  4849336.629  -360488.637  4114748.953 0.003 0.001 0.003
13407S010                                  -.0074       0.0192       0.0149 .0003 .0001 .0003
13407S010 Madrid-Robledo   VLBI 1565  4849336.629  -360488.636  4114748.942 0.002 0.001 0.002  2 97:105:00000 00:000:00000
13407S010                                  -.0074       0.0192       0.0149 .0003 .0001 .0003
13407S014 Madrid-Robledo   VLBI 1567  4849339.631  -360427.651  4114750.739 0.002 0.001 0.002
13407S014                                  -.0074       0.0192       0.0149 .0003 .0001 .0003
13420S001 Yebes            VLBI 7333  4848780.217  -261701.922  4123035.846 0.003 0.001 0.003
13420S001                                  -.0100       0.0194       0.0124 .0006 .0002 .0005
14201S004 WETTZELL         VLBI 7224  4075539.757   931735.399  4801629.449 0.001 0.001 0.001
14201S004                                  -.0160       0.0171       0.0101 .0001 .0000 .0001
14201S100 WETTZELL         VLBI 7593  4075572.557   931755.259  4801584.444 0.001 0.001 0.001
14201S100                                  -.0160       0.0171       0.0101 .0001 .0000 .0001
14209S001 EFFELSBERG       VLBI 7203  4033947.353   486990.646  4900430.889 0.003 0.001 0.003
14209S001                                  -.0138       0.0169       0.0110 .0002 .0001 .0003
14209S001 EFFELSBERG       VLBI 7203  4033947.366   486990.652  4900430.902 0.001 0.001 0.002  2 96:275:00000 00:000:00000
14209S001                                  -.0138       0.0169       0.0110 .0002 .0001 .0003
21605S009 SHANGHAI         VLBI 7227 -2831687.150  4675733.580  3275327.599 0.001 0.001 0.001
21605S009                                  -.0300       -.0117       -.0120 .0001 .0001 .0001
21612S001 Urumqi           VLBI 7330   228310.471  4631922.771  4367064.025 0.001 0.001 0.001
21612S001                                  -.0321       -.0021       0.0057 .0001 .0003 .0003
21701S001 KASHIMA          VLBI 1856 -3997892.271  3276581.332  3724118.181 0.001 0.001 0.001  1 00:000:00000 11:070:00000
21701S001                                  -.0007       0.0058       -.0077 .0001 .0001 .0001
21701S004 KASHIMA          VLBI 1857 -3997649.231  3276690.810  3724278.779 0.001 0.001 0.001  1 00:000:00000 11:070:00000
21701S004                                  -.0007       0.0058       -.0077 .0001 .0001 .0001
21701S006 KASHIMA          VLBI 7334 -3997505.669  3276878.452  3724240.659 0.002 0.002 0.002  1 00:000:00000 11:070:00000
21701S006                                  -.0007       0.0058       -.0077 .0001 .0001 .0001
21702S009 MIZUSAWA         VLBI 7314 -3862411.878  3105015.079  4001944.827 0.017 0.015 0.018
21702S009                                  0.0025       0.0048       -.0054 .0010 .0008 .0010
21702S010 MIZUSAWA         VLBI 7324 -3857236.088  3108803.270  4003883.052 0.009 0.007 0.009
21702S010                                  0.0025       0.0048       -.0054 .0010 .0008 .0010
21702S012 MIZUSAWA         VLBI 7362 -3857241.845  3108784.857  4003900.574 0.002 0.002 0.002
21702S012                                  0.0025       0.0048       -.0054 .0010 .0008 .0010
21704S004 KOGANEI          VLBI 7327 -3941937.452  3368150.939  3702235.284 0.008 0.009 0.006
21704S004                                  -.0012       0.0033       -.0042 .0015 .0019 .0010
21725S001 NOBEYAMA         VLBI 7244 -3871169.229  3428274.924  3723698.429 0.443 0.407 0.401
21725S001                                  -.0676       0.0674       0.0536 .0309 .0284 .0282
21730S001 Tsukuba          VLBI 7311 -3957172.947  3310238.011  3737708.922 0.009 0.008 0.008
21730S001                                  -.0022       0.0059       -.0054 .0001 .0001 .0001
21730S007 Tsukuba          VLBI 7345 -3957408.788  3310229.441  3737494.778 0.001 0.001 0.001  1 00:000:00000 11:070:00000
21730S007                                  -.0022       0.0059       -.0054 .0001 .0001 .0001
21731S001 SHINTOTSUKAWA    VLBI 7315 -3642142.274  2861496.379  4370361.493 0.146 0.170 0.264
21731S001                                  -.0285       -.0133       -.0146 .0010 .0009 .0012
21731S003 SHINTOTSUKAWA    VLBI 7346 -3642142.272  2861496.650  4370361.703 0.004 0.003 0.005
21731S003                                  -.0285       -.0133       -.0146 .0010 .0009 .0012
21732S004 CHICHIJIMA / OG  VLBI 7347 -4490618.274  3483908.382  2884899.245 0.003 0.002 0.004
21732S004                                  0.0207       0.0274       0.0013 .0008 .0005 .0010
21733S002 MINAMI TORI SIM  VLBI 7310 -5227446.120  2551380.128  2607605.203 0.106 0.062 0.065
21733S002                                  0.0450       0.0553       0.0246 .0086 .0051 .0054
21736S002 ISHIGAKI SHIMA   VLBI 7365 -3263994.742  4808056.292  2619949.282 0.011 0.015 0.009
21736S002                                  -.0380       0.0122       -.0540 .0043 .0058 .0034
21739S001 MIURA            VLBI 7336 -3976129.864  3377927.912  3656753.887 0.011 0.012 0.010
21739S001                                  0.0125       0.0025       0.0030 .0017 .0023 .0018
21739S001 MIURA            VLBI 7336 -3976129.865  3377927.900  3656753.897 0.009 0.011 0.009  2 00:183:00000 00:000:00000
21739S001                                  0.0125       0.0025       0.0030 .0017 .0023 .0018
21740S001 TATEYAMA         VLBI 7338 -4000983.306  3375275.977  3632213.272 0.012 0.013 0.013
21740S001                                  0.0134       0.0011       0.0080 .0020 .0024 .0023
21740S001 TATEYAMA         VLBI 7338 -4000983.306  3375275.941  3632213.292 0.008 0.011 0.011  2 00:183:00000 00:000:00000
21740S001                                  0.0134       0.0011       0.0080 .0020 .0024 .0023
21742S002 AIRA             VLBI 7348 -3530219.541  4118797.486  3344015.744 0.002 0.004 0.002
21742S002                                  -.0230       0.0000       -.0188 .0006 .0010 .0005
21747S001 GIFU             VLBI 7354 -3787518.328  3564247.152  3679797.128 0.012 0.011 0.012
21747S001                                  -.0161       0.0055       -.0123 .0016 .0015 .0015
21747S002 GIFU             VLBI 7361 -3787123.431  3564181.696  3680274.983 0.003 0.003 0.002
21747S002                                  -.0161       0.0055       -.0123 .0016 .0015 .0015
30302S001 Hartebeesthoek   VLBI 7232  5085442.772  2668263.635 -2768696.876 0.001 0.001 0.001
30302S001                                  -.0015       0.0196       0.0165 .0001 .0001 .0001
40101M003 ST JOHN'S        VLBI 7625  2612545.554 -3426878.766  4686756.154 0.002 0.003 0.003
40101M003                                  -.0168       -.0009       0.0086 .0007 .0008 .0008
40104S001 Algonquin        VLBI 7282   918034.616 -4346132.292  4561971.196 0.001 0.001 0.001
40104S001                                  -.0160       -.0038       0.0042 .0000 .0001 .0001
40105M001 PENTICTON        VLBI 7283 -2058840.674 -3621286.555  4814420.817 0.038 0.062 0.077
40105M001                                  -.0188       -.0080       0.0021 .0024 .0040 .0050
40118M001 Whitehorse       VLBI 7284 -2215212.960 -2209260.749  5540290.769 0.276 0.261 0.625
40118M001                                  0.0309       0.0464       -.0960 .0149 .0141 .0338
40118M001 Whitehorse       VLBI 7284 -2215213.085 -2209260.867  5540290.979 0.236 0.224 0.534  2 87:335:00000 00:000:00000
40118M001                                  0.0309       0.0464       -.0960 .0149 .0141 .0338
40127M001 Yellowknife      VLBI 7285 -1224124.813 -2689530.725  5633555.366 0.002 0.003 0.004
40127M001                                  -.0207       -.0046       0.0006 .0001 .0001 .0001
40127M004 Yellowknife      VLBI 7296 -1224399.733 -2689273.292  5633620.272 0.001 0.001 0.002
40127M004                                  -.0207       -.0046       0.0006 .0001 .0001 .0001
40171S001 Shirley s Bay    VLBI 7626  1091444.502 -4351283.431  4518706.872 0.061 0.176 0.167
40171S001                                  -.0328       0.0271       -.0518 .0251 .0732 .0689
40400M003 PASADENA         VLBI 7263 -2493306.451 -4655197.273  3565519.460 0.057 0.103 0.078
40400M003                                  -.0316       0.0195       0.0071 .0030 .0055 .0042
40403M001 PALOS VERDES     VLBI 7268 -2525453.203 -4670035.148  3522886.991 0.119 0.214 0.166
40403M001                                  -.0283       0.0316       0.0133 .0073 .0132 .0102
40404M001 PEARBLOSSOM      VLBI 7254 -2464071.128 -4649425.202  3593905.676 0.078 0.140 0.106
40404M001                                  -.0166       0.0260       -.0018 .0040 .0071 .0054
40405S009 GOLDSTONE        VLBI 7222 -2356171.180 -4646755.790  3668470.566 0.002 0.003 0.003
40405S009                                  -.0156       0.0063       -.0030 .0001 .0002 .0002
40405S009 GOLDSTONE        VLBI 7222 -2356171.195 -4646755.787  3668470.554 0.003 0.004 0.004  2 92:179:00000 00:000:00000
40405S009                                  -.0156       0.0063       -.0030 .0001 .0002 .0002
40405S014 GOLDSTONE        VLBI 1513 -2351129.325 -4655476.993  3660956.882 0.003 0.006 0.005
40405S014                                  -.0156       0.0063       -.0030 .0001 .0002 .0002
40405S019 GOLDSTONE        VLBI 1515 -2353538.946 -4641649.419  3676669.965 0.004 0.008 0.007
40405S019                                  -.0156       0.0063       -.0030 .0001 .0002 .0002
40405S019 GOLDSTONE        VLBI 1515 -2353538.965 -4641649.418  3676669.949 0.001 0.002 0.002  2 92:179:00000 00:000:00000
40405S019                                  -.0156       0.0063       -.0030 .0001 .0002 .0002
40406M001 SAN FRANCISCO (  VLBI 7252 -2707705.207 -4257609.301  3888374.417 0.085 0.131 0.118
40406M001                                  -.0237       0.0189       0.0132 .0049 .0075 .0068
40406M001 SAN FRANCISCO (  VLBI 7252 -2707705.184 -4257609.263  3888374.371 0.070 0.108 0.098  2 89:274:00000 00:000:00000
40406M001                                  -.0237       0.0189       0.0132 .0049 .0075 .0068
40407M001 PINYON FLATS     VLBI 7256 -2369636.294 -4761324.671  3511116.262 0.056 0.108 0.081
40407M001                                  -.0249       0.0149       0.0068 .0032 .0061 .0046
40408S002 FAIRBANKS        VLBI 7225 -2281547.473 -1453645.106  5756993.094 0.001 0.001 0.001  1 00:000:00000 02:307:79961
40408S002                                  -.0215       -.0035       -.0077 .0001 .0001 .0001
40408S002 FAIRBANKS        VLBI 7225 -2281547.559 -1453645.244  5756992.967 0.012 0.010 0.027  2 02:307:79961 03:030:00000
40408S002                                  -.0456       -.0441       -.0662 .0061 .0050 .0129
40408S002 FAIRBANKS        VLBI 7225 -2281547.542 -1453645.185  5756993.069 0.010 0.008 0.022  3 03:030:00000 03:119:00000
40408S002                                  -.0374       -.0154       -.0126 .0056 .0045 .0120
40408S002 FAIRBANKS        VLBI 7225 -2281547.508 -1453645.175  5756993.069 0.004 0.003 0.008  4 03:119:00000 03:274:00000
40408S002                                  -.0185       -.0090       -.0133 .0027 .0021 .0057
40408S002 FAIRBANKS        VLBI 7225 -2281547.539 -1453645.188  5756993.085 0.002 0.002 0.005  5 03:274:00000 04:090:00000
40408S002                                  -.0428       -.0178       -.0023 .0023 .0020 .0050
40408S002 FAIRBANKS        VLBI 7225 -2281547.515 -1453645.178  5756993.084 0.001 0.001 0.002  6 04:090:00000 04:365:00000
40408S002                                  -.0181       -.0079       0.0047 .0018 .0014 .0039
40408S002 FAIRBANKS        VLBI 7225 -2281547.515 -1453645.181  5756993.076 0.001 0.001 0.002  7 04:365:00000 06:365:00000
40408S002                                  -.0253       -.0054       -.0017 .0010 .0008 .0021
40410M001 POINT REYES      VLBI 7251 -2732333.555 -4217634.624  3914491.542 0.070 0.103 0.099
40410M001                                  -.0311       0.0160       0.0294 .0044 .0066 .0063
40416M001 Yakataga         VLBI 7277 -2529744.436 -1942090.907  5505028.356 0.135 0.106 0.281
40416M001                                  -.0165       0.0238       0.0230 .0074 .0058 .0153
40416M001 Yakataga         VLBI 7277 -2529744.482 -1942090.876  5505028.261 0.114 0.089 0.237  2 87:335:00000 00:000:00000
40416M001                                  -.0165       0.0238       0.0230 .0074 .0058 .0153
40419M001 Kodiak           VLBI 7278 -3026940.460 -1575911.717  5370362.505 0.087 0.049 0.145
40419M001                                  -.0205       0.0049       0.0008 .0052 .0030 .0088
40420M002 VANDENBERG AFB   VLBI 7223 -2678095.181 -4525450.304  3597410.494 0.006 0.008 0.007
40420M002                                  -.0299       0.0315       0.0205 .0004 .0005 .0004
40421M001 Nome             VLBI 7279 -2658150.793  -693822.039  5737236.581 0.080 0.032 0.160
40421M001                                  -.0242       -.0076       -.0028 .0046 .0018 .0092
40423M001 Sandpoint        VLBI 7280 -3425462.104 -1214669.009  5223857.983 0.108 0.060 0.162
40423M001                                  -.0154       0.0080       -.0164 .0068 .0039 .0102
40424S001 KAUAI            VLBI 1311 -5543846.133 -2054563.137  2387814.373 0.001 0.001 0.001
40424S001                                  -.0094       0.0629       0.0324 .0001 .0001 .0001
40424S007 KAUAI            VLBI 7298 -5543837.697 -2054567.351  2387852.201 0.001 0.001 0.001
40424S007                                  -.0094       0.0629       0.0324 .0001 .0001 .0001
40425M001 Sourdough        VLBI 7281 -2419993.890 -1664228.690  5643538.156 0.130 0.094 0.301
40425M001                                  -.0266       0.0031       -.0075 .0068 .0049 .0157
40425M001 Sourdough        VLBI 7281 -2419993.868 -1664228.713  5643538.159 0.108 0.078 0.250  2 87:335:00000 00:000:00000
40425M001                                  -.0266       0.0031       -.0075 .0068 .0049 .0157
40427M001 FORT ORD         VLBI 7266 -2697027.228 -4354392.854  3788078.073 0.084 0.133 0.115
40427M001                                  -.0315       0.0273       0.0274 .0046 .0074 .0064
40427M002 FORT ORD         VLBI 7241 -2699840.732 -4359126.640  3781051.428 0.075 0.119 0.102
40427M002                                  -.0315       0.0273       0.0274 .0046 .0074 .0064
40427M002 FORT ORD         VLBI 7241 -2699840.700 -4359126.614  3781051.463 0.069 0.109 0.094  2 89:274:00000 00:000:00000
40427M002                                  -.0315       0.0273       0.0274 .0046 .0074 .0064
40428M001 SANTA PAULA I    VLBI 7255 -2554477.264 -4608627.208  3582138.693 0.090 0.158 0.121
40428M001                                  -.0397       0.0100       0.0233 .0052 .0093 .0071
40430M001 BLACK BUTTE      VLBI 7269 -2306307.161 -4787914.301  3515736.239 0.107 0.216 0.151
40430M001                                  -.0165       0.0081       -.0112 .0059 .0121 .0084
40431M001 DEADMAN LAKE     VLBI 7267 -2336820.688 -4732588.478  3570331.053 0.167 0.292 0.216
40431M001                                  -.0646       -.0880       0.0620 .0094 .0164 .0122
40432M001 ELY              VLBI 7286 -2077236.489 -4486712.541  4018753.499 0.073 0.150 0.123
40432M001                                  -.0143       0.0111       -.0156 .0043 .0088 .0073
40433M004 QUINCY           VLBI 7221 -2517231.160 -4198595.089  4076531.202 0.012 0.015 0.015
40433M004                                  -.0199       0.0083       -.0047 .0007 .0008 .0008
40437M001 MAMMOTH LAKES    VLBI 7259 -2448247.103 -4426738.267  3875435.924 0.166 0.298 0.246
40437M001                                  -.0230       0.0054       0.0001 .0086 .0154 .0127
40439S002 OWENS VALLEY     VLBI 7207 -2409601.001 -4478349.461  3838603.179 0.002 0.003 0.002
40439S002                                  -.0185       0.0066       -.0033 .0001 .0001 .0001
40439S006 OWENS VALLEY     VLBI 7616 -2409150.256 -4478573.168  3838617.367 0.001 0.001 0.001
40439S006                                  -.0185       0.0066       -.0033 .0001 .0001 .0001
40440S002 WESTFORD         VLBI 7205  1492404.605 -4457266.520  4296881.795 0.001 0.001 0.001
40440S002                                  -.0155       -.0012       0.0041 .0000 .0001 .0001
40440S003 WESTFORD         VLBI 7209  1492206.464 -4458130.517  4296015.568 0.001 0.001 0.001
40440S003                                  -.0155       -.0012       0.0041 .0000 .0001 .0001
40441S001 GREENBANK        VLBI 7204   882879.773 -4924482.313  3944130.705 0.001 0.004 0.003
40441S001                                  -.0144       -.0010       0.0027 .0001 .0002 .0002
40441S004 GREENBANK        VLBI 7214   882325.456 -4925137.995  3943397.699 0.001 0.004 0.003
40441S004                                  -.0144       -.0010       0.0027 .0001 .0002 .0002
40441S004 GREENBANK        VLBI 7214   882325.446 -4925137.997  3943397.703 0.001 0.002 0.002  2 90:335:00000 00:000:00000
40441S004                                  -.0144       -.0010       0.0027 .0001 .0002 .0002
40441S007 GREENBANK        VLBI 7208   883772.632 -4924385.594  3944042.511 0.001 0.002 0.001
40441S007                                  -.0144       -.0010       0.0027 .0001 .0002 .0002
40442S003 FORT DAVIS       VLBI 7216 -1324211.100 -5332023.137  3232118.319 0.001 0.002 0.001
40442S003                                  -.0127       0.0003       -.0047 .0001 .0001 .0001
40442S017 FORT DAVIS       VLBI 7613 -1324009.227 -5332181.955  3231962.431 0.001 0.001 0.001
40442S017                                  -.0127       0.0003       -.0047 .0001 .0001 .0001
40445M002 MAUI             VLBI 7120 -5465998.663 -2404407.537  2242229.006 0.002 0.002 0.001
40445M002                                  -.0127       0.0620       0.0320 .0001 .0000 .0001
40451M102 Washington       VLBI 7102  1130686.384 -4831353.017  3994110.933 0.004 0.010 0.009
40451M102                                  -.0152       -.0004       0.0017 .0002 .0007 .0006
40451M125 Washington       VLBI 7108  1130794.637 -4831233.797  3994217.047 0.002 0.007 0.006
40451M125                                  -.0152       -.0004       0.0017 .0002 .0007 .0006
40451M125 Washington       VLBI 7108  1130794.403 -4831232.858  3994216.229 0.003 0.011 0.008  2 03:001:00000 00:000:00000
40451M125                                  -.0152       -.0004       0.0017 .0002 .0007 .0006
40456S001 Pietown          VLBI 7234 -1640953.822 -5014816.028  3575411.840 0.001 0.001 0.001
40456S001                                  -.0144       -.0011       -.0048 .0001 .0001 .0001
40456S001 Pietown          VLBI 7234 -1640953.827 -5014816.022  3575411.829 0.001 0.001 0.001  2 97:245:00000 01:200:00000
40456S001                                  -.0144       -.0011       -.0048 .0001 .0001 .0001
40456S001 Pietown          VLBI 7234 -1640953.828 -5014816.021  3575411.829 0.001 0.001 0.001  3 01:200:00000 00:000:00000
40456S001                                  -.0144       -.0011       -.0048 .0001 .0001 .0001
40463S001 Los Alamos, NM   VLBI 7611 -1449752.471 -4975298.576  3709123.884 0.001 0.001 0.001
40463S001                                  -.0142       0.0005       -.0048 .0001 .0001 .0001
40465S001 NORTH LIBERTY    VLBI 7612  -130872.377 -4762317.101  4226851.019 0.001 0.001 0.001
40465S001                                  -.0154       0.0010       -.0019 .0000 .0001 .0001
40466S001 KITT PEAK        VLBI 7610 -1995678.733 -5037317.699  3357328.075 0.001 0.001 0.001
40466S001                                  -.0138       0.0006       -.0062 .0001 .0001 .0001
40471S001 HANCOCK          VLBI 7618  1446374.989 -4447939.661  4322306.150 0.001 0.001 0.001
40471S001                                  -.0155       -.0016       0.0042 .0001 .0001 .0001
40473S001 BREWSTER         VLBI 7614 -2112065.089 -3705356.504  4726813.733 0.001 0.001 0.001
40473S001                                  -.0146       0.0005       -.0073 .0001 .0001 .0001
40477S001 MAUNA KEA        VLBI 7617 -5464075.068 -2495248.608  2148297.104 0.001 0.001 0.001
40477S001                                  -.0138       0.0630       0.0321 .0001 .0001 .0001
40489S001 HAT CREEK        VLBI 7218 -2523970.192 -4123506.263  4147752.507 0.008 0.013 0.012
40489S001                                  -.0191       0.0061       -.0053 .0005 .0008 .0008
40490S001 MARYLAND POINT   VLBI 7217  1106629.175 -4882907.160  3938086.945 0.012 0.038 0.032
40490S001                                  -.0152       0.0012       -.0001 .0007 .0022 .0018
40491M003 FLAGSTAFF        VLBI 7261 -1923992.919 -4850854.693  3658589.314 0.056 0.136 0.103
40491M003                                  -.0183       -.0092       -.0002 .0033 .0079 .0060
40492M002 VERNAL           VLBI 7290 -1631473.504 -4589129.071  4106759.876 0.057 0.144 0.125
40492M002                                  -.0161       -.0092       -.0004 .0034 .0088 .0076
40493M001 YUMA             VLBI 7894 -2196778.024 -4887336.923  3448425.042 0.031 0.062 0.045
40493M001                                  -.0106       0.0073       -.0114 .0016 .0032 .0024
40496M002 PLATTEVILLE      VLBI 7258 -1240708.342 -4720454.378  4094481.567 0.026 0.081 0.068
40496M002                                  -.0161       -.0009       -.0058 .0015 .0047 .0039
40497M003 MONUMENT PEAK    VLBI 7274 -2386289.888 -4802346.048  3444884.151 0.030 0.061 0.044
40497M003                                  -.0326       0.0314       0.0099 .0017 .0034 .0025
40499S001 RICHMOND         VLBI 7219   961257.971 -5674090.034  2740533.813 0.002 0.003 0.002
40499S001                                  -.0100       0.0007       0.0017 .0001 .0002 .0001
40499S019 RICHMOND         VLBI 7201   961255.252 -5674092.592  2740533.810 0.002 0.004 0.002
40499S019                                  -.0100       0.0007       0.0017 .0001 .0002 .0001
41602S001 Forteleza        VLBI 7297  4985370.024 -3955020.359  -428472.182 0.001 0.001 0.001
41602S001                                  -.0024       -.0040       0.0126 .0001 .0001 .0001
41705S006 Santiago         VLBI 1404  1769693.290 -5044504.580 -3468434.857 0.006 0.011 0.009
41705S006                                  0.0223       -.0058       0.0127 .0006 .0011 .0008
41719S001 Concepcion       VLBI 7640  1492054.240 -4887961.001 -3803541.322 0.001 0.001 0.001
41719S001                                  0.0354       -.0022       0.0169 .0001 .0003 .0003
43201S001 SAINTE CROIX     VLBI 7615  2607848.578 -5488069.610  1932739.635 0.001 0.001 0.001
43201S001                                  0.0075       0.0092       0.0124 .0001 .0001 .0001
50103S001 Tidbinbilla      VLBI 1543 -4460894.961  2682361.521 -3674747.937 0.015 0.013 0.020
50103S001                                  -.0366       0.0005       0.0454 .0002 .0002 .0002
50103S010 Tidbinbilla      VLBI 1545 -4460935.686  2682765.710 -3674380.822 0.002 0.002 0.002
50103S010                                  -.0366       0.0005       0.0454 .0002 .0002 .0002
50108S001 PARKES           VLBI 7202 -4554232.201  2816758.889 -3454035.394 0.010 0.006 0.008
50108S001                                  -.0326       -.0042       0.0499 .0015 .0010 .0012
50116S002 Hobart           VLBI 7242 -3950237.046  2522347.621 -4311562.205 0.001 0.001 0.001
50116S002                                  -.0393       0.0083       0.0409 .0001 .0001 .0001
50505S003 KWAJALEIN ATOLL  VLBI 4968 -6143536.184  1363998.376  1034707.891 0.129 0.036 0.051
50505S003                                  0.0187       0.0707       0.0273 .0069 .0019 .0028
66006S004 SYOWA            VLBI 7342  1766194.160  1460410.914 -5932273.308 0.001 0.001 0.002
66006S004                                  0.0047       -.0013       0.0003 .0000 .0000 .0001
66008S001 O'HIGGINS        VLBI 7245  1525833.164 -2432463.674 -5676174.484 0.001 0.001 0.003
66008S001                                  0.0178       -.0014       0.0002 .0002 .0003 .0005
