% Reference: Hana Spicakova, J. Böhm, L. Plank, T. Nilsson, H. Schuh. Atmospheric Effects on VLBI-derived
% Terrestrial and Celestial Reference Frames. International Association of Geodesy Symposia. Editors Chris Rizos,
% Pascal Willis. ISSN: 0939-9585. (submitted)
% (IUGG Melbourne 28 June - 07 July, 2011)




% station          x [m]           y [m]         z [m]            vx [m/y]    vy [m/y]    vz [m/y]      epoch   start    end 

FORTLEZA       4985370.0378   -3955020.3431    -428472.2433        -0.0021     -0.0038      0.0124      51544       0   99999 
KOKEE         -5543837.6553   -2054567.6727    2387852.0407        -0.0090      0.0633      0.0322      51544       0   99999 
NRAO20          883772.7035   -4924385.5990    3944042.5057        -0.0143     -0.0029      0.0041      51544       0   99999 
WETTZELL       4075539.8364     931735.3129    4801629.4022        -0.0158      0.0168      0.0101      51544       0   99999 
NYALES20       1202462.7131     252734.4198    6237766.0788        -0.0143      0.0074      0.0103      51544       0   99999 
GILCREEK      -2281547.3705   -1453645.0928    5756993.1398        -0.0215     -0.0035     -0.0075      51544       0   52581 
GILCREEK      -2281547.3464   -1453645.0583    5756993.3265        -0.0412     -0.0333     -0.0740      51544   52581   52669 
GILCREEK      -2281547.3814   -1453645.1303    5756993.0945        -0.0299     -0.0101      0.0009      51544   52669   52758 
GILCREEK      -2281547.3944   -1453645.1023    5756993.0885        -0.0261     -0.0186      0.0027      51544   52758   52913 
GILCREEK      -2281547.3764   -1453645.1283    5756993.1715        -0.0308     -0.0115     -0.0193      51544   52913   53094 
GILCREEK      -2281547.4464   -1453645.1393    5756993.1325        -0.0142     -0.0090     -0.0101      51544   53094   53369 
GILCREEK      -2281547.3704   -1453645.1363    5756993.0765        -0.0295     -0.0096      0.0011      51544   53369   54100 
MATERA         4641938.7144    1393003.0741    4133325.5884        -0.0187      0.0186      0.0144      51544       0   99999 
TSUKUB32      -3957408.7833    3310229.4078    3737494.8014        -0.0029      0.0049     -0.0052      51544       0   51299 
TSUKUB32      -3957408.7766    3310229.4133    3737494.8042        -0.0029      0.0049     -0.0052      51544   51299   55631 
ALGOPARK        918034.6948   -4346132.2776    4561971.1778        -0.0159     -0.0039      0.0039      51544       0   99999 
HARTRAO        5085442.7781    2668263.5382   -2768696.9594        -0.0006      0.0198      0.0162      51544       0   99999 
HOBART26      -3950236.8574    2522347.5773   -4311562.4145        -0.0385      0.0089      0.0413      51544       0   99999 
WESTFORD       1492206.5415   -4458130.5158    4296015.5500        -0.0155     -0.0014      0.0038      51544       0   99999 
YLOW7296      -1224399.6327   -2689273.2731    5633620.2731        -0.0206     -0.0046      0.0003      51544       0   99999 
ONSALA60       3370605.9843     711917.5288    5349830.7719        -0.0139      0.0143      0.0105      51544       0   99999 
SESHAN25      -2831687.0020    4675733.6340    3275327.6575        -0.0297     -0.0111     -0.0113      51544       0   99999 
TIGOWTZL       4075572.6247     931755.1711    4801584.3907        -0.0158      0.0168      0.0101      51544       0   99999 
OHIGGINS       1525833.0737   -2432463.6714   -5676174.4869         0.0180     -0.0003      0.0002      51544       0   99999 
NOTO           4934563.0682    1321201.3129    3806484.5421        -0.0171      0.0173      0.0154      51544       0   99999 
YEBES          4848780.2636    -261702.0217    4123035.7870        -0.0066      0.0188      0.0150      51544       0   99999 
KP-VLBA       -1995678.6646   -5037317.7069    3357328.1066        -0.0134      0.0006     -0.0065      51544       0   99999 
BR-VLBA       -2112065.0172   -3705356.5127    4726813.7709        -0.0142      0.0004     -0.0076      51544       0   99999 
FD-VLBA       -1324009.1628   -5332181.9603    3231962.4547        -0.0123      0.0003     -0.0050      51544       0   99999 
LA-VLBA       -1449752.3993   -4975298.5837    3709123.9081        -0.0138      0.0005     -0.0052      51544       0   99999 
NL-VLBA        -130872.2998   -4762317.1112    4226851.0298        -0.0150      0.0010     -0.0023      51544       0   99999 
OV-VLBA       -2409150.1630   -4478573.2045    3838617.3831        -0.0179      0.0068     -0.0039      51544       0   99999 
PIETOWN       -1640953.7528   -5014816.0251    3575411.8621        -0.0145     -0.0006     -0.0060      51544       0   99999 
SC-VLBA        2607848.5433   -5488069.6610    1932739.5755         0.0078      0.0089      0.0122      51544       0   99999 
MK-VLBA       -5464075.0000   -2495248.9287    2148296.9434        -0.0137      0.0631      0.0321      51544       0   99999 
MEDICINA       4461369.9302     919596.8785    4449559.2377        -0.0176      0.0187      0.0114      51544       0   50265 
MEDICINA       4461369.9312     919596.8778    4449559.2416        -0.0176      0.0187      0.0114      51544   50265   99999 
HN-VLBA        1446375.0672   -4447939.6570    4322306.1295        -0.0152     -0.0014      0.0036      51544       0   99999 
CRIMEA         3785231.0063    2551207.4646    4439796.4159        -0.0201      0.0157      0.0103      51544       0   99999 
URUMQI          228310.6296    4631922.7801    4367063.9917        -0.0322     -0.0027      0.0074      51544       0   99999 
DSS45         -4460935.5074    2682765.7016   -3674381.0522        -0.0356      0.0008      0.0458      51544       0   99999 
DSS15         -2353538.8965   -4641649.4477    3676669.9802        -0.0183      0.0064     -0.0029      51544       0   48800 
DSS15         -2353538.8962   -4641649.4594    3676669.9698        -0.0183      0.0064     -0.0029      51544   48800   99999 
SYOWA          1766194.1269    1460410.9143   -5932273.3056         0.0074      0.0005     -0.0020      51544       0   99999 
DSS65          4849336.6736    -360488.7376    4114748.8911        -0.0064      0.0188      0.0161      51544       0   50553 
DSS65          4849336.6690    -360488.7341    4114748.8753        -0.0064      0.0188      0.0161      51544   50553   99999 
GGAO7108       1130794.7109   -4831233.7878    3994217.0256        -0.0155      0.0018     -0.0016      51544       0   52640 
GGAO7108       1130794.4892   -4831232.8857    3994216.2473        -0.0155      0.0018     -0.0016      51544   52640   99999 
TIGOCONC       1492054.0597   -4887960.9983   -3803541.4045         0.0364     -0.0016      0.0164      51544       0   55253 
TIGOCONC       1492052.6674   -4887961.1004   -3803541.7720        -0.1293     -0.0388      0.0027      51544   55253   55604 
KASHIM34      -3997649.2350    3276690.7758    3724278.8164        -0.0013      0.0060     -0.0062      51544       0   55631 
CTVASTJ        2612545.6432   -3426878.7582    4686756.1128        -0.0174     -0.0031      0.0095      51544       0   99999 
SVETLOE        2730173.9124    1562442.6267    5529969.0468        -0.0185      0.0121      0.0076      51544       0   99999 
PARKES        -4554232.0321    2816758.8876   -3454035.6452        -0.0335     -0.0009      0.0497      51544       0   99999 
ZELENCHK       3451207.8131    3060375.2249    4391914.9284        -0.0216      0.0142      0.0100      51544       0   54282 
ZELENCHK       3451207.8220    3060375.2292    4391914.9283        -0.0216      0.0142      0.0100      51544   54282   99999 
BADARY         -838200.7121    3865751.5778    4987670.9223        -0.0271     -0.0012     -0.0009      51544       0   99999 
RICHMOND        961258.0220   -5674090.0389    2740533.8048        -0.0098      0.0006      0.0012      51544       0   99999 
HRAS 085      -1324211.0431   -5332023.1535    3232118.3301        -0.0133     -0.0009     -0.0062      51544       0   99999 
OVRO 130      -2409600.8699   -4478349.4250    3838603.1753        -0.0158      0.0111     -0.0044      51544       0   99999 
HAYSTACK       1492404.6785   -4457266.4990    4296881.7740        -0.0160      0.0011      0.0028      51544       0   99999 
MOJAVE12      -2356171.0974   -4646755.8219    3668470.5813        -0.0149      0.0069     -0.0035      51544       0   48800 
MOJAVE12      -2356171.1200   -4646755.8307    3668470.5773        -0.0149      0.0069     -0.0035      51544   48800   99999 
KASHIMA       -3997892.2798    3276581.2987    3724118.2190        -0.0014      0.0057     -0.0075      51544       0   55631 
KAUAI         -5543846.0862   -2054563.4470    2387814.2166        -0.0090      0.0644      0.0332      51544       0   99999 
KWAJAL26      -6143536.2505    1363997.9724    1034707.7792         0.0211      0.0685      0.0299      51544       0   99999 
VNDNBERG      -2678095.0393   -4525450.4874    3597410.4119        -0.0304      0.0297      0.0218      51544       0   99999 
HATCREEK      -2523970.0785   -4123506.2595    4147752.4939        -0.0173      0.0097     -0.0093      51544       0   99999 
NRAO85 3        882325.5281   -4925137.9887    3943397.6795        -0.0143     -0.0006      0.0017      51544       0   48226 
NRAO85 3        882325.5181   -4925137.9937    3943397.6855        -0.0143     -0.0006      0.0017      51544   48226   99999 
SANTIA12       1769693.1847   -5044504.5611   -3468434.9275         0.0231     -0.0056      0.0108      51544       0   99999 
MIAMI20         961255.2991   -5674092.5913    2740533.8023        -0.0098      0.0006      0.0012      51544       0   99999 
