AIRA       31.82  130.60  322.39   -0.34    0.41   -0.76   -0.45    0.13   -0.11    0.05    0.03    0.25    0.29   -0.06    0.19 
ALGOPARK   45.96  281.93  224.00    0.40    0.08   -0.06   -0.56   -0.23    0.05   -0.04    0.13   -0.09   -0.36   -0.21   -0.01 
AUSTINTX   30.34  262.30  189.63    0.72    0.29    0.62   -0.77   -0.16   -0.02   -0.10    0.07    0.04   -0.32   -0.18   -0.16 
AZORES     37.74  334.34   58.57    0.16   -0.12   -0.70    0.14   -0.08    0.18    0.06   -0.00   -0.38   -0.21    0.04    0.21 
BERMUDA    32.36  295.33  -30.69    0.41    0.04   -0.39   -0.84   -0.14    0.06   -0.00    0.10   -0.16   -0.35   -0.22    0.09 
BLKBUTTE   33.66  244.28  489.40    0.42    0.45    0.85   -0.24   -0.16   -0.05   -0.14    0.03    0.12   -0.31   -0.07   -0.23 
BLOOMIND   39.18  273.50  217.94    0.56    0.18    0.19   -0.71   -0.19    0.02   -0.07    0.12   -0.03   -0.34   -0.21   -0.07 
BR-VLBA    48.13  240.32  250.50    0.23    0.33    0.43   -0.07   -0.23   -0.10   -0.17    0.02    0.16   -0.31   -0.04   -0.21 
BREST      48.41  355.50  104.48    0.07   -0.14   -0.36    0.41   -0.00    0.27    0.04   -0.08   -0.41   -0.05    0.12    0.10 
CARNUSTY   56.48  357.22   57.86    0.05   -0.05   -0.26    0.29    0.00    0.32    0.04   -0.08   -0.42   -0.05    0.10    0.08 
CARROLGA   33.57  274.89  299.52    0.64    0.18    0.22   -0.87   -0.17    0.01   -0.07    0.11   -0.03   -0.33   -0.22   -0.06 
CHICHI10   27.07  142.20  107.52   -0.24    0.43   -0.90   -0.08    0.09   -0.10    0.05   -0.01    0.29    0.23   -0.01    0.21 
CHLBOLTN   51.15  358.56  146.79    0.05   -0.15   -0.29    0.39    0.01    0.29    0.03   -0.08   -0.41   -0.03    0.12    0.08 
CRIMEA     44.40   33.98   50.19   -0.11   -0.34    0.29    0.48    0.15    0.21   -0.08   -0.05   -0.30    0.22    0.10   -0.11 
CTVASBAY   45.40  284.08   47.94    0.41    0.08   -0.10   -0.57   -0.23    0.06   -0.03    0.13   -0.10   -0.36   -0.21    0.00 
CTVASTJ    47.60  307.32  155.06    0.20   -0.00   -0.45   -0.32   -0.21    0.15    0.05    0.09   -0.24   -0.35   -0.15    0.14 
DEADMANL   34.25  243.72  833.91    0.40    0.44    0.83   -0.22   -0.16   -0.05   -0.14    0.03    0.12   -0.31   -0.07   -0.23 
DSS15      35.42  243.11  973.22    0.38    0.42    0.80   -0.19   -0.16   -0.05   -0.14    0.03    0.13   -0.31   -0.06   -0.23 
DSS45     -35.40  148.98  674.36   -0.29    0.42   -0.83    0.19   -0.05    0.11   -0.09    0.02    0.29    0.18    0.08    0.19 
DSS65      40.43  355.75  833.84    0.06   -0.32   -0.48    0.55   -0.00    0.21    0.03   -0.07   -0.40   -0.05    0.14    0.11 
EFLSBERG   50.52    6.88  416.67    0.01   -0.20   -0.19    0.45    0.05    0.29    0.00   -0.09   -0.40    0.03    0.13    0.04 
ELY        39.29  245.16 1886.22    0.37    0.38    0.66   -0.22   -0.18   -0.06   -0.15    0.04    0.13   -0.31   -0.07   -0.22 
FD-VLBA    30.64  256.06 1606.43    0.68    0.37    0.77   -0.61   -0.15   -0.03   -0.12    0.06    0.06   -0.31   -0.15   -0.19 
FLAGSTAF   35.21  248.37 2144.68    0.47    0.41    0.76   -0.34   -0.16   -0.04   -0.14    0.04    0.10   -0.30   -0.10   -0.22 
FORTLEZA   -3.88  321.57   23.08    0.56   -0.66   -1.28   -0.27    0.06   -0.05   -0.04    0.01   -0.25   -0.31   -0.10    0.22 
FORTORDS   36.59  238.23  249.95    0.27    0.39    0.78   -0.05   -0.17   -0.07   -0.15    0.01    0.16   -0.30   -0.02   -0.24 
FORT_ORD   36.67  238.23   23.82    0.27    0.39    0.77   -0.05   -0.17   -0.07   -0.15    0.01    0.16   -0.30   -0.02   -0.24 
FTD_7900   30.64  256.05 1583.35    0.68    0.37    0.77   -0.61   -0.15   -0.03   -0.12    0.06    0.06   -0.31   -0.15   -0.19 
GBT-VLBA   38.43  280.16  823.65    0.53    0.11    0.03   -0.76   -0.19    0.03   -0.05    0.12   -0.07   -0.34   -0.23   -0.02 
GGAO7103   39.02  283.17   12.45    0.51    0.08   -0.05   -0.75   -0.19    0.04   -0.04    0.12   -0.08   -0.35   -0.22    0.00 
GGAO7108   39.02  283.17   13.73    0.51    0.08   -0.05   -0.75   -0.19    0.04   -0.04    0.12   -0.08   -0.35   -0.22    0.00 
GIFU11     35.47  136.74   60.26   -0.27    0.39   -0.72   -0.24    0.12   -0.14    0.06    0.01    0.27    0.27   -0.02    0.20 
GIFU3      35.46  136.74   53.78   -0.27    0.39   -0.72   -0.24    0.12   -0.14    0.06    0.01    0.27    0.27   -0.02    0.20 
GILCRE02   64.98  212.50  332.08    0.06    0.20   -0.00    0.14   -0.20   -0.28   -0.13   -0.08    0.32   -0.20    0.09   -0.12 
GILCREEK   64.98  212.50  332.07    0.06    0.20   -0.00    0.14   -0.20   -0.28   -0.13   -0.08    0.32   -0.20    0.09   -0.12 
GOLDVENU   35.25  243.21 1062.93    0.38    0.43    0.80   -0.19   -0.16   -0.05   -0.14    0.03    0.13   -0.31   -0.06   -0.23 
GORF7102   39.02  283.17   17.95    0.51    0.08   -0.05   -0.75   -0.19    0.04   -0.04    0.12   -0.08   -0.35   -0.22    0.00 
GRASSE     43.75    6.92 1318.64    0.02   -0.30   -0.23    0.59    0.05    0.24   -0.01   -0.09   -0.40    0.03    0.15    0.04 
HALEAKAL   20.71  203.74 3067.82    0.36    0.37    0.59    1.10   -0.00   -0.06   -0.06   -0.06    0.34   -0.15    0.21   -0.13 
HARTRAO   -25.89   27.69 1415.71   -0.40   -0.74    0.57    0.85   -0.03   -0.10    0.01    0.06   -0.33    0.15    0.14   -0.08 
HATCREEK   40.82  238.53 1009.28    0.28    0.35    0.65   -0.05   -0.19   -0.08   -0.16    0.01    0.16   -0.31   -0.03   -0.23 
HAYSTACK   42.62  288.51  116.69    0.41    0.05   -0.18   -0.63   -0.21    0.07   -0.01    0.13   -0.12   -0.36   -0.21    0.04 
HN-VLBA    42.93  288.01  295.56    0.41    0.05   -0.17   -0.63   -0.21    0.07   -0.02    0.13   -0.11   -0.36   -0.21    0.03 
HOBART26  -42.80  147.44   65.11   -0.17    0.25   -0.60    0.09   -0.09    0.16   -0.10    0.02    0.31    0.17    0.08    0.19 
HOFN       64.27  344.80   78.27    0.05    0.05   -0.25    0.12   -0.07    0.35    0.07   -0.03   -0.41   -0.14    0.04    0.11 
HOHENFRG   53.05   10.48  149.81    0.00   -0.16   -0.13    0.41    0.07    0.30   -0.01   -0.09   -0.39    0.05    0.13    0.02 
HOHNBERG   47.80   11.02 1005.73   -0.00   -0.25   -0.13    0.52    0.07    0.27   -0.02   -0.09   -0.39    0.06    0.14    0.01 
HRAS_085   30.64  256.05 1595.09    0.68    0.37    0.77   -0.61   -0.15   -0.03   -0.12    0.06    0.06   -0.31   -0.15   -0.19 
JPL_MV1    34.21  241.83  424.08    0.35    0.42    0.84   -0.16   -0.16   -0.06   -0.14    0.02    0.13   -0.31   -0.05   -0.24 
KAINAN     34.16  135.23   60.44   -0.30    0.40   -0.75   -0.29    0.12   -0.13    0.06    0.02    0.27    0.28   -0.04    0.19 
KANOZAN    35.26  139.95  373.26   -0.25    0.38   -0.73   -0.14    0.11   -0.14    0.07    0.00    0.29    0.25   -0.01    0.20 
KARLBURG   53.98   13.61   77.10   -0.01   -0.16   -0.09    0.39    0.09    0.30   -0.02   -0.09   -0.38    0.08    0.13    0.00 
KASHIM11   35.96  140.66   62.45   -0.23    0.37   -0.71   -0.11    0.11   -0.15    0.07    0.00    0.29    0.25   -0.00    0.20 
KASHIM34   35.96  140.66   78.41   -0.23    0.37   -0.71   -0.11    0.11   -0.15    0.07    0.00    0.29    0.25   -0.00    0.20 
KASHIMA    35.95  140.66   80.10   -0.23    0.37   -0.71   -0.11    0.11   -0.15    0.07    0.00    0.29    0.25   -0.00    0.20 
KAUAI      22.13  200.33 1168.32    0.31    0.37    0.44    1.12   -0.00   -0.07   -0.05   -0.06    0.34   -0.13    0.22   -0.10 
KIRSBERG   51.21   14.29  261.23   -0.02   -0.22   -0.08    0.45    0.09    0.29   -0.02   -0.09   -0.38    0.08    0.13   -0.00 
KODIAK     57.74  207.50   31.26    0.09    0.17    0.03    0.24   -0.16   -0.26   -0.12   -0.11    0.34   -0.17    0.13   -0.12 
KOGANEI    35.71  139.49  125.38   -0.25    0.38   -0.72   -0.16    0.12   -0.15    0.07    0.01    0.28    0.26   -0.01    0.20 
KOGANEI3   35.71  139.49  114.46   -0.25    0.38   -0.72   -0.16    0.12   -0.15    0.07    0.01    0.28    0.26   -0.01    0.20 
KOKEE      22.13  200.33 1176.60    0.31    0.37    0.44    1.12   -0.00   -0.07   -0.05   -0.06    0.34   -0.13    0.22   -0.10 
KP-VLBA    31.96  248.39 1901.99    0.52    0.44    0.86   -0.38   -0.15   -0.05   -0.13    0.04    0.10   -0.30   -0.10   -0.22 
KWAJAL26    9.40  167.48   57.40    0.02    0.55   -0.93    1.02    0.03   -0.03    0.00   -0.02    0.34    0.05    0.19    0.15 
LA-VLBA    35.78  253.75 1962.44    0.53    0.34    0.67   -0.47   -0.16   -0.03   -0.13    0.07    0.06   -0.31   -0.13   -0.19 
LEONRDOK   35.91  264.20  226.27    0.64    0.28    0.47   -0.68   -0.17   -0.01   -0.10    0.09    0.02   -0.33   -0.19   -0.14 
MAMMOTHL   37.64  241.05 2310.39    0.33    0.38    0.73   -0.12   -0.18   -0.07   -0.15    0.02    0.15   -0.31   -0.05   -0.23 
MARCUS     24.29  153.98   41.76   -0.15    0.45   -0.99    0.34    0.06   -0.10    0.03   -0.03    0.32    0.15    0.11    0.20 
MARPOINT   38.37  282.77  -13.47    0.52    0.08   -0.04   -0.77   -0.19    0.04   -0.04    0.12   -0.08   -0.35   -0.23   -0.00 
MATERA     40.65   16.70  543.36   -0.03   -0.41   -0.04    0.70    0.08    0.22   -0.04   -0.08   -0.37    0.10    0.15   -0.03 
MCD_7850   30.68  255.98 2004.22    0.68    0.37    0.77   -0.61   -0.15   -0.03   -0.12    0.06    0.06   -0.31   -0.15   -0.19 
MEDICINA   44.52   11.65   67.18    0.00   -0.32   -0.14    0.60    0.07    0.25   -0.02   -0.09   -0.38    0.06    0.15    0.01 
METSAHOV   60.22   24.39   75.76   -0.04   -0.09   -0.01    0.27    0.16    0.32   -0.04   -0.08   -0.35    0.15    0.10   -0.04 
METSHOVI   60.24   24.38   59.63   -0.04   -0.09   -0.01    0.27    0.16    0.32   -0.04   -0.08   -0.35    0.15    0.10   -0.04 
MIAMI20    25.61  279.62  -11.78    0.60    0.11    0.12   -1.11   -0.12   -0.00   -0.06    0.09   -0.07   -0.34   -0.24   -0.03 
MILESMON   46.40  254.14  703.50    0.36    0.27    0.39   -0.31   -0.24   -0.05   -0.14    0.08    0.08   -0.33   -0.12   -0.18 
MIURA      35.21  139.65  105.16   -0.25    0.38   -0.74   -0.15    0.11   -0.14    0.07    0.00    0.29    0.25   -0.01    0.20 
MIURA_00   35.21  139.65  105.15   -0.25    0.38   -0.74   -0.15    0.11   -0.14    0.07    0.00    0.29    0.25   -0.01    0.20 
MIYAZAKI   32.09  131.48  107.13   -0.34    0.41   -0.76   -0.42    0.13   -0.12    0.05    0.03    0.25    0.29   -0.06    0.19 
MIZNAO10   39.13  141.13  110.96   -0.21    0.35   -0.64   -0.10    0.12   -0.16    0.08    0.00    0.29    0.25    0.00    0.19 
MIZUSGSI   39.11  141.20  173.16   -0.21    0.35   -0.64   -0.10    0.12   -0.16    0.08    0.00    0.29    0.25    0.00    0.19 
MK-VLBA    19.80  204.54 3763.05    0.37    0.37    0.63    1.10   -0.00   -0.05   -0.06   -0.06    0.34   -0.15    0.21   -0.13 
MOJAVE12   35.33  243.11  910.22    0.38    0.42    0.80   -0.19   -0.16   -0.05   -0.14    0.03    0.13   -0.31   -0.06   -0.23 
MOJ_7288   35.33  243.11  896.17    0.38    0.42    0.80   -0.19   -0.16   -0.05   -0.14    0.03    0.13   -0.31   -0.06   -0.23 
MON_PEAK   32.89  243.58 1838.75    0.40    0.45    0.87   -0.23   -0.15   -0.06   -0.14    0.03    0.12   -0.31   -0.07   -0.23 
MV2ONSLA   57.40   11.93   43.37    0.00   -0.10   -0.11    0.32    0.09    0.33   -0.01   -0.09   -0.39    0.07    0.12    0.01 
NL-VLBA    41.77  268.43  222.27    0.50    0.21    0.26   -0.60   -0.20    0.00   -0.10    0.11   -0.00   -0.34   -0.20   -0.11 
NOBEY_6M   35.94  138.47 1389.57   -0.26    0.38   -0.72   -0.19    0.12   -0.14    0.07    0.01    0.28    0.26   -0.02    0.20 
NOME       64.56  194.63  331.66    0.02    0.17   -0.09    0.16   -0.11   -0.32   -0.07   -0.12    0.38   -0.10    0.14   -0.05 
NOTO       36.88   14.99  143.23   -0.03   -0.46   -0.06    0.78    0.06    0.19   -0.03   -0.07   -0.37    0.08    0.16   -0.02 
NRAO20     38.44  280.17  806.61    0.53    0.11    0.03   -0.76   -0.19    0.03   -0.05    0.12   -0.07   -0.34   -0.23   -0.02 
NRAO85_1   38.44  280.17  807.68    0.53    0.11    0.03   -0.76   -0.19    0.03   -0.05    0.12   -0.07   -0.34   -0.23   -0.02 
NRAO85_3   38.43  280.16  785.85    0.53    0.11    0.03   -0.76   -0.19    0.03   -0.05    0.12   -0.07   -0.34   -0.23   -0.02 
NRAO_140   38.44  280.16  812.52    0.53    0.11    0.03   -0.76   -0.19    0.03   -0.05    0.12   -0.07   -0.34   -0.23   -0.02 
NYALES20   78.93   11.87   87.28    0.04    0.09   -0.10    0.05    0.11    0.41    0.02   -0.03   -0.40    0.06    0.03    0.02 
OCOTILLO   32.79  244.20  -36.74    0.42    0.45    0.87   -0.25   -0.15   -0.06   -0.14    0.03    0.12   -0.31   -0.07   -0.23 
OHIGGINS  -63.32  302.10   39.92    0.06   -0.01   -0.13   -0.17    0.28   -0.17   -0.04   -0.11   -0.22   -0.32   -0.14    0.05 
ONSALA60   57.40   11.93   59.27    0.00   -0.10   -0.11    0.32    0.09    0.33   -0.01   -0.09   -0.39    0.07    0.12    0.01 
ONSALA85   57.39   11.92   58.42    0.00   -0.10   -0.11    0.32    0.09    0.33   -0.01   -0.09   -0.39    0.07    0.12    0.01 
OV-VLBA    37.23  241.72 1196.32    0.35    0.39    0.74   -0.14   -0.17   -0.06   -0.15    0.02    0.14   -0.31   -0.05   -0.23 
OVRO_130   37.23  241.72 1200.88    0.35    0.39    0.74   -0.14   -0.17   -0.06   -0.15    0.02    0.14   -0.31   -0.05   -0.23 
OVR_7853   37.23  241.71 1178.16    0.35    0.39    0.74   -0.14   -0.17   -0.06   -0.15    0.02    0.14   -0.31   -0.05   -0.23 
PARKES    -33.00  148.26  414.82   -0.36    0.50   -0.90    0.19   -0.05    0.10   -0.09    0.01    0.28    0.19    0.08    0.20 
PBLOSSOM   34.51  242.08  890.86    0.36    0.42    0.83   -0.17   -0.16   -0.06   -0.14    0.02    0.13   -0.31   -0.05   -0.24 
PENTICTN   49.32  240.38  529.63    0.22    0.31    0.39   -0.06   -0.24   -0.10   -0.17    0.02    0.16   -0.31   -0.04   -0.21 
PIETOWN    34.30  251.88 2364.67    0.54    0.38    0.74   -0.44   -0.16   -0.03   -0.13    0.05    0.08   -0.31   -0.12   -0.21 
PINFLATS   33.61  243.54 1235.55    0.40    0.45    0.85   -0.22   -0.16   -0.06   -0.14    0.03    0.12   -0.31   -0.07   -0.23 
PLATTVIL   40.18  255.27 1501.38    0.44    0.27    0.53   -0.43   -0.19   -0.03   -0.13    0.08    0.06   -0.32   -0.14   -0.18 
PRESIDIO   37.81  237.54  -29.44    0.26    0.38    0.74   -0.04   -0.17   -0.07   -0.15    0.01    0.16   -0.30   -0.02   -0.23 
PT_REYES   38.10  237.06   -2.39    0.25    0.38    0.73   -0.02   -0.17   -0.08   -0.15    0.00    0.17   -0.30   -0.02   -0.24 
PVERDES    33.74  241.60   69.34    0.34    0.42    0.86   -0.16   -0.16   -0.06   -0.14    0.02    0.13   -0.31   -0.05   -0.24 
QUINCY     39.97  239.06 1105.76    0.29    0.36    0.67   -0.07   -0.18   -0.08   -0.16    0.01    0.16   -0.30   -0.03   -0.23 
RICHMOND   25.61  279.62  -13.62    0.60    0.11    0.12   -1.11   -0.12   -0.00   -0.06    0.09   -0.07   -0.34   -0.24   -0.03 
ROBLED32   40.43  355.75  840.56    0.06   -0.32   -0.48    0.55   -0.00    0.21    0.03   -0.07   -0.40   -0.05    0.14    0.11 
SAGARA     34.68  138.18  151.42   -0.27    0.39   -0.75   -0.20    0.12   -0.14    0.06    0.01    0.28    0.26   -0.02    0.20 
SANPAULA   34.39  241.00  184.88    0.33    0.42    0.84   -0.14   -0.16   -0.06   -0.14    0.02    0.14   -0.31   -0.05   -0.24 
SANTIA12  -33.15  289.33  730.28    0.45   -0.13   -0.19   -0.90    0.16   -0.03   -0.02   -0.10   -0.18   -0.29   -0.23    0.02 
SC-VLBA    17.76  295.42  -15.00    0.64   -0.09   -0.52   -1.17   -0.03    0.00   -0.02    0.06   -0.16   -0.35   -0.23    0.09 
SEATTLE1   47.69  237.75  -16.43    0.21    0.31    0.44   -0.03   -0.23   -0.10   -0.17    0.01    0.17   -0.31   -0.02   -0.21 
SESHAN25   31.10  121.20   29.44   -0.45    0.38   -0.59   -0.70    0.13   -0.09    0.03    0.05    0.20    0.34   -0.11    0.15 
SEST      -29.26  289.27 2415.76    0.51   -0.15   -0.22   -1.00    0.14   -0.02   -0.02   -0.09   -0.17   -0.29   -0.23    0.02 
SINTOTU    43.53  141.84  118.53   -0.18    0.33   -0.55   -0.07    0.13   -0.19    0.08   -0.01    0.30    0.25    0.01    0.19 
SINTOTU3   43.53  141.84  118.80   -0.18    0.33   -0.55   -0.07    0.13   -0.19    0.08   -0.01    0.30    0.25    0.01    0.19 
SNDPOINT   55.35  199.52   92.74    0.08    0.17   -0.01    0.29   -0.12   -0.26   -0.09   -0.13    0.36   -0.13    0.17   -0.08 
SOURDOGH   62.66  214.52  747.96    0.09    0.19    0.03    0.15   -0.21   -0.26   -0.14   -0.08    0.31   -0.22    0.09   -0.13 
SUWON      37.28  127.05   81.46   -0.37    0.38   -0.58   -0.46    0.15   -0.12    0.05    0.04    0.23    0.31   -0.08    0.17 
SVETLOE    60.53   29.78   86.01   -0.06   -0.10    0.03    0.24    0.19    0.31   -0.06   -0.07   -0.33    0.19    0.08   -0.06 
SYOWA     -69.01   39.59   50.93   -0.03    0.01   -0.00    0.02   -0.24   -0.30    0.02    0.03   -0.29    0.27    0.03   -0.05 
TATEYA00   34.94  139.85  126.15   -0.25    0.38   -0.74   -0.15    0.11   -0.14    0.07    0.00    0.29    0.25   -0.01    0.20 
TATEYAMA   34.94  139.85  126.17   -0.25    0.38   -0.74   -0.15    0.11   -0.14    0.07    0.00    0.29    0.25   -0.01    0.20 
TIDBIN64  -35.40  148.98  688.87   -0.29    0.42   -0.83    0.20   -0.05    0.11   -0.09    0.02    0.29    0.18    0.08    0.19 
TIGOCONC  -36.84  286.97  170.93    0.33   -0.08   -0.11   -0.81    0.19   -0.04   -0.01   -0.11   -0.16   -0.31   -0.22   -0.00 
TIGOWTZL   49.14   12.88  658.89   -0.02   -0.25   -0.10    0.50    0.08    0.28   -0.02   -0.09   -0.38    0.07    0.14    0.00 
TITIJIMA   27.10  142.19   98.99   -0.24    0.43   -0.90   -0.08    0.09   -0.10    0.05   -0.01    0.29    0.23   -0.01    0.21 
TOMAKO11   42.67  141.60   89.86   -0.19    0.34   -0.57   -0.08    0.13   -0.18    0.08    0.00    0.30    0.25    0.01    0.19 
TOULOUSE   43.56    1.48  192.15    0.04   -0.29   -0.33    0.56    0.02    0.25    0.01   -0.08   -0.40   -0.01    0.14    0.07 
TROMSONO   69.66   18.94  132.92    0.03    0.04   -0.10    0.13    0.14    0.37   -0.01   -0.06   -0.38    0.11    0.07   -0.00 
TRYSILNO   61.42   12.38  723.98    0.01   -0.06   -0.12    0.26    0.09    0.35   -0.00   -0.09   -0.39    0.07    0.10    0.01 
TSUKU3     36.11  140.09   69.61   -0.24    0.38   -0.71   -0.14    0.11   -0.15    0.07    0.01    0.29    0.25   -0.01    0.20 
TSUKUB32   36.10  140.09   84.71   -0.24    0.38   -0.71   -0.14    0.11   -0.15    0.07    0.01    0.29    0.25   -0.01    0.20 
TSUKUBA    36.11  140.09   69.17   -0.24    0.38   -0.71   -0.14    0.11   -0.15    0.07    0.01    0.29    0.25   -0.01    0.20 
URUMQI     43.47   87.18 2033.20   -0.36   -0.11    0.28   -0.48    0.22   -0.00   -0.05    0.09    0.03    0.39   -0.13   -0.05 
USUDA64    36.13  138.36 1532.84   -0.26    0.38   -0.71   -0.19    0.12   -0.14    0.07    0.01    0.28    0.26   -0.02    0.20 
VERAMZSW   39.13  141.13  116.55   -0.21    0.35   -0.64   -0.10    0.12   -0.16    0.08    0.00    0.29    0.25    0.00    0.19 
VERNAL     40.33  250.43 1590.54    0.39    0.32    0.59   -0.33   -0.19   -0.04   -0.14    0.06    0.10   -0.31   -0.11   -0.20 
VICTORIA   48.39  236.51   25.23    0.19    0.30    0.42   -0.00   -0.23   -0.11   -0.17    0.01    0.18   -0.31   -0.02   -0.21 
VLA-N8     34.08  252.38 2114.48    0.56    0.38    0.74   -0.46   -0.16   -0.03   -0.13    0.05    0.08   -0.31   -0.12   -0.21 
VNDNBERG   34.56  239.38  -12.27    0.30    0.40    0.84   -0.09   -0.16   -0.07   -0.14    0.01    0.16   -0.30   -0.03   -0.24 
WESTFORD   42.61  288.51   86.77    0.41    0.05   -0.18   -0.63   -0.21    0.07   -0.01    0.13   -0.12   -0.36   -0.21    0.04 
WETTZELL   49.15   12.88  669.12   -0.02   -0.25   -0.10    0.50    0.08    0.28   -0.02   -0.09   -0.38    0.07    0.14    0.00 
WHTHORSE   60.71  224.92  709.34    0.10    0.22    0.10    0.11   -0.25   -0.21   -0.16   -0.04    0.26   -0.27    0.04   -0.16 
YAKATAGA   60.08  217.51   21.22    0.10    0.17    0.07    0.16   -0.22   -0.24   -0.15   -0.07    0.30   -0.24    0.08   -0.15 
YEBES      40.52  356.91  979.86    0.05   -0.33   -0.46    0.57    0.00    0.21    0.03   -0.07   -0.40   -0.04    0.14    0.10 
YELLOWKN   62.48  245.53  176.81    0.14    0.20    0.10   -0.04   -0.31   -0.12   -0.16    0.05    0.14   -0.33   -0.06   -0.15 
YLOW7296   62.48  245.52  178.79    0.14    0.20    0.10   -0.04   -0.31   -0.12   -0.16    0.05    0.14   -0.33   -0.06   -0.15 
YUMA       32.94  245.80  238.61    0.47    0.46    0.85   -0.29   -0.15   -0.05   -0.13    0.03    0.11   -0.30   -0.08   -0.23 
ZELENCHK   43.79   41.57 1175.22   -0.18   -0.34    0.41    0.38    0.18    0.19   -0.10   -0.03   -0.26    0.27    0.06   -0.13 
