%station          x [m]              y [m]             z [m]            vx [m/y]    vy [m/y]    vz [m/y]      epoch   start  end
DSS13           -2351112.8272     -4655530.5457      3660912.6385      -0.0135       0.0086      -0.0080     57023      0  55182    1  vienna global 2022 
DSS13           -2351112.8442     -4655530.5837      3660912.6569      -0.0144       0.0073      -0.0091     57023  55182  58164    1  vienna global 2022 
DSS13           -2351112.8484     -4655530.5494      3660912.6716      -0.0144       0.0073      -0.0091     57023  58164  99999    1  vienna global 2022 
GOLDMARS        -2353621.5252     -4641341.5699      3677052.0858      -0.0139      -0.0006      -0.0097     57023      0  99999    0  vienna reduced 2022  
DSS15           -2353539.1353     -4641649.3802      3676669.8735      -0.0167       0.0054      -0.0054     57023      0  47735    1  vienna global 2022 
DSS15           -2353539.1412     -4641649.3813      3676669.8825      -0.0167       0.0054      -0.0054     57023  47735  51415    1  vienna global 2022 
DSS15           -2353539.1329     -4641649.3881      3676669.9031      -0.0155       0.0048      -0.0049     57023  51415  99999    1  vienna global 2022 
DSS26           -2354890.9026     -4647166.3153      3668871.7243      -0.0165       0.0053      -0.0048     57023      0  99999    0  vienna reduced 2022  
DSS34           -4461147.6282      2682439.4555     -3674392.7371      -0.0362       0.0000       0.0455     57023      0  99999    0  vienna reduced 2022  
DSS36           -4461168.8895      2682814.7031     -3674083.2974      -0.0361       0.0004       0.0457     57023      0  99999    0  vienna reduced 2022  
DSS43                  0.0000            0.0000            0.0000       0.0000       0.0000       0.0000         0      0      0    0  no coord. available yet    
DSS45           -4460936.0521      2682765.7072     -3674380.3670      -0.0360      -0.0000       0.0452     57023      0  99999    1  vienna global 2022 
DSS56            4849421.5835      -360549.4661      4114647.1009      -0.0081       0.0193       0.0139     57023      0  99999    0  vienna reduced 2022  
ROBLED32         4849245.2907      -360277.8761      4114885.0279      -0.0076       0.0192       0.0143     57023      0  99999    1  vienna global 2022 
DSS65            4849336.5284      -360488.4429      4114749.0657      -0.0082       0.0193       0.0137     57023      0  50424    1  vienna global 2022 
DSS65            4849336.5432      -360488.4430      4114749.0725      -0.0082       0.0193       0.0137     57023  50424  99999    1  vienna global 2022 
DSS65A           4849339.5440      -360427.4584      4114750.8695      -0.0082       0.0193       0.0137     57023      0  99999    1  vienna global 2022 
AGGO             2765116.6709     -4449233.7540     -3626420.5863       0.0033      -0.0073       0.0061     57023      0  99999    1  vienna global 2022 
AIRA            -3530219.7728      4118797.4210      3344015.5687      -0.0231      -0.0097      -0.0169     57023      0  55595    1  vienna global 2022 
AIRA            -3530219.7902      4118797.4112      3344015.5910      -0.0249      -0.0107      -0.0129     57023  55595  99999    1  vienna global 2022 
ALGOPARK          918034.4584     -4346132.3351      4561971.2354      -0.0159      -0.0037       0.0039     57023      0  99999    1  vienna global 2022 
ARECIBO          2390486.9000      5564731.4400      1994720.4500       0.0000       0.0000       0.0000         0      0      0    0  http://pathdelay.net/spd/conf/spd.inp    
ATCA                   0.0000            0.0000            0.0000       0.0000       0.0000       0.0000         0      0      0    0  no coord. available yet    
AUSTINTX         -737793.7360     -5459892.2697      3202990.5045       0.0000      -0.0000      -0.0000     57023      0  99999    0  vienna reduced 2022  
AZORES           4552174.4974     -2186664.3993      3882779.9917      -0.0051       0.0160       0.0116     57023      0  99999    0  vienna reduced 2022  
BADARY           -838201.1220      3865751.5706      4987670.8876      -0.0270       0.0000      -0.0038     57023      0  99999    1  vienna global 2022 
BLKBUTTE        -2306307.3949     -4787914.3390      3515736.1979      -0.0190       0.0034      -0.0083     57023      0  99999    0  vienna reduced 2022  
BERMUDA          2307209.5271     -4874215.8483      3394317.8783      -0.0009      -0.0006      -0.0003     57023      0  99999    0  vienna reduced 2022  
BLOOMIND          302384.1072     -4941699.0386      4007908.4750      -0.0148       0.0013      -0.0001     57023      0  99999    0  vienna reduced 2022  
BR-VLBA         -2112065.2360     -3705356.5105      4726813.6607      -0.0145       0.0003      -0.0076     57023      0  99999    1  vienna global 2022 
BREST            4228877.0967      -333104.3593      4747180.9234      -0.0016      -0.0021       0.0015     57023      0  99999    0  vienna reduced 2022  
BADRT13V         -838326.3340      3865797.2280      4987598.3280       0.0000       0.0000       0.0000         0      0      0    0  http://pathdelay.net/spd/conf/spd.inp    
CAMBRIDG               0.0000            0.0000            0.0000       0.0000       0.0000       0.0000         0      0      0    0  no coord. available yet  
CAMBRIDG               0.0000            0.0000            0.0000       0.0000       0.0000       0.0000         0      0      0    0  no coord. available yet  
CAMBRIDG               0.0000            0.0000            0.0000       0.0000       0.0000       0.0000         0      0      0    0  no coord. available yet  
CAMBRIDG               0.0000            0.0000            0.0000       0.0000       0.0000       0.0000         0      0      0    0  no coord. available yet  
CAMBRIDG               0.0000            0.0000            0.0000       0.0000       0.0000       0.0000         0      0      0    0  no coord. available yet  
CAMBRIDG               0.0000            0.0000            0.0000       0.0000       0.0000       0.0000         0      0      0    0  no coord. available yet  
CAMBRIDG               0.0000            0.0000            0.0000       0.0000       0.0000       0.0000         0      0      0    0  no coord. available yet  
CAMBRIDG               0.0000            0.0000            0.0000       0.0000       0.0000       0.0000         0      0      0    0  no coord. available yet 
CAMBRIDG               0.0000            0.0000            0.0000       0.0000       0.0000       0.0000         0      0      0    0  no coord. available yet 
CHICHI10        -4490618.0184      3483908.6040      2884899.2889       0.0281       0.0222       0.0064     57023      0  55547    1  vienna global 2022 
CHICHI10        -4490618.0325      3483908.6197      2884899.2900       0.0281       0.0222       0.0064     57023  55547  99999    1  vienna global 2022 
CEDUNA          -3753442.7457      3912709.7530     -3348067.6095      -0.0417       0.0027       0.0499     50449      0  99999    0  ???    
CEBRER26               0.0000            0.0000            0.0000       0.0000       0.0000       0.0000         0      0      0    0  no coord. available yet    
CARROLGA          453520.6897     -5300506.7799      3507207.4506       0.0000      -0.0000      -0.0000     57023      0  99999    0  vienna reduced 2022  
CHLBOLTN         4008310.2726      -100651.0225      4943794.6465       0.0004       0.0007       0.0005     57023      0  99999    0  vienna reduced 2022  
CARNUSTY         3526416.4501      -171421.2251      5294098.7810       0.0000       0.0000       0.0000     57023      0  99999    0  vienna reduced 2022  
DAITO           -3786460.6886      4320156.0013      2762038.8682      -0.0000      -0.0002      -0.0001     55197      0  99999    0  itrf2014 
DEADMANL        -2336821.3532     -4732589.1651      3570331.4871      -0.0648      -0.0807       0.0551     57023      0  99999    0  vienna reduced 2022  
WESTBRK0               0.0000            0.0000            0.0000       0.0000       0.0000       0.0000         0      0      0    0  no coord. available yet    
EFLSBERG         4033947.2867       486990.8202      4900431.0862      -0.0139       0.0168       0.0108     57023      0  50059    1  vienna global 2022 
EFLSBERG         4033947.3038       486990.8297      4900431.1019      -0.0139       0.0168       0.0108     57023  50059  99999    1  vienna global 2022 
ELY             -2077236.6128     -4486712.4507      4018753.3087      -0.0134       0.0105      -0.0166     57023      0  99999    0  vienna reduced 2022  
FD-VLBA         -1324009.3504     -5332181.9507      3231962.3785      -0.0125       0.0005      -0.0049     57023      0  99999    1  vienna global 2022 
FLAGSTAF        -1923993.0831     -4850854.7299      3658589.2475      -0.0178      -0.0076      -0.0021     57023      0  99999    0  vienna reduced 2022  
FORT_ORD        -2697027.4090     -4354392.5272      3788078.1977      -0.0266       0.0293       0.0220     57023      0  99999    1  vienna global 2022 
RAEGFLOR               0.0000            0.0000            0.0000       0.0000       0.0000       0.0000         0      0      0    0  no coord. available yet    
FORTORDS        -2699840.9172     -4359126.3214      3781051.5697      -0.0266       0.0293       0.0220     57023      0  47659    1  vienna global 2022 
FORTORDS        -2699840.8984     -4359126.3032      3781051.6109      -0.0266       0.0293       0.0220     57023  47659  99999    1  vienna global 2022 
FORTLEZA         4985370.0009     -3955020.3973      -428472.0588      -0.0022      -0.0040       0.0124     57023      0  99999    1  vienna global 2022 
NRAO85_1          883555.2935     -4924490.9273      3943962.0228      -0.0141      -0.0021       0.0033     57023      0  99999    1  vienna global 2022 
NRAO85_3          882325.3197     -4925138.0153      3943397.7277      -0.0141      -0.0021       0.0033     57023      0  48217    1  vienna global 2022 
NRAO85_3          882325.3076     -4925138.0330      3943397.7425      -0.0141      -0.0021       0.0033     57023  48217  99999    1  vienna global 2022 
VLBA85_3          882325.3842     -4925138.0035      3943397.7112      -0.0144      -0.0011       0.0028     55197      0  48217    0  itrf2014 
VLBA85_3          882325.3746     -4925138.0062      3943397.7150      -0.0144      -0.0011       0.0028     55197  48217  99999    0  itrf2014 
NRAO_140          882879.6349     -4924482.3508      3944130.7471      -0.0141      -0.0021       0.0033     57023      0  99999    1  vienna global 2022 
GILCREEK        -2281547.6909     -1453645.1430      5756993.0160      -0.0214      -0.0032      -0.0082     57023      0  52579    1  vienna global 2022 
GILCREEK        -2281547.7239     -1453645.1898      5756993.0102      -0.0214      -0.0032      -0.0082     57023  52579  54100    1  vienna global 2022 
WIDE85_3          882325.3842     -4925138.0035      3943397.7112      -0.0144      -0.0011       0.0028     55197      0  48217    0  itrf2014 
WIDE85_3          882325.3746     -4925138.0062      3943397.7150      -0.0144      -0.0011       0.0028     55197  48217  99999    0  itrf2014 
GORF7102         1130686.2373     -4831353.0135      3994110.9635      -0.0150       0.0003       0.0022     57023      0  99999    1  vienna global 2022 
GGAO7108         1130794.4902     -4831233.7898      3994217.0748      -0.0150       0.0003       0.0022     57023      0  52494    1  vienna global 2022 
GGAO7108         1130794.4808     -4831233.7275      3994217.0247      -0.0150       0.0003       0.0022     57023  52494  52494    1  vienna global 2022 
GGAO7108         1130794.2579     -4831232.8425      3994216.2345      -0.0150       0.0003       0.0022     57023  52494  99999    1  vienna global 2022 
GIFU3           -3787518.4061      3564247.1689      3679797.0645      -0.0174       0.0031      -0.0131     55197      0  99999    0  itrf2014 
GIFU11          -3787123.6227      3564181.7468      3680274.8525      -0.0183       0.0041      -0.0129     57023      0  99999    0  vienna reduced 2022  
NRAO20            883772.4947     -4924385.6306      3944042.5515      -0.0141      -0.0021       0.0033     57023      0  99999    1  vienna global 2022 
GRASSE           4581697.4023       556126.1029      4389351.6665      -0.0139       0.0191       0.0110     57023      0  99999    0  vienna reduced 2022  
GGAO12M          1130729.9538     -4831245.9573      3994228.2785      -0.0150       0.0003       0.0022     57023      0  99999    1  vienna global 2022 
GBT-VLBA               0.0000            0.0000            0.0000       0.0000       0.0000       0.0000         0      0      0    0  no coord. available yet    
GOLDVENU        -2351129.4161     -4655476.8227      3660956.7675      -0.0134       0.0101      -0.0059     57023      0  99999    0  vienna reduced 2022  
FTD_7900        -1324228.1676     -5332062.9751      3232022.9024      -0.0106       0.0036      -0.0058     57023      0  99999    1  vienna global 2022 
HOBART12        -3949990.8571      2522421.2191     -4311707.9476      -0.0388       0.0078       0.0402     57023      0  99999    1  vienna global 2022 
HATCREEK        -2523970.3598     -4123506.2393      4147752.4893      -0.0181       0.0050      -0.0042     57023      0  99999    1  vienna global 2022 
HOFN             2679650.2321      -727916.1463      5722807.6411      -0.0027       0.0158       0.0196     57023      0  99999    0  vienna reduced 2022  
HOHENFRG         3778214.4920       698644.6695      5074053.5961      -0.0179       0.0007       0.0027     57023      0  99999    0  vienna reduced 2022  
HARTRAO          5085442.7664      2668263.8276     -2768696.7194      -0.0007       0.0191       0.0159     57023      0  99999    1  vienna global 2022 
HALEAKAL        -5466009.3122     -2404403.9053      2242216.8469      -0.4091       0.1763      -0.4398     57023      0  99999    1  vienna global 2022 
HN-VLBA          1446374.8347     -4447939.6790      4322306.1877      -0.0156      -0.0015       0.0040     57023      0  99999    1  vienna global 2022 
HOBART26        -3950237.4392      2522347.6978     -4311561.8056      -0.0388       0.0078       0.0402     57023      0  99999    1  vienna global 2022 
HOHNBERG         4213687.2875       820422.8683      4702784.2219      -0.0002      -0.0002       0.0000     57023      0  99999    0  vienna reduced 2022  
HRAS_085        -1324211.1715     -5332023.0347      3232118.2331      -0.0106       0.0036      -0.0058     57023      0  99999    1  vienna global 2022 
HAYSTACK         1492404.4964     -4457266.5688      4296881.8617      -0.0138      -0.0023       0.0048     57023      0  99999    1  vienna global 2022 
HART15M          5085490.8013      2668161.5246     -2768692.5867      -0.0007       0.0191       0.0159     57023      0  99999    1  vienna global 2022 
IRBENE                 0.0000            0.0000            0.0000       0.0000       0.0000       0.0000         0      0      0    0  no coord. available yet    
ISHIOKA         -3959636.0758      3296825.4784      3747042.6189      -0.0204      -0.0009      -0.0067     57023      0  99999    1  vienna global 2022 
ITAPETGA               0.0000            0.0000            0.0000       0.0000       0.0000       0.0000         0      0      0    0  no coord. available yet    
JPL_MV1         -2493307.2105     -4655197.8507      3565520.1450      -0.0474      -0.0082       0.0292     57023      0  99999    0  vienna reduced 2022  
JODRELL2               0.0000            0.0000            0.0000       0.0000       0.0000       0.0000         0      0      0    0  no coord. available yet  
JODRELL2               0.0000            0.0000            0.0000       0.0000       0.0000       0.0000         0      0      0    0  no coord. available yet  
JODRELL2               0.0000            0.0000            0.0000       0.0000       0.0000       0.0000         0      0      0    0  no coord. available yet  
JODRELL2               0.0000            0.0000            0.0000       0.0000       0.0000       0.0000         0      0      0    0  no coord. available yet  
JODRELL2               0.0000            0.0000            0.0000       0.0000       0.0000       0.0000         0      0      0    0  no coord. available yet 
KASHIM11        -3997505.7222      3276878.5364      3724240.5827      -0.0020       0.0070      -0.0074     57023      0  52070    1  vienna global 2022 
KASHIM11        -3997505.6757      3276878.5106      3724240.5712      -0.0020       0.0070      -0.0074     57023  52070  52070    1  vienna global 2022 
KASHIM11        -3997506.0216      3276877.8772      3724240.4988      -0.0018       0.0080       0.0007     57023  52070  99999    1  vienna global 2022 
KOKEE12M        -5543831.7137     -2054585.9397      2387828.7913      -0.0089       0.0632       0.0318     57023      0  99999    1  vienna global 2022 
KOGANEI3        -3942077.3793      3368332.1130      3701904.8318      -0.0031       0.0047      -0.0050     50559      0  99999    0  vtrf2005    
KASHIMA         -3997892.3093      3276581.4093      3724118.1079      -0.0020       0.0070      -0.0074     57023      0  99999    1  vienna global 2022 
KASHIM34        -3997649.2698      3276690.8924      3724278.7287      -0.0020       0.0070      -0.0074     57023      0  54559    1  vienna global 2022 
KASHIM34        -3997649.2709      3276690.8903      3724278.7245      -0.0020       0.0070      -0.0074     57023  54559  55546    1  vienna global 2022 
KASHIM34        -3997649.6120      3276690.2257      3724278.6468      -0.0018       0.0080       0.0007     57023  55546  99999    1  vienna global 2022 
KATH12M         -4147354.7206      4581542.3706     -1573303.1100      -0.0360      -0.0135       0.0559     57023      0  99999    1  vienna global 2022 
KOGANEI         -3941937.4865      3368150.9805      3702235.2091      -0.0012       0.0036      -0.0058     57023      0  52070    1  vienna global 2022 
KOGANEI         -3941937.5362      3368150.9557      3702235.3283      -0.0072       0.0037       0.0025     57023  52070  52070    1  vienna global 2022 
KOGANEI         -3941937.6286      3368150.7620      3702235.3397      -0.0088       0.0039       0.0068     57023  52070  99999    1  vienna global 2022 
KIRSBERG         3879830.7937       987963.2384      4948713.3696       0.0026      -0.0001       0.0033     57023      0  99999    0  vienna reduced 2022  
KOKEE           -5543837.7854     -2054566.7240      2387852.5154      -0.0089       0.0632       0.0318     57023      0  99999    1  vienna global 2022 
KUNMING         -1281152.9122      5640864.4152      2682653.4419      -0.0349       0.0047      -0.0124     57023      0  99999    1  vienna global 2022 
KODIAK          -3026940.7601     -1575911.8647      5370362.7953      -0.0242      -0.0026       0.0121     57023      0  99999    0  vienna reduced 2022  
KP-VLBA         -1995678.8647     -5037317.6940      3357328.0052      -0.0134       0.0007      -0.0066     57023      0  99999    1  vienna global 2022 
KARLBURG         3653205.2193       884427.3583      5135731.4710       0.0405      -0.0072      -0.0280     57023      0  99999    0  vienna reduced 2022  
KITTPEAK               0.0000            0.0000            0.0000       0.0000       0.0000       0.0000         0      0      0    0  no coord. available yet    
KAUAI           -5543846.2022     -2054562.4808      2387814.6815      -0.0082       0.0644       0.0316     57023      0  99999    1  vienna global 2022 
SEJONG          -3110080.0625      4082066.6545      3775076.7858      -0.0267      -0.0133      -0.0099     57023      0  99999    1  vienna global 2022 
KWAJAL26        -6143535.6957      1363999.0865      1034708.1050       0.0300       0.0713       0.0248     57023      0  99999    1  vienna global 2022 
KAINAN                 0.0000            0.0000            0.0000       0.0000       0.0000       0.0000         0      0      0    0  no coord. available yet    
KANOZAN         -3991747.4465      3355061.8032      3661225.3461      -0.0004       0.0061      -0.0102     50559      0  99999    0  vtrf2005    
LA-VLBA         -1449752.6105     -4975298.5715      3709123.8280      -0.0141       0.0006      -0.0051     57023      0  99999    1  vienna global 2022 
LEONRDOK         -522231.5142     -5145676.8829      3720152.3701      -0.0000       0.0000       0.0000     57023      0  99999    0  vienna reduced 2022  
MV2ONSLA               0.0000            0.0000            0.0000       0.0000       0.0000       0.0000         0      0      0    0  no coord. available yet    
MATERA           4641938.4433      1393003.3623      4133325.8072      -0.0182       0.0191       0.0147     57023      0  99999    1  vienna global 2022 
MEDICINA         4461369.6712       919597.1631      4449559.4177      -0.0178       0.0188       0.0116     57023      0  99999    1  vienna global 2022 
MARPOINT         1106629.0749     -4882907.3588      3938087.1180      -0.0133      -0.0054       0.0058     57023      0  99999    1  vienna global 2022 
MON_PEAK        -2386290.1949     -4802345.7925      3444884.2804      -0.0321       0.0292       0.0110     57023      0  99999    1  vienna global 2022 
METSA13M               0.0000            0.0000            0.0000       0.0000       0.0000       0.0000         0      0      0    0  no coord. available yet    
MACGO12M        -1330788.4046     -5328106.5835      3236427.5234      -0.0125       0.0005      -0.0049     57023      0  99999    1  vienna global 2022 
METSAHOV         2892584.8214      1311715.6287      5512640.1825      -0.0162       0.0146       0.0098     57023      0  99999    1  vienna global 2022 
MIAMI20           961255.1628     -5674092.6086      2740533.8581      -0.0092      -0.0011       0.0034     57023      0  99999    1  vienna global 2022 
MK-VLBA         -5464075.2053     -2495247.9902      2148297.4174      -0.0137       0.0627       0.0316     57023      0  53929    1  vienna global 2022 
MK-VLBA         -5464075.1981     -2495247.9878      2148297.4165      -0.0129       0.0629       0.0315     57023  53929  53993    1  vienna global 2022 
MK-VLBA         -5464075.2083     -2495247.9812      2148297.4258      -0.0141       0.0624       0.0326     57023  53993  58100    1  vienna global 2022 
MK-VLBA         -5464075.1981     -2495247.9849      2148297.4083      -0.0141       0.0624       0.0326     57023  58100  58100    1  vienna global 2022 
MK-VLBA         -5464075.2002     -2495247.9855      2148297.4077      -0.0141       0.0624       0.0326     57023  58100  99999    1  vienna global 2022 
MAMMOTHL        -2448247.0748     -4426737.7797      3875435.5432      -0.0144       0.0194      -0.0117     57023      0  99999    0  vienna reduced 2022  
MIZNAO10        -3857236.0849      3108803.2586      4003883.0288       0.0011       0.0030      -0.0034     57023      0  52422    1  vienna global 2022 
MOJAVE12        -2356171.3036     -4646755.7458      3668470.5291      -0.0142       0.0057      -0.0033     57023      0  48798    1  vienna global 2022 
MOJAVE12        -2356171.3080     -4646755.7479      3668470.5343      -0.0142       0.0057      -0.0033     57023  48798  48798    1  vienna global 2022 
MOJAVE12        -2356171.3247     -4646755.7490      3668470.5228      -0.0142       0.0057      -0.0033     57023  48798  99999    1  vienna global 2022 
MOPRA                  0.0000            0.0000            0.0000       0.0000       0.0000       0.0000         0      0      0    0  no coord. available yet    
MOJ_7288        -2356494.3857     -4646607.5598      3668426.5224      -0.0126       0.0056      -0.0046     57023      0  99999    1  vienna global 2022 
MARCUS          -5227446.6469      2551381.2267      2607605.8663       0.0028       0.0790       0.0430     57023      0  99999    0  vienna reduced 2022  
MILESMON        -1204438.9482     -4239211.1006      4596266.0536       0.0000      -0.0000      -0.0000     57023      0  99999    0  vienna reduced 2022  
MCD_7850        -1330008.4224     -5328391.5749      3236502.5739      -0.0127      -0.0001      -0.0062     57023      0  99999    0  vienna reduced 2022  
MIURA           -3976129.7267      3377927.8889      3656753.9351       0.0144      -0.0006       0.0043     57023      0  51722    0  vienna reduced 2022  
MIURA           -3976129.7678      3377927.8994      3656753.9329       0.0144      -0.0006       0.0043     57023  51722  99999    0  vienna reduced 2022  
METSHOVI         2890652.4590      1310295.5946      5513958.9146      -0.0162       0.0146       0.0098     57023      0  99999    1  vienna global 2022 
MIYAZAKI        -3582768.1470      4052033.8520      3369020.1138      -0.0128      -0.0039      -0.0178     57023      0  99999    0  vienna reduced 2022  
MIZUSGSI        -3862411.7972      3105015.0450      4001944.7760       0.0051       0.0008      -0.0069     57023      0  99999    0  vienna reduced 2022  
NOBEY_6M        -3871169.4051      3428275.3555      3723698.5939      -0.0480       0.0573       0.0382     57023      0  99999    0  vienna reduced 2022  
NL-VLBA          -130872.5282     -4762317.0906      4226850.9944      -0.0153       0.0013      -0.0023     57023      0  99999    1  vienna global 2022 
NOME            -2658150.9662      -693822.0330      5737236.3594      -0.0212      -0.0041      -0.0112     57023      0  99999    0  vienna reduced 2022  
NYALE13N         1200992.7227       252098.6066      6238038.6416      -0.0142       0.0074       0.0114     57023      0  99999    1  vienna global 2022 
NOBEYA45               0.0000            0.0000            0.0000       0.0000       0.0000       0.0000         0      0      0    0  no coord. available yet    
NYALE13S         1201070.6729       252129.3191      6238022.4952      -0.0126       0.0056       0.0106     57023      0  99999    1  vienna global 2022 
NOTO             4934562.8112      1321201.5784      3806484.7680      -0.0172       0.0177       0.0153     57023      0  99999    1  vienna global 2022 
NOTOX            4934562.8871      1321201.4867      3806484.6874      -0.0179       0.0175       0.0152     55197      0  99999    0  itrf2014 
NYALES20         1202462.4991       252734.5347      6237766.2331      -0.0143       0.0076       0.0110     57023      0  99999    1  vienna global 2022 
ONSALA85         3370966.0847       711466.0038      5349664.0101      -0.0136       0.0150       0.0085     51544      0  99999    0  From VEX file g0128o.vex    
OCOTILLO        -2335601.0113     -4832244.2501      3434392.5635       0.0000      -0.0000      -0.0000     57023      0  99999    0  vienna reduced 2022  
ONSA13NE         3370889.2301       711571.2716      5349692.1001      -0.0141       0.0146       0.0103     57023      0  99999    1  vienna global 2022 
OHIGGINS         1525833.3447     -2432463.6845     -5676174.4705       0.0182      -0.0008       0.0016     57023      0  99999    1  vienna global 2022 
ONSALA60         3370605.7726       711917.7485      5349830.9192      -0.0141       0.0146       0.0103     57023      0  99999    1  vienna global 2022 
OVRO_130        -2409601.1059     -4478349.3917      3838603.1570      -0.0155       0.0069      -0.0032     57023      0  99999    1  vienna global 2022 
OVR_7853        -2410421.4976     -4477800.2414      3838690.2651      -0.0122       0.0075      -0.0032     57023      0  99999    1  vienna global 2022 
OV-VLBA         -2409150.4374     -4478573.1078      3838617.3271      -0.0183       0.0064      -0.0037     57023      0  99999    1  vienna global 2022 
ONSA13SW         3370946.7097       711534.5791      5349660.9752      -0.0141       0.0146       0.0103     57023      0  99999    1  vienna global 2022 
PARKES          -4554232.6368      2816758.9056     -3454034.9860      -0.0342      -0.0036       0.0480     57023      0  99999    1  vienna global 2022 
PBLOSSOM        -2464071.4856     -4649425.2317      3593905.9725      -0.0237       0.0150       0.0097     57023      0  99999    0  vienna reduced 2022  
PENTICTN        -2058840.7760     -3621286.4579      4814420.6208      -0.0153      -0.0005      -0.0065     57023      0  99999    0  vienna reduced 2022  
PRESIDIO        -2707705.4407     -4257608.9782      3888374.4661      -0.0238       0.0234       0.0106     57023      0  47571    1  vienna global 2022 
PRESIDIO        -2707705.4183     -4257608.9723      3888374.4422      -0.0238       0.0234       0.0106     57023  47571  99999    1  vienna global 2022 
PLATTVIL        -1240708.4785     -4720454.3667      4094481.5249      -0.0152      -0.0003      -0.0050     57023      0  99999    1  vienna global 2022 
PINFLATS        -2369636.6193     -4761324.6554      3511116.4462      -0.0277       0.0097       0.0111     57023      0  99999    1  vienna global 2022 
PT_REYES        -2732333.8506     -4217634.4084      3914491.7403      -0.0304       0.0183       0.0255     57023      0  99999    1  vienna global 2022 
PIETOWN         -1640953.9566     -5014816.0174      3575411.7858      -0.0139       0.0002      -0.0052     57023      0  50688    1  vienna global 2022 
PIETOWN         -1640953.9571     -5014816.0146      3575411.7852      -0.0139       0.0002      -0.0052     57023  50688  50688    1  vienna global 2022 
PIETOWN         -1640953.9634     -5014816.0173      3575411.7753      -0.0139       0.0002      -0.0052     57023  50688  52097    1  vienna global 2022 
PIETOWN         -1640953.9645     -5014816.0202      3575411.7758      -0.0139       0.0002      -0.0052     57023  52097  99999    1  vienna global 2022 
PVERDES         -2525453.5284     -4670034.9128      3522887.1660      -0.0298       0.0289       0.0148     57023      0  99999    0  vienna reduced 2022  
QUABBIN                0.0000            0.0000            0.0000       0.0000       0.0000       0.0000         0      0      0    0  no coord. available yet    
QUINCY          -2517231.3183     -4198595.0166      4076531.1108      -0.0183       0.0084      -0.0067     57023      0  99999    1  vienna global 2022 
RICHMOND          961257.8901     -5674090.0665      2740533.8684      -0.0092      -0.0011       0.0034     57023      0  99999    1  vienna global 2022 
MADRID64         4849093.1332      -360180.3973      4115109.8043      -0.0077       0.0194       0.0148     55197      0  99999    0  itrf2014 
SEATTLE1        -2295347.9264     -3638029.4384      4693408.6367       0.0001      -0.0001       0.0000     57023      0  99999    0  vienna reduced 2022  
SINTOTU3        -3642142.2564      2861496.6908      4370361.6600      -0.0105       0.0008      -0.0095     57023      0  52893    0  vienna reduced 2022  
SINTOTU3        -3642142.3662      2861496.6623      4370361.6272      -0.0105       0.0008      -0.0095     57023  52893  54049    0  vienna reduced 2022  
SINTOTU3        -3642142.3672      2861496.6567      4370361.6304      -0.0105       0.0008      -0.0095     57023  54049  55547    0  vienna reduced 2022  
SINTOTU3        -3642142.4139      2861496.7058      4370361.6549      -0.0240       0.0227       0.0064     57023  55547  56434    0  vienna reduced 2022  
RAEGSMAR         4618524.3206     -2166020.7740      3816270.3185      -0.0020       0.0149       0.0098     57023      0  99999    1  vienna global 2022 
CTVASBAY         1091444.5380     -4351283.5446      4518707.1038      -0.0032      -0.0044       0.0096     57023      0  99999    0  vienna reduced 2022  
SC-VLBA          2607848.6573     -5488069.5231      1932739.7575       0.0077       0.0090       0.0124     57023      0  99999    1  vienna global 2022 
SEST             1838237.8432     -5258699.2587     -3100588.8956      -0.0025       0.0004      -0.0021     57023      0  99999    0  vienna reduced 2022  
SHANGHAI        -2847698.7957      4659872.5384      3283958.4545      -0.0299      -0.0112      -0.0118     55197      0  99999    0  itrf2014 
SESHAN25        -2831687.4609      4675733.4551      3275327.4841      -0.0305      -0.0119      -0.0117     57023      0  53347    1  vienna global 2022 
SESHAN25        -2831687.4526      4675733.4592      3275327.4745      -0.0305      -0.0119      -0.0117     57023  53347  55615    1  vienna global 2022 
SESHAN25        -2831687.4577      4675733.4573      3275327.4799      -0.0305      -0.0119      -0.0117     57023  55615  99999    1  vienna global 2022 
SINTOTU         -3642142.2651      2861496.5557      4370361.3331      -0.0156      -0.0008      -0.0152     57023      0  99999    0  vienna reduced 2022  
SAGARA                 0.0000            0.0000            0.0000       0.0000       0.0000       0.0000         0      0      0    0  no coord. available yet    
CRIMEA           3785230.6880      2551207.6996      4439796.5487      -0.0210       0.0159       0.0094     57023      0  99999    1  vienna global 2022 
SNDPOINT        -3425461.7041     -1214668.8316      5223857.1727       0.0067       0.0121      -0.0420     57023      0  99999    0  vienna reduced 2022  
SOURDOGH        -2419994.0939     -1664228.3060      5643537.3538      -0.0247       0.0160      -0.0334     57023      0  47030    0  vienna reduced 2022  
SOURDOGH        -2419994.0869     -1664228.3567      5643537.4168      -0.0247       0.0160      -0.0334     57023  47030  99999    0  vienna reduced 2022  
SANPAULA        -2554478.0530     -4608627.7607      3582139.4489      -0.0548      -0.0152       0.0434     57023      0  99999    0  vienna reduced 2022  
CTVASTJ          2612545.3783     -3426878.7807      4686756.2386      -0.0179      -0.0010       0.0083     57023      0  99999    0  vienna reduced 2022  
SANTIA12         1769693.5524     -5044504.6886     -3468434.8082       0.0241      -0.0082       0.0088     57023      0  99999    1  vienna global 2022 
SUWON                  0.0000            0.0000            0.0000       0.0000       0.0000       0.0000         0      0      0    0  no coord. available yet    
SVETLOE          2730173.6332      1562442.8200      5529969.1514      -0.0188       0.0133       0.0069     57023      0  99999    1  vienna global 2022 
SVERT13V         2730074.8756      1562230.7842      5530072.7852      -0.0188       0.0133       0.0069     57023      0  99999    1  vienna global 2022 
SYOWA            1766194.2209      1460410.9069     -5932273.3355       0.0048      -0.0010      -0.0010     57023      0  99999    1  vienna global 2022 
TSUKU3          -3957184.5079      3310224.8683      3737709.0575      -0.0023       0.0062      -0.0060     55197      0  99999    0  itrf2014 
TIANMA65        -2826708.6577      4679237.0459      3274667.5189      -0.0334      -0.0078      -0.0092     57023      0  99999    1  vienna global 2022 
TATEYAMA        -4000982.9685      3375275.7629      3632213.3283       0.0272      -0.0131       0.0067     57023      0  51722    0  vienna reduced 2022  
TATEYAMA        -4000983.0182      3375275.7614      3632213.3440       0.0272      -0.0131       0.0067     57023  51722  99999    0  vienna reduced 2022  
TIGOCONC         1492054.6067     -4887961.0275     -3803541.1558       0.0365      -0.0018       0.0168     57023      0  55254    1  vienna global 2022 
TIGOCONC         1492054.6044     -4887961.0342     -3803541.1574       0.0365      -0.0030       0.0165     57023  55254  55254    1  vienna global 2022 
TIGOCONC         1492051.5454     -4887961.4670     -3803541.6456       0.0241       0.0027       0.0217     57023  55254  55604    1  vienna global 2022 
TIGOCONC         1492051.5461     -4887961.4681     -3803541.6470       0.0241       0.0027       0.0217     57023  55604  55604    1  vienna global 2022 
TIGOCONC         1492051.5224     -4887961.4789     -3803541.6289       0.0241       0.0027       0.0217     57023  55604  99999    1  vienna global 2022 
RAEGTNFE               0.0000            0.0000            0.0000       0.0000       0.0000       0.0000         0      0      0    0  no coord. available yet    
TIGOWTZL         4075572.3935       931755.4280      4801584.5301      -0.0157       0.0172       0.0100     57023      0  99999    1  vienna global 2022 
TIDBIN64        -4460895.3301      2682361.5245     -3674747.4932      -0.0361       0.0004       0.0457     57023      0  99999    0  vienna reduced 2022  
TITIJIMA               0.0000            0.0000            0.0000       0.0000       0.0000       0.0000         0      0      0    0  no coord. available yet    
TSUKUBA         -3957172.9473      3310238.0510      3737708.8102      -0.0011       0.0056      -0.0073     57023      0  99999    0  vienna reduced 2022  
TRYSILNO         2988029.0608       655957.3151      5578669.5374      -0.0065       0.0127       0.0212     57023      0  99999    0  vienna reduced 2022  
TROMSONO         2102903.6708       721602.9656      5958201.4665      -0.0201       0.0208       0.0077     57023      0  99999    0  vienna reduced 2022  
TOMAKO11        -3680586.4753      2917515.8920      4300987.7336      -0.0197       0.0144       0.0035     55197      0  99999    0  itrf2014 
TOULOUSE         4627949.7847       119844.0102      4372863.2378      -0.0115       0.0193       0.0120     57023      0  99999    0  vienna reduced 2022  
TORUN                  0.0000            0.0000            0.0000       0.0000       0.0000       0.0000         0      0      0    0  no coord. available yet    
TSUKUB32        -3957408.7917      3310229.4764      3737494.7207      -0.0002       0.0042      -0.0056     57023      0  53249    1  vienna global 2022 
TSUKUB32        -3957408.7936      3310229.4848      3737494.7156      -0.0002       0.0042      -0.0056     57023  53249  53663    1  vienna global 2022 
TSUKUB32        -3957408.7984      3310229.4876      3737494.7203      -0.0002       0.0042      -0.0056     57023  53663  54574    1  vienna global 2022 
TSUKUB32        -3957408.8018      3310229.4893      3737494.7202      -0.0002       0.0042      -0.0056     57023  54574  54574    1  vienna global 2022 
TSUKUB32        -3957408.8037      3310229.4892      3737494.7168      -0.0002       0.0042      -0.0056     57023  54574  55629    1  vienna global 2022 
TSUKUB32        -3957408.8132      3310229.4966      3737494.7160      -0.0025       0.0056      -0.0057     57023  55629  55629    1  vienna global 2022 
TSUKUB32        -3957409.1263      3310229.0331      3737494.7140      -0.0116       0.0069      -0.0044     57023  55629  99999    1  vienna global 2022 
UCHINOUR        -3586229.5209      4114103.6692      3290224.6100      -0.0294      -0.0113      -0.0149     57023      0  55270    0  vienna reduced 2022  
UCHINOUR        -3586229.5250      4114103.6597      3290224.6059      -0.0294      -0.0113      -0.0149     57023  55270  99999    0  vienna reduced 2022  
USUDA64         -3855355.4547      3427427.5728      3740971.1377      -0.0055       0.0018      -0.0046     57023      0  55591    0  vienna reduced 2022  
URUMQI            228310.1518      4631922.7578      4367064.0670      -0.0318      -0.0017       0.0042     57023      0  56708    1  vienna global 2022 
URUMQI            228310.1585      4631922.9089      4367064.2067      -0.0318      -0.0017       0.0042     57023  56708  56708    1  vienna global 2022 
URUMQI            228310.1570      4631922.9155      4367064.2117      -0.0318      -0.0017       0.0042     57023  56708  99999    1  vienna global 2022 
USSURISK        -3059725.0279      3427256.7928      4409485.5179      -0.0001      -0.0002      -0.0001     55197      0  99999    0  itrf2014 
VLBA                   0.0000            0.0000            0.0000       0.0000       0.0000       0.0000         0      0      0    0  no coord. available yet    
VNDNBERG        -2678095.4802     -4525450.0670      3597410.7741      -0.0299       0.0285       0.0232     57023      0  99999    1  vienna global 2022 
VERNAL          -1631473.5961     -4589129.0249      4106759.7340      -0.0136      -0.0043      -0.0054     57023      0  99999    0  vienna reduced 2022  
VICTORIA        -2341310.3227     -3539083.8649      4745768.2162      -0.0106      -0.0001      -0.0050     57023      0  99999    0  vienna reduced 2022  
VERAMZSW        -3857241.8113      3108784.8684      4003900.5375       0.0011       0.0030      -0.0034     57023      0  53538    1  vienna global 2022 
VERAMZSW        -3857241.8348      3108784.8837      4003900.5446       0.0011       0.0030      -0.0034     57023  53538  54574    1  vienna global 2022 
VERAMZSW        -3857241.7857      3108785.0238      4003900.5289      -0.0027       0.0141      -0.0021     57023  54574  55595    1  vienna global 2022 
VERAMZSW        -3857243.8429      3108783.6772      4003899.5573      -0.0453       0.0028       0.0057     57023  55595  57144    1  vienna global 2022 
VERAMZSW        -3857243.8555      3108783.6621      4003899.5448      -0.0353      -0.0028       0.0002     57023  57144  58927    1  vienna global 2022 
VERAMZSW        -3857243.8364      3108783.6206      4003899.5260      -0.0353      -0.0028       0.0002     57023  58927  99999    1  vienna global 2022 
VERAOGSW               0.0000            0.0000            0.0000       0.0000       0.0000       0.0000         0      0      0    0  no coord. available yet    
VERAIRIK               0.0000            0.0000            0.0000       0.0000       0.0000       0.0000         0      0      0    0  no coord. available yet    
VERAISGK        -3263995.1928      4808056.3525      2619948.7893      -0.0463       0.0015      -0.0463     57023      0  55595    0  vienna reduced 2022  
VERAISGK        -3263995.1963      4808056.3300      2619948.7838      -0.0463       0.0015      -0.0463     57023  55595  99999    0  vienna reduced 2022  
WARK30M         -5115425.6000       477880.3100     -3767042.8100      -0.0196      -0.0025       0.0341     51544      0  99999    0  Petrov et al, 2015    
WSTRBORK               0.0000            0.0000            0.0000       0.0000       0.0000       0.0000         0      0      0    0  no coord. available yet    
WESTFORD         1492206.3113     -4458130.5366      4296015.6087      -0.0155      -0.0013       0.0040     57023      0  99999    1  vienna global 2022 
WETTZ13N         4075627.6364       931774.3027      4801552.3844      -0.0157       0.0172       0.0100     57023      0  99999    1  vienna global 2022 
WETTZ13S         4075658.9439       931824.8095      4801516.2516      -0.0157       0.0172       0.0100     57023      0  99999    1  vienna global 2022 
WHTHORSE        -2215212.7807     -2209260.1849      5540289.8424       0.0304       0.0539      -0.1013     57023      0  99999    0  vienna reduced 2022  
WARK12M         -5115324.4754       477843.2895     -3767192.7739      -0.0233      -0.0028       0.0333     57023      0  99999    1  vienna global 2022 
WETTZELL         4075539.5986       931735.5708      4801629.5459      -0.0157       0.0172       0.0100     57023      0  99999    1  vienna global 2022 
VLA             -1601184.8970     -5041976.6600      3554875.5600       0.0000       0.0000       0.0000     51544      0  99999    0  NGS: 83JUL26LL    
VLA-N8          -1601147.7281     -5041733.5116      3555235.7718       0.0002      -0.0001       0.0001     57023      0  99999    1  vienna global 2022 
YAKATAGA        -2529744.7230     -1942090.7539      5505028.6393      -0.0203       0.0212       0.0239     57023      0  47023    1  vienna global 2022 
YAKATAGA        -2529744.7495     -1942090.7047      5505028.5127      -0.0203       0.0212       0.0239     57023  47023  99999    1  vienna global 2022 
YEBES            4848780.1053      -261701.7258      4123035.9530      -0.0100       0.0196       0.0119     57023      0  99999    1  vienna global 2022 
YELLOWKN        -1224125.0124     -2689530.7332      5633555.3139      -0.0206      -0.0044       0.0004     57023      0  99999    1  vienna global 2022 
YARRA12M        -2388896.2293      5043350.0168     -3078590.7637      -0.0462       0.0072       0.0506     57023      0  99999    1  vienna global 2022 
RAEGYEB          4848831.0916      -261629.4928      4122976.5070      -0.0100       0.0196       0.0119     57023      0  99999    1  vienna global 2022 
YLOW7296        -1224399.9407     -2689273.3381      5633620.2741      -0.0206      -0.0043       0.0002     57023      0  99999    1  vienna global 2022 
YAMAGUCH        -3502544.2580      3950966.3970      3566381.1650       0.0000       0.0000       0.0000         0      0      0    0  http://pathdelay.net/spd/conf/spd.inp    
YEBES40M         4848761.7863      -261484.1463      4123085.0500      -0.0100       0.0196       0.0119     57023      0  55849    1  vienna global 2022 
YEBES40M         4848761.7657      -261484.1466      4123085.0323      -0.0100       0.0196       0.0119     57023  55849  99999    1  vienna global 2022 
YUMA            -2196778.4300     -4887337.3912      3448425.3849      -0.0211      -0.0117       0.0048     57023      0  99999    1  vienna global 2022 
ZELENCHK         3451207.4918      3060375.4427      4391915.0606      -0.0213       0.0147       0.0085     57023      0  54225    1  vienna global 2022 
ZELENCHK         3451207.4952      3060375.4453      4391915.0591      -0.0213       0.0147       0.0085     57023  54225  99999    1  vienna global 2022 
ZELRT13V         3451257.4960      3060268.0810      4391933.0890       0.0000       0.0000       0.0000         0      0      0    0  http://pathdelay.net/spd/conf/spd.inp    
NTT20101         1200680.8539       252191.5725      6237361.4841      -0.0143       0.0074       0.0103     51544      0  99999    0  vieRF2020_OPTbco     
NTT20102         1200731.9830       252267.9563      6237348.6391      -0.0143       0.0074       0.0103     51544      0  99999    0  vieRF2020_OPTbco     
OTT20101         3370283.8167       711704.2493      5349209.0474      -0.0139       0.0143       0.0105     51544      0  99999    0  unknown source    
OTT20102         3370244.3111       711680.8870      5349239.6602      -0.0139       0.0143       0.0105     51544      0  99999    0  unknown source    
WETTZADS         4075539.8370       931735.3092      4801629.4010      -0.0153       0.0165       0.0103     51544      0  99999    0  VieTRF13    
WETTADS          4075539.8370       931735.3092      4801629.4010      -0.0153       0.0165       0.0103     51544      0  99999    0  VieTRF13    
WETZ13SH         4075658.8769       931824.8827      4801516.2891      -0.0161       0.0170       0.0100     58484      0  99999    0  globsol unconstrained adj. Wf+EOP, VGOS 2017-2019; vel from Wz ITRF2014    
WETZ13SV         4075658.8769       931824.8827      4801516.2891      -0.0161       0.0170       0.0100     58484      0  99999    0  globsol unconstrained adj. Wf+EOP, VGOS 2017-2019; vel from Wz ITRF2014    
YEBESDBC         4848762.1000      -261484.5000      4123084.9000       0.0000       0.0000       0.0000     51544      0  99999    0  NGS,14MAR31XA    
YEBEDBBC         4848761.7977      -261484.4283      4123084.7695       0.0026       0.0176       0.0216     51544      0  99999    0  VieTRF13     
ONSALAAN         3370605.8020       711917.7200      5349830.9030       0.0000       0.0000       0.0000     51544      0  99999    0  NGS,14MAY15XA    
WETTDBBC         4075539.8370       931735.3092      4801629.4010      -0.0153       0.0165       0.0103     51544      0  99999    0  VieTRF13     
GOLDECHO        -2350443.4547     -4651980.8063      3665630.6159       0.0000       0.0000       0.0000     51544      0  99999    0  NGS, 83MAY20D    
NOBEYAMA        -3871023.4900      3428106.8000      3724039.5200       0.0000       0.0000       0.0000     51544      0  99999    0  NGS, 85MAR30X    
KASL            -3997890.5900      3276580.3900      3724118.7900       0.0000       0.0000       0.0000     51544      0  99999    0  NGS, 85MAR30X    
MOJAVLBA        -2356170.8950     -4646755.9150      3668470.6250       0.0000       0.0000       0.0000     51544      0  99999    0  NGS, 91NOV18X    
YEBDBBC          4848762.1000      -261484.5000      4123084.9000       0.0000       0.0000       0.0000     51544      0  99999    0  NGS, 14JAN23XE_N004    
LEFT85_1          883555.5550     -4924490.8950      3943961.9550       0.0000       0.0000       0.0000     51544      0  99999    0  NGS, 92NOV11XO_N012    
NYALDBBC         1202462.5270       252734.5210      6237766.2050       0.0000       0.0000       0.0000     51544      0  99999    0  NHS, 16MAY23XA_N004    
GEOCENTR               0.0000            0.0000            0.0000       0.0000       0.0000       0.0000     51544      0  99999    0  ???    
ONSAVDIF         3370605.8020       711917.7200      5349830.9030       0.0000       0.0000       0.0000     51544      0  99999    0  NGS, 17FEB06XA_V004    
WETTVDIF         4075539.6320       931735.5370      4801629.5290       0.0000       0.0000       0.0000     51544      0  99999    0  NGS, 17AUG28XK_N004    
HOBADBBC        -3950237.3590      2522347.6820     -4311561.8800       0.0000       0.0000       0.0000     51544      0  99999    0  NGS, 17AUG21XA_N004          
ONSAFLEX         3370605.8020       711917.7200      5349830.9030       0.0000       0.0000       0.0000     51544      0  99999    0  NGS, 17AUG21XA_N004        
NOTDBBC          4934562.8400      1321201.5430      3806484.7330       0.0000       0.0000       0.0000     51544      0  99999    0  NGS: 17JUL04XA    
OHIGGADS         1525833.0754     -2432463.6803     -5676174.4939       0.0187      -0.0007      -0.0010     51544      0  99999    0  VieTRF13_reduced    
NOTOVDIF         4934563.0773      1321201.3112      3806484.5492      -0.0168       0.0168       0.0156     51544      0  99999    0  VieTRF13    
TIANMA13        -2826801.9120      4679253.9990      3274516.0660       0.0000       0.0000       0.0000     58849      0  99999    0  vgosDB: 20NOV17XA    
SESHAN13        -2831647.0500      4675729.4640      3275365.0790       0.0000       0.0000       0.0000     59215      0  99999    0  vgosDB: 21FEB03XA    
HARTVDIF         5085490.8014      2668161.5227     -2768692.5888      -0.0007       0.0191       0.0160     57023      0  99999    0  HARTVDIF is HART15M recorded in flexbuf (vdif format).    
