% ************************************************************************
%   boehm08
%   This subroutine provides, in time domain, the diurnal/subdiurnal
%   tidal effets on polar motion ("), UT1 (s) and LOD (s). The tidal terms,
%   listed in the program, have been estimated from VLBI-derived PM, UT1
%   variations (OCCAM). Corrections to Nutation/Precession model were not
%   applied during derivation of this model.
%   These terms contain all diurnal and subdiurnal variations (including
%   the effect of the triaxiality of the Earth on PM (pm_gravi) and UT1).
% 
% 		* do not apply pm_gravi and spinlibV when using this model! * 
%     
%   N.B.:  The fundamental lunisolar arguments are those of Simon et al.  
% 
%   These values should be used in the subroutine eop_eanes.m.
%
%   Reference:
%		S. Englich, R. Heinkelmann, H. Schuh: "Re-assessment of Ocean Tidal Terms 
%   in High-Frequency Earth Rotation Variations Observed by VLBI";
%   IVS General Meeting Proceedings, ISBN 978-5-02-025332-2 (2008), S. 314 - 318.
%
%   Coded for VieVS: 
%   19 Sep 2009 by Sigrid Böhm
%
%   Revision: 
%   26 May 2010 by Lucia Plank: changed function to table
%
% *************************************************************************
%      
%   Oceanic tidal terms present in x (microas),y(microas),ut1(microseconds)       
%   NARG(j,6) : Multipliers of GMST+pi and Delaunay arguments. 
%	
% 
     1,-1, 0,-2,-2,-2,   3.46,   1.37,  -6.90,  -4.77,  -0.11,  0.39   
     1,-2, 0,-2, 0,-1,  12.90,  -0.20,  -7.08,  -1.95,   0.68, -0.25   
     1,-2, 0,-2, 0,-2,   7.84,   0.16,   3.28,  12.08,   1.30, -0.25   
     1, 0, 0,-2,-2,-1, -12.23,   6.64,  -3.77,   9.02,   0.33, -0.04   
     1, 0, 0,-2,-2,-2,   5.17,  10.25,   1.94,  -6.62,   0.70,  0.06   
     1,-1, 0,-2, 0,-1,  -1.93,   9.93,  -9.22,   0.68,   1.33, -0.53   
     1,-1, 0,-2, 0,-2,  17.03,  28.09, -31.98,  -3.12,   4.92, -2.73   
     1, 1, 0,-2,-2,-1,  -6.88,   0.62,   4.27,   0.15,   0.60, -0.13   
     1, 1, 0,-2,-2,-2,   3.55,   9.94,   1.85,  -1.26,   0.77, -0.88   
     1, 0, 0,-2, 0, 0,   1.33,   8.21,   7.97,  -4.02,  -0.37, -0.28   
     1, 0, 0,-2, 0,-1,   4.93,  21.15, -32.86,   8.41,   3.29, -2.31   
     1, 0, 0,-2, 0,-2,  70.23, 101.82,-167.01,  38.57,  16.84,-13.09   
     1,-2, 0, 0, 0, 0,   3.58,  -2.93,  -5.13,  -3.23,  -0.18,  0.01   
     1, 0, 0, 0,-2, 0,   1.38,   0.69,   1.52,   1.23,   0.12,  0.04   
     1,-1, 0,-2, 2,-2,   0.66,  -3.72,  -0.63,   6.88,  -0.16,  0.27   
     1, 1, 0,-2, 0,-1,  -9.92,   2.82,  -2.22,   1.45,   0.07, -0.10   
     1, 1, 0,-2, 0,-2,   5.05,   2.11,   2.22,  -5.63,  -0.44,  0.30   
     1,-1, 0, 0, 0, 0,  -4.93,  -6.43,   9.81,   2.04,  -1.08,  0.92   
     1,-1, 0, 0, 0,-1,   4.57,   7.55,  11.80,   3.49,   0.17,  0.60   
     1, 1, 0, 0,-2, 0,  -2.74,   0.31,   1.06,  -4.45,   0.05, -0.01   
     1, 0,-1,-2, 2,-2,   3.89,  -6.52,  -0.14,   2.32,   0.38, -0.49   
     1, 0, 0,-2, 2,-1,   3.10,   2.55,   2.07,   1.92,  -0.32, -0.20   
     1, 0, 0,-2, 2,-2,  43.57,  37.28, -44.21,  19.61,   5.21, -3.15   
     1, 0, 1,-2, 2,-2,  -0.22,  -0.42,   0.42,  -0.22, -0.047,  0.025  
     1, 0,-1, 0, 0, 0,  29.33, -21.13,  18.97,  -3.41,  -1.15,  0.47   
     1, 0, 0, 0, 0, 1, -28.46,  35.50,  48.53,  41.69,   0.68,  1.26   
     1, 0, 0, 0, 0, 0,-182.85,-131.48, 190.64, -10.39, -14.75,  9.98   
     1, 0, 0, 0, 0,-1, -81.33,  18.61,  59.63,  66.50,  -0.80,  0.10   
     1, 0, 0, 0, 0,-2,   3.17,  18.70,  16.31,  10.47,   0.07, -0.62   
     1, 0, 1, 0, 0, 0,  -4.72,  22.55,  28.30,  -4.08,   0.13, -0.40   
     1, 0, 0, 2,-2, 2,   4.21, -24.78, -17.82,   1.72,  -0.15, -0.05   
     1,-1, 0, 0, 2, 0,  -0.67,  -1.74,  -1.69,  -2.65,  -0.16, -0.27   
     1, 1, 0, 0, 0, 0,  -9.83, -18.80,  -3.77,  11.85,  -1.04,  0.90   
     1, 1, 0, 0, 0,-1,   0.67,  -2.96,   8.15,  -5.68,  -0.56,  0.15   
     1, 0, 0, 0, 2, 0,  -7.07,  -0.49,  -6.20,  -0.32,   0.16, -0.01   
     1, 2, 0, 0, 0, 0,  -9.69,  -0.20,  -1.03,   6.51,  -0.34, -0.04   
     1, 0, 0, 2, 0, 2, -20.70, -10.77,  -5.35,  13.83,  -0.62,  0.57   
     1, 0, 0, 2, 0, 1,  -5.16, -14.92, -10.41,   0.17,  -0.72,  0.66   
     1, 0, 0, 2, 0, 0,  -3.14,   3.48,  11.33,   4.89,  -0.19,  0.07   
     1, 1, 0, 2, 0, 2,  -0.75,   6.68,  -9.55,   6.85,  -0.55, -0.17   
     1, 1, 0, 2, 0, 1,  -3.17, -10.25,   3.73,  10.25,  -0.04,  0.43   
     2,-3, 0,-2, 0,-2,  -4.33,   1.81,   0.69,   0.20,   0.21, -0.19   
     2,-1, 0,-2,-2,-2,  -2.12,   2.25,  -4.77,   6.42,   0.05, -0.17   
     2,-2, 0,-2, 0,-2,  -9.23,  -2.36,  -0.43,  17.11,  -0.74, -0.14   
     2, 0, 0,-2,-2,-2, -11.95,  -3.50,   3.17,   4.92,  -0.61, -0.60   
     2, 0, 1,-2,-2,-2,  -1.96,   3.70,  -2.21,   2.94,   0.05, -0.09   
     2,-1,-1,-2, 0,-2,  -1.35,   1.08,   1.50,   0.63,  -0.11, -0.07   
     2,-1, 0,-2, 0,-1,   2.70,   2.41,   1.29,  -3.63,   0.06,  0.21   
     2,-1, 0,-2, 0,-2, -50.67,  -5.19,  13.64,  23.63,  -3.13, -2.04   
     2,-1, 1,-2, 0,-2,   0.26,  -4.70,   6.53,   0.42,  -0.17,  0.26   
     2, 1, 0,-2,-2,-2, -10.13,  -2.65,   7.52,   4.28,  -0.51, -0.22   
     2, 1, 1,-2,-2,-2,   1.03,   6.51,  -1.29,  -0.32,  -0.01, -0.12   
     2,-2, 0,-2, 2,-2,   4.77,   3.57,   3.46,   1.86,  -0.02,  0.04   
     2, 0,-1,-2, 0,-2,  -0.19,   3.71,   2.93,   2.98,   0.15, -0.18   
     2, 0, 0,-2, 0,-1,  18.90,   6.82,  -0.01,   2.39,   0.62,  0.55   
     2, 0, 0,-2, 0,-2,-300.25, -18.20,  48.00, 160.50, -14.50, -9.27   
     2, 0, 1,-2, 0,-2,   3.06,   5.51,   3.50,  -1.38,   0.00,  0.24   
     2,-1, 0,-2, 2,-2,  -4.71,   0.72,  -2.44,   3.49,  -0.01,  0.13   
     2, 1, 0,-2, 0,-2,  10.41,  -0.65,  -0.80,  -7.01,   0.21,  0.15   
     2,-1, 0, 0, 0, 0,   0.51,   7.52,   1.01,   4.70,  -0.07, -0.31   
     2,-1, 0, 0, 0,-1,  -3.27,   0.98,   1.61,  -0.43,  -0.15, -0.06   
     2, 0,-1,-2, 2,-2,  -1.68,   6.81,   1.43,  -1.08,  -0.67,  0.19   
     2, 0, 0,-2, 2,-2,-117.82,  62.45,  65.34,  63.03,  -7.52, -1.32   
     2, 0, 1,-2, 2,-2,  -1.42,   0.36,   7.40,   0.07,   0.31,  0.26   
     2, 0, 0, 0, 0, 1,   4.04,  -3.53,  -7.28,   0.84,  -0.28,  0.49   
     2, 0, 0, 0, 0, 0, -31.70,  15.24,  15.28,   1.37,  -2.66,  0.26   
     2, 0, 0, 0, 0,-1,  -4.20,  -6.12,  -1.16,  10.70,  -0.75,  0.66   
     2, 0, 0, 0, 0,-2,  -3.83,  -6.59,  -4.42,   5.61,   0.70,  0.42   
     2, 1, 0, 0, 0, 0,   0.76,  -3.65,  -0.58,   1.49,  -0.07,  0.03   
     2, 1, 0, 0, 0,-1,  -2.80,  -0.86,  -0.89,   5.37,  -0.01, -0.06   
     2, 0, 0, 2, 0, 2,  -1.69,  -2.24,  -0.44,   6.75,  -0.02, -0.02  