  AIRA      -3530219.3120  4118797.5720  3344015.8670   31.6516 130.5999  323.1
  ALGOPARK    918034.7420 -4346132.2710  4561971.1660   45.7632 281.9273  224.7
  AUSTINTX   -737793.8560 -5459892.2790  3202990.4460   30.1718 262.3043  190.3
  AZORES     4552174.6170 -2186664.6930  3882779.7980   37.5548 334.3424   59.3
  BADARY     -838200.7285  3865751.5823  4987670.9615   51.4613 102.1402  821.6
  BERMUDA    2307209.4380 -4874215.9080  3394318.0240   32.1875 295.3305  -30.0
  BLKBUTTE  -2306307.0300 -4787914.3670  3515736.3470   33.4864 244.2802  490.1
  BLOOMIND    302384.3940 -4941699.0670  4007908.5240   38.9910 273.5016  218.6
  BR-VLBA   -2112064.9780 -3705356.5200  4726813.7980   47.9399 240.3167  251.2
  BREST      4228877.0960  -333104.1800  4747181.0240   48.2167 355.4962  105.2
  CARNUSTY   3526416.3350  -171421.1920  5294098.8900   56.3011 357.2170   58.6
  CARROLGA    453520.5500 -5300506.7740  3507207.4680   33.3955 274.8904  300.2
  CHICHI10  -4490618.4700  3483908.1630  2884899.1320   26.9116 142.1950  108.2
  CHLBOLTN   4008310.0490  -100650.7480  4943794.8050   50.9569 358.5616  147.5
  CRIMEA     3785231.0680  2551207.4130  4439796.3740   44.2052  33.9796   50.9
  CTVASBAY   1091444.6420 -4351283.4290  4518706.9640   45.2076 284.0811   48.6
  CTVASTJ    2612547.1010 -3426881.2980  4686757.5890   47.4035 307.3208  158.8
  DAITO     -3786460.5110  4320156.0080  2762038.8780   25.6783 131.2334   53.4
  DEADMANL  -2336820.0080 -4732587.5070  3570330.3550   34.0762 243.7211  834.6
  DSS13	    -2351112.531  -4655530.704   3660912.7340   35.1450 243.1124 1070.4
  DSS15     -2353538.8540 -4641649.5030  3676670.0190   35.2403 243.1128  974.0
  DSS45     -4460935.4010  2682765.7110 -3674381.1930  -35.2170 148.9777  675.1
  DSS65      4849336.6940  -360488.7910  4114748.8320   40.2373 355.7486  834.5
  DSS65A    4849340.16113  -360427.7030  4114751.2003   40.2537 355.8498  834.6
  EFLSBERG   4033947.4810   486990.5150  4900430.8160   50.3359   6.8836  417.4
  ELY       -2077236.4070 -4486712.7050  4018753.6880   39.1047 245.1570 1886.9
  FD-VLBA   -1324009.1290 -5332181.9700  3231962.4720   30.4666 256.0552 1607.1
  FLAGSTAF  -1923992.7780 -4850854.6370  3658589.3290   35.0337 248.3653 2145.4
  FORTLEZA   4985370.0370 -3955020.3200  -428472.2860   -3.8520 321.5741   23.8
  FORTORDS  -2699840.4730 -4359126.8630  3781051.2000   36.4054 238.2279  250.7
  FORT_ORD  -2697026.9740 -4354393.0730  3788077.8380   36.4856 238.2267   24.5
  FTD_7900  -1324228.0000 -5332063.0680  3232023.0420   30.4674 256.0527 1584.1
  GBT-VLBA    882589.6540 -4924872.4040  3943729.4190   38.2459 280.1602  824.5
  GGAO7108   1130794.7600 -4831233.8060  3994217.0430   38.8338 283.1735   14.4
  GIFU11    -3787123.4948 3564181.71101  3680274.9467   35.2803 136.4413   60.3 
  GIFU3     -3787518.2460  3564247.1470  3679797.1720   35.2807 136.7395   54.5
  GILCREEK  -2281547.3090 -1453645.0860  5756993.1620   64.8306 212.5025  332.8
  GOLDECHO  -2350443.4547 -4651980.8063  3665630.6159   35.1759 243.5181  961.8
  GOLDMARS  -2353619.3273 -4641341.7611  3677052.1655   35.2533 243.4678 1000.7
  GOLDVENU  -2351129.1840 -4655477.0200  3660956.8770   35.0666 243.2051 1063.6
  GORF7102   1130686.5090 -4831353.0270  3994110.9330   38.8325 283.1719   18.7
  GRASSE     4581697.6340   556125.7510  4389351.4530   43.5625   6.9207 1319.3
  HALEAKAL  -5465998.5930 -2404407.9890  2242228.8130   20.5807 203.7439 3068.6
  HART15M    5085489.540   2668160.834  -2768691.933   -25.7389  27.6854 1416.4
  HARTRAO    5085442.7800  2668263.4900 -2768697.0140  -25.7389  27.6854 1416.4
  HATCREEK  -2523970.0440 -4123506.3140  4147752.5470   40.6271 238.5295 1010.0
  HAYSTACK   1492404.7310 -4457266.5250  4296881.7730   42.4316 288.5118  117.4
  HN-VLBA    1446375.1140 -4447939.6600  4322306.1220   42.7417 288.0134  296.3
  HOBART12  -3949990.6759  2522421.1993 -4311708.1701  -42.4820 147.2617   41.0
  HOBART26  -3950236.7370  2522347.5600 -4311562.5390  -42.6118 147.4405   65.8
  HOFN       2679650.2580  -727916.4390  5722807.2590   64.1169 344.8026   79.0
  HOHENFRG   3778214.7060   698644.6270  5074053.6940   52.8656  10.4765  150.5
  HOHNBERG   4213687.2340   820422.9580  4702784.2400   47.6094  11.0179 1006.4
  HRAS_085  -1324210.9990 -5332023.1530  3232118.3620   30.4683 256.0527 1595.8
  JPL_MV1   -2493306.2170 -4655197.4720  3565519.4580   34.0264 241.8267  424.8
  KAINAN    -3751040.6698  3721052.2237  3560816.6090   34.0921 135.1347   60.4
  KANOZAN   -3991747.4420  3355061.8090  3661225.3460   35.0739 139.9530  374.0
  KARLBURG   3653204.3420   884427.6150  5135732.0720   53.8004  13.6093   77.8
  KASHIM11  -3997505.6680  3276878.4090  3724240.7100   35.7729 140.6575   63.2
  KASHIM34  -3997649.2270  3276690.7540  3724278.8250   35.7732 140.6601   79.1
  KASHIMA   -3997892.2690  3276581.2780  3724118.2330   35.7714 140.6627   80.8
  KATH12M   -4147488.5710  4581377.8570 -1573427.2920  -14.3766 132.1543  189.0
  KAUAI     -5543846.0630 -2054563.6430  2387814.1110   21.9924 200.3348 1169.0
  KIRSBERG   3879830.8630   987963.3080  4948713.2720   51.0262  14.2862  261.9
  KODIAK    -3026940.2980 -1575911.7730  5370362.4980   57.5660 207.5028   32.0
  KOGANEI   -3941937.4350  3368150.9050  3702235.2990   35.5284 139.4881  126.1
  KOGANEI3  -3942077.3640  3368332.1040  3701904.8280   35.5248 139.4876  115.2
  KOKEE     -5543837.6280 -2054567.8590  2387851.9390   21.9927 200.3349 1177.3
  KP-VLBA   -1995678.6300 -5037317.7180  3357328.1290   31.7838 248.3876 1902.7
  KWAJAL26  -6143536.3270  1363997.8120  1034707.6840    9.3369 167.4821   58.1
  LA-VLBA   -1449752.3610 -4975298.5930  3709123.9260   35.5928 253.7544 1963.1
  LEFT85 3    882325.5600 -4925137.9990  3943397.6850   34.0457 252.6293 2114.5
  LEONRDOK   -522231.6420 -5145676.8720  3720152.3590   35.7264 264.2049  227.0
  MADRID64   4849092.5080 -360180.50540 4115108.62490	40.2552 355.8548  864.4
  MAMMOTHL  -2448246.8090 -4426738.1310  3875435.7770   37.4558 241.0548 2311.1
  MARCUS    -5227446.4500  2551379.6720  2607604.9890   24.1460 153.9842   42.4
  MARPOINT   1106629.3020 -4882907.1650  3938086.9680   38.1871 282.7694  -12.8
  MATERA     4641938.7700  1393003.0170  4133325.5460   40.4594  16.7040  544.1
  MCD_7850  -1330008.2030 -5328391.5790  3236502.7200   30.5119 255.9849 2004.9
  MEDICINA   4461369.9850   919596.8190  4449559.2080   44.3281  11.6469   67.9
  METSAHOV   2890652.7530  1310295.3400  5513958.7420   60.0759  24.3842   60.3
  MIAMI20     961255.3290 -5674092.5920  2740533.7960   25.4640 279.6153  -11.1
  MILESMON  -1204439.0790 -4239211.0980  4596266.0300   46.2043 254.1392  704.2
  MIURA     -3976129.9580  3377927.8880  3656753.8460   35.0263 139.6504  105.9
  MIYAZAKI  -3582768.0580  4052033.9700  3369020.5410   31.9178 131.4828  108.0
  MIZNAO10  -3857236.1030  3108803.2170  4003883.0750   38.9451 141.1323  111.7
  MIZUSGSI  -3862411.8940  3105015.0430  4001944.8750   38.9222 141.2040  173.9
  MK-VLBA   -5464074.9650 -2495249.1180  2148296.8450   19.6791 204.5445 3763.8
  MOJAVE12  -2356171.0820 -4646755.8590  3668470.5880   35.1503 243.1124  910.9
  MOJAVLBA   -2356171.064 -4646755.8550  3668470.5950   35.1953 243.4685  910.2
  MOJ_7288  -2356494.1430 -4646607.5980  3668426.5800   35.1499 243.1085  896.8
  MON_PEAK  -2386289.6280 -4802346.3110  3444884.0750   32.7166 243.5772 1839.4
  MV2ONSLA   3370641.9550   711866.1180  5349796.1710   57.2205  11.9254   44.1
  NL-VLBA    -130872.2560 -4762317.1220  4226851.0390   41.5803 268.4259  223.0
  NOBEYAMA -3871025.208    3428107.8370  3724039.1130   35.5640 138.2820 1414.1
  NOBEY_6M  -3871168.2950  3428273.9910  3723697.5800   35.7582 138.4722 1390.3
  NOME      -2658150.6180  -693821.9830  5737236.6050   64.4131 194.6288  332.4
  NOTO       4934563.1220  1321201.2610  3806484.4970   36.6915  14.9890  143.9
  NOTOX      4934563.1220  1321201.2610  3806484.4970   36.6915  14.9890  143.9
  NRAO20      883772.7470 -4924385.5960  3944042.4940   38.2496 280.1745  807.3
  NRAO85_1    883555.5470 -4924490.8870  3943961.9670   38.2487 280.1718  808.4
  NRAO85_3    882325.5690 -4925137.9940  3943397.6790   38.2424 280.1566  786.6
  NRAO_140    882879.8860 -4924482.3070  3944130.6920   38.2506 280.1642  813.2
  NYALES20   1202462.7540   252734.3950  6237766.0380   78.8564  11.8697   88.0
  OCOTILLO  -2335601.4180 -4832243.9630  3434392.8340   32.6151 244.2038  -36.0
  OHIGGINS   1525833.0130 -2432463.6630 -5676174.4870  -63.1664 302.0992   40.6
  ONSALA60   3370606.0310   711917.4850  5349830.7460   57.2209  11.9264   60.0
  ONSALA85   3370966.1210   711465.9590  5349664.0290   57.2181  11.9178   59.1
  OV-VLBA   -2409150.1140 -4478573.2320  3838617.3970   37.0465 241.7229 1197.0
  OVRO_130  -2409600.8320 -4478349.4900  3838603.1800   37.0463 241.7173 1201.6
  OVR_7853  -2410421.2970 -4477800.3420  3838690.3080   37.0474 241.7062 1178.8
  PARKES    -4554232.0090  2816758.9660 -3454035.8470  -32.8229 148.2635  415.5
  PBLOSSOM  -2464071.0020 -4649425.3840  3593905.6730   34.3327 242.0776  891.6
  PENTICTN  -2058840.5450 -3621286.5320  4814420.8520   49.1323 240.3801  530.3
  PIETOWN   -1640953.7130 -5014816.0270  3575411.8780   34.1221 251.8808 2365.4
  PINFLATS  -2369636.1000 -4761324.8040  3511116.2250   33.4321 243.5412 1236.3
  PLATTVIL  -1240708.2190 -4720454.3970  4094481.6390   39.9932 255.2737 1502.1
  PRESIDIO  -2707704.9850 -4257609.3760  3888374.2390   37.6191 237.5449  -28.7
  PT_REYES  -2732333.2960 -4217634.7360  3914491.2990   37.9168 237.0634   -1.7
  PVERDES   -2525452.9670 -4670035.3910  3522886.8540   33.5662 241.5964   70.1
  QUINCY    -2517230.9980 -4198595.1520  4076531.2350   39.7852 239.0556 1106.5
  RICHMOND    961258.0520 -5674090.0600  2740533.8090   25.4641 279.6153  -12.9
  ROBLED32   4849245.2350  -360278.1630  4114884.6040   40.2389 355.7510  841.3
  SAGARA    -3913437.8230  3501122.8110  3608593.5180   34.4977 138.1829  152.1
  SANPAULA  -2554476.9200 -4608627.2350  3582138.4610   34.2087 241.0012  185.6
  SANTIA12   1769693.1120 -5044504.5320 -3468434.9680  -32.9755 289.3317  731.0
  SC-VLBA    2607848.5210 -5488069.6900  1932739.5370   17.6451 295.4164  -14.3
  SEATTLE1  -2295347.9910 -3638029.3570  4693408.5010   47.4940 237.7509  -15.7
  SESHAN25  -2831686.9130  4675733.6660  3275327.6900   30.9292 121.1997   30.1
  SEST       1838237.8810 -5258699.2630 -3100588.7410  -29.0997 289.2677 2416.5
  SHANGHAI  -2847698.0840  4659872.2880  3283958.4610   31.0200 121.4296   18.5
  SINTOTU   -3642141.9430  2861496.5580  4370361.6550   43.3366 141.8446  119.3
  SINTOTU3  -3642142.0760  2861496.6730  4370361.8280   43.3366 141.8446  119.5
  SNDPOINT  -3425462.0230 -1214669.1090  5223858.1640   55.1721 199.5245   93.4
  SOURDOGH  -2419993.6790 -1664228.7270  5643538.1040   62.5066 214.5163  748.7
  SUWON     -3062023.9880  4055453.8080  3841809.9920   37.0901 127.0542   82.2
  SVETLOE    2730173.8690  1562442.6570  5529969.0550   60.3672  29.7819   86.7
  SYOWA      1766194.1240  1460410.9220 -5932273.3570  -68.8773  39.5863   51.7
  TATEYAMA  -4000983.4050  3375275.9670  3632213.1870   34.7566 139.8486  126.9
  TIDBIN64  -4460894.2180  2682361.2090 -3674747.6030  -35.2209 148.9813  688.6
  TIGOCONC   1492054.0300 -4887960.9660 -3803541.4110  -36.6582 286.9749  171.6
  TIGOWTZL   4075572.6810   931755.1200  4801584.3580   48.9540  12.8776  659.6
  TITIJIMA  -4489356.5720  3482989.6460  2887931.2410   26.9422 142.1945   99.6
  TOMAK011  -3680586.3543  2917515.8263  4300987.6718   42.4025 141.3549   89.9
  TOULOUSE   4627949.9790   119843.6700  4372863.0180   43.3671   1.4834  192.9
  TROMSONO   2102904.0430   721602.5950  5958201.3480   69.5372  18.9394  133.6
  TRYSILNO   2988029.1710   655957.0700  5578669.1510   61.2609  12.3816  724.7
  TSUKU3    -3957184.4790  3310224.8250  3737709.0860   35.9226 140.0872   70.3
  TSUKUB32  -3957408.7520  3310229.3670  3737494.7890   35.9201 140.0887   85.4
  TSUKUBA   -3957172.9220  3310237.9590  3737708.9370   35.9226 140.0870   69.9
  URUMQI      228310.7310  4631922.8970  4367064.0750   43.2795  87.1781 2034.0
  USSURISK  -3059725.3240  3427256.7830  4409485.7410   43.8238 131.7573  155.7
  USUDA64   -3855355.4090  3427427.6230  3740971.2910   35.9494 138.3628 1533.5
  VERAISGK  -3263994.8821  4808056.3608  2619949.1356   24.2443 124.1015   65.1
  VERAMZSW  -3857241.8227  3108784.9037  4003900.5591   39.0800 141.0757  116.5
  VERNAL    -1631473.3780 -4589129.0050  4106759.8980   40.1372 250.4293 1591.3
  VICTORIA  -2341310.1470 -3539083.8820  4745768.3280   48.1984 236.5130   25.9
  VLA       -1601185.3050 -5041977.4570  3554875.9180   33.9005 252.3817 2115.5
  VLA-N8    -1601147.8964 -5041733.4948  3555235.6912   34.0457 252.6293 2114.5
  VLBA85 3    882325.5600 -4925137.9990  3943397.6850   34.0457 252.6293 2114.5
  VNDNBERG  -2678094.9520 -4525450.5720  3597410.3390   34.3765 239.3836  -11.6
  WARK12M   -5115324.4331   477843.3118 -3767192.9154  -36.4348 174.6633  128.0
  WESTFORD   1492206.5880 -4458130.5180  4296015.5410   42.4212 288.5062   87.5
  WETTZELL   4075539.8830   931735.2610  4801629.3710   48.9545  12.8775  669.8
  WHTHORSE  -2215213.3870 -2209261.2670  5540291.8440   60.5468 224.9229  710.3
  WIDE85 3    882325.5600 -4925137.9990  3943397.6850   38.2546 280.4964  785.9
  YAKATAGA  -2529744.3900 -1942091.0810  5505028.1130   59.9148 217.5135   21.8
  YARRA12M  -2388896.3190  5043349.3020 -3078591.2950  -29.0472 115.3456  248.0
  YEBES      4848780.3000  -261702.0790  4123035.7490   40.3342 356.9106  980.6
  YEBES40M   4848761.8425  -261484.2773  4123084.9599   40.3128 356.9106  988.9
  YELLOWKN  -1224124.6420 -2689530.6680  5633555.3270   62.3214 245.5276  177.5
  YLOW7296  -1224399.5690 -2689273.2560  5633620.2670   62.3226 245.5207  179.5
  YUMA      -2196778.2265 -4887337.2750  3448425.2538   32.5620 245.8789  238.8
  ZELENCHK   3451207.6400  3060375.3462  4391915.0081   43.4716  41.3354 1175.1