                       STATION POSITIONS AT EPOCH 2005.0 AND VELOCITIES
DOMES NB. SITE NAME        TECH. ID.        X/Vx       Y/Vy         Z/Vz         Sigmas          SOLN  DATA_START   DATA_END
                                            -----------------------m/m/y---------------------
------------------------------------------------------------------------------------------------------------------------
10317S003 NYALES20         VLBI 7331  1202462.642   252734.460  6237766.126 0.00004 0.00004 0.00008
10317S003                                 -0.0145       0.0075       0.0108 0.00001 0.00001 0.00001
10329M001 TRYSILNO         VLBI 7607  2988029.068   655957.139  5578669.257 0.03349 0.01132 0.06083
10329M001                                 -0.0110       0.0086       0.0159 0.00260 0.00088 0.00473
10402S002 ONSALA60         VLBI 7213  3370605.915   711917.603  5349830.823 0.00006 0.00004 0.00009
10402S002                                 -0.0140       0.0146       0.0108 0.00001 0.00001 0.00001
10503S002 METSAHOV         VLBI 7385  2892584.983  1311715.483  5512640.086 0.00065 0.00041 0.00105
10503S002                                 -0.0162       0.0146       0.0102 0.00014 0.00009 0.00023
12337S008 CRIMEA           VLBI 7332  3785230.901  2551207.543  4439796.458 0.00040 0.00029 0.00046
12337S008                                 -0.0207       0.0160       0.0102 0.00006 0.00004 0.00007
12338S003 BADARY           VLBI 7382  -838200.847  3865751.564  4987670.918 0.00023 0.00049 0.00072
12338S003                                 -0.0277       0.0008      -0.0020 0.00004 0.00008 0.00012
12350S001 SVETLOE          VLBI 7380  2730173.820  1562442.688  5529969.082 0.00013 0.00009 0.00023
12350S001                                 -0.0185       0.0130       0.0080 0.00003 0.00002 0.00005
12351S001 ZELENCHK         VLBI 7381  3451207.707  3060375.299  4391914.979 0.00032 0.00027 0.00042  1 00:000:00000 07:210:00000
12351S001                                 -0.0224       0.0135       0.0074 0.00008 0.00007 0.00010
12351S001 ZELENCHK         VLBI 7381  3451207.717  3060375.306  4391914.988 0.00042 0.00036 0.00055  2 07:210:00000 00:000:00000
12351S001                                 -0.0224       0.0135       0.0074 0.00008 0.00007 0.00010
12711S001 MEDICINA         VLBI 7230  4461369.839   919596.973  4449559.293 0.00029 0.00013 0.00030  1 00:000:00000 96:183:00000
12711S001                                 -0.0182       0.0188       0.0113 0.00002 0.00001 0.00002
12711S001 MEDICINA         VLBI 7230  4461369.843   919596.974  4449559.297 0.00009 0.00005 0.00011  2 96:183:00000 00:000:00000
12711S001                                 -0.0182       0.0188       0.0113 0.00002 0.00001 0.00002
12717S001 NOTO             VLBI 7547  4934562.983  1321201.402  3806484.618 0.00027 0.00012 0.00024
12717S001                                 -0.0176       0.0176       0.0154 0.00004 0.00002 0.00003
12734S005 MATERA           VLBI 7243  4641938.623  1393003.170  4133325.659 0.00008 0.00005 0.00009
12734S005                                 -0.0189       0.0189       0.0144 0.00001 0.00001 0.00001
13407S010 DSS65            VLBI 1565  4849336.621  -360488.638  4114748.951 0.00114 0.00040 0.00118  1 00:000:00000 97:105:00000
13407S010                                 -0.0080       0.0190       0.0149 0.00009 0.00003 0.00010
13407S010 DSS65            VLBI 1565  4849336.630  -360488.637  4114748.946 0.00059 0.00021 0.00062  2 97:105:00000 00:000:00000
13407S010                                 -0.0080       0.0190       0.0149 0.00009 0.00003 0.00010
13407S014 DSS65A           VLBI 1567  4849339.628  -360427.650  4114750.735 0.00077 0.00025 0.00078
13407S014                                 -0.0080       0.0190       0.0149 0.00009 0.00003 0.00010
13420S001 YEBES            VLBI 7333  4848780.213  -261701.924  4123035.846 0.00170 0.00047 0.00156
13420S001                                 -0.0104       0.0189       0.0124 0.00031 0.00008 0.00029
13420S002 YEBES40M         VLBI 7386  4848761.877  -261484.340  4123084.922 0.00373 0.00148 0.00359  1 00:000:00000 11:192:00000
13420S002                                 -0.0107       0.0192       0.0120 0.00065 0.00026 0.00063
13420S002 YEBES40M         VLBI 7386  4848761.911  -261484.345  4123084.954 0.00169 0.00068 0.00164  2 11:192:00000 00:000:00000
13420S002                                 -0.0103       0.0197       0.0120 0.00021 0.00008 0.00020
14201S004 WETTZELL         VLBI 7224  4075539.758   931735.400  4801629.450 0.00005 0.00004 0.00007
14201S004                                 -0.0160       0.0170       0.0101 0.00001 0.00001 0.00001
14201S100 TIGOWTZL         VLBI 7593  4075572.546   931755.251  4801584.437 0.00589 0.00220 0.00691
14201S100                                 -0.0175       0.0156       0.0087 0.00104 0.00039 0.00123
14209S001 EFLSBERG         VLBI 7203  4033947.350   486990.645  4900430.886 0.00093 0.00034 0.00107  1 00:000:00000 96:275:00000
14209S001                                 -0.0141       0.0167       0.0107 0.00007 0.00003 0.00008
14209S001 EFLSBERG         VLBI 7203  4033947.367   486990.652  4900430.904 0.00039 0.00014 0.00047  2 96:275:00000 00:000:00000
14209S001                                 -0.0141       0.0167       0.0107 0.00007 0.00003 0.00008
21605S009 SESHAN25         VLBI 7227 -2831687.150  4675733.581  3275327.600 0.00012 0.00015 0.00014
21605S009                                 -0.0302      -0.0114      -0.0113 0.00002 0.00002 0.00002
21612S001 URUMQI           VLBI 7330   228310.471  4631922.776  4367064.024 0.00012 0.00025 0.00025
21612S001                                 -0.0320      -0.0017       0.0054 0.00002 0.00004 0.00004
21701S001 KASHIMA          VLBI 1856 -3997892.276  3276581.328  3724118.167 0.00058 0.00040 0.00059
21701S001                                 -0.0011       0.0052      -0.0089 0.00005 0.00003 0.00005
21701S004 KASHIM34         VLBI 1857 -3997649.247  3276690.809  3724278.788 0.00025 0.00022 0.00026
21701S004                                 -0.0015       0.0051      -0.0070 0.00003 0.00002 0.00003
21702S010 MIZNAO10         VLBI 7324 -3857236.470  3108803.476  4003883.288 0.03231 0.02039 0.02618
21702S010                                 -0.0322       0.0237       0.0174 0.00291 0.00185 0.00238
21702S012 VERAMZSW         VLBI 7362 -3857240.580  3108786.065  4003901.853 0.01564 0.01270 0.01431
21702S012                                 -0.2191      -0.2055      -0.2481 0.00283 0.00229 0.00260
21730S007 TSUKUB32         VLBI 7345 -3957408.793  3310229.442  3737494.779 0.00010 0.00009 0.00013  1 00:000:00000 11:070:00000
21730S007                                 -0.0034       0.0047      -0.0052 0.00003 0.00002 0.00003
21730S007 TSUKUB32         VLBI 7345 -3957408.456  3310229.354  3737494.844 0.00391 0.00345 0.00463  2 11:070:00000 12:183:00000
21730S007                                 -0.1218      -0.0759      -0.0219 0.00057 0.00050 0.00067
21730S007 TSUKUB32         VLBI 7345 -3957408.902  3310228.956  3737494.705 0.00748 0.00685 0.00852  3 12:183:00000 13:120:00000
21730S007                                 -0.0599      -0.0215      -0.0036 0.00094 0.00086 0.00107
21730S007 TSUKUB32         VLBI 7345 -3957409.139  3310228.982  3737494.861 0.01474 0.01352 0.01668  4 13:120:00000 00:000:00000
21730S007                                 -0.0322      -0.0240      -0.0209 0.00159 0.00146 0.00180
21731S003 SINTOTU3         VLBI 7346 -3642142.276  2861496.580  4370361.692 0.01692 0.01324 0.01872
21731S003                                 -0.0245       0.0055      -0.0101 0.00342 0.00266 0.00377
21732S004 CHICHI10         VLBI 7347 -4490618.293  3483908.336  2884899.219 0.00378 0.00311 0.00248
21732S004                                  0.0260       0.0332       0.0094 0.00067 0.00055 0.00044
21736S002 VERAISGK         VLBI 7365 -3263994.692  4808056.331  2619949.241 0.02766 0.03836 0.02215
21736S002                                 -0.0577       0.0090      -0.0403 0.00480 0.00665 0.00385
21742S002 AIRA             VLBI 7348 -3530219.549  4118797.538  3344015.774 0.00508 0.00554 0.00448  1 00:000:00000 11:070:00000
21742S002                                 -0.0211      -0.0127      -0.0228 0.00103 0.00113 0.00092
21742S002 AIRA             VLBI 7348 -3530219.440  4118797.513  3344015.660 0.01457 0.01606 0.01309  2 11:070:00000 00:000:00000
21742S002                                 -0.0353      -0.0102      -0.0058 0.00164 0.00181 0.00148
30302S001 HARTRAO          VLBI 7232  5085442.775  2668263.638 -2768696.879 0.00019 0.00013 0.00012
30302S001                                 -0.0013       0.0193       0.0165 0.00003 0.00002 0.00002
30302S009 HART15M          VLBI 7378  5085490.837  2668161.339 -2768692.756 0.01240 0.00766 0.00777
30302S009                                 -0.0041       0.0190       0.0171 0.00137 0.00085 0.00085
40101M003 CTVASTJ          VLBI 7625  2612545.559 -3426878.774  4686756.163 0.00068 0.00086 0.00115
40101M003                                 -0.0117      -0.0094       0.0176 0.00063 0.00086 0.00109
40104S001 ALGOPARK         VLBI 7282   918034.616 -4346132.295  4561971.197 0.00007 0.00012 0.00015
40104S001                                 -0.0161      -0.0037       0.0040 0.00001 0.00002 0.00002
40127M004 YLOW7296         VLBI 7296 -1224399.735 -2689273.296  5633620.279 0.00023 0.00033 0.00056
40127M004                                 -0.0208      -0.0051       0.0016 0.00003 0.00004 0.00006
40403M001 PVERDES          VLBI 7268 -2525453.402 -4670035.374  3522887.248 0.06786 0.12350 0.08951
40403M001                                 -0.0408       0.0174       0.0298 0.00449 0.00817 0.00592
40405S009 MOJAVE12         VLBI 7222 -2356171.171 -4646755.774  3668470.558 0.00049 0.00082 0.00101  1 00:000:00000 92:179:00000
40405S009                                 -0.0150       0.0073      -0.0035 0.00003 0.00006 0.00007
40405S009 MOJAVE12         VLBI 7222 -2356171.191 -4646755.780  3668470.551 0.00056 0.00098 0.00108  2 92:179:00000 00:000:00000
40405S009                                 -0.0150       0.0073      -0.0035 0.00003 0.00006 0.00007
40405S019 DSS15            VLBI 1515 -2353538.987 -4641649.432  3676669.971 0.00120 0.00198 0.00219  1 00:000:00000 92:179:00000
40405S019                                 -0.0185       0.0052      -0.0022 0.00006 0.00009 0.00008
40405S019 DSS15            VLBI 1515 -2353538.987 -4641649.431  3676669.956 0.00043 0.00060 0.00056  2 92:179:00000 00:000:00000
40405S019                                 -0.0185       0.0052      -0.0022 0.00006 0.00009 0.00008
40405S039 DSS13            VLBI 1516 -2351112.696 -4655530.638  3660912.710 0.00265 0.00399 0.00378
40405S039                                 -0.0184       0.0061      -0.0012 0.00068 0.00099 0.00095
40406M001 PRESIDIO         VLBI 7252 -2707705.099 -4257609.109  3888374.151 0.01283 0.02002 0.01730  1 00:000:00000 89:274:00000
40406M001                                 -0.0178       0.0296      -0.0012 0.00072 0.00112 0.00097
40406M001 PRESIDIO         VLBI 7252 -2707705.100 -4257609.113  3888374.165 0.01004 0.01567 0.01367  2 89:274:00000 00:000:00000
40406M001                                 -0.0178       0.0296      -0.0012 0.00072 0.00112 0.00097
40407M001 PINFLATS         VLBI 7256 -2369636.189 -4761324.513  3511116.175 0.01578 0.03083 0.02394
40407M001                                 -0.0187       0.0240       0.0020 0.00096 0.00189 0.00147
40408S002 GILCREEK         VLBI 7225 -2281547.476 -1453645.106  5756993.099 0.00008 0.00008 0.00015  1 00:000:00000 02:307:79961
40408S002                                 -0.0216      -0.0035      -0.0075 0.00001 0.00001 0.00002
40408S002 GILCREEK         VLBI 7225 -2281547.520 -1453645.172  5756993.094 0.00050 0.00044 0.00110  2 02:307:79961 03:030:00000
40408S002                                 -0.0269      -0.0095      -0.0030 0.00024 0.00021 0.00053
40408S002 GILCREEK         VLBI 7225 -2281547.523 -1453645.174  5756993.090 0.00046 0.00041 0.00102  3 03:030:00000 03:119:00000
40408S002                                 -0.0260      -0.0087      -0.0015 0.00025 0.00022 0.00055
40408S002 GILCREEK         VLBI 7225 -2281547.522 -1453645.176  5756993.092 0.00041 0.00036 0.00089  4 03:119:00000 03:274:00000
40408S002                                 -0.0262      -0.0082      -0.0020 0.00027 0.00023 0.00059
40408S002 GILCREEK         VLBI 7225 -2281547.524 -1453645.178  5756993.088 0.00032 0.00029 0.00071  5 03:274:00000 04:090:00000
40408S002                                 -0.0258      -0.0076      -0.0011 0.00029 0.00026 0.00064
40408S002 GILCREEK         VLBI 7225 -2281547.521 -1453645.179  5756993.085 0.00022 0.00020 0.00047  6 04:090:00000 04:365:00000
40408S002                                 -0.0265      -0.0074      -0.0005 0.00032 0.00028 0.00071
40408S002 GILCREEK         VLBI 7225 -2281547.516 -1453645.181  5756993.076 0.00027 0.00024 0.00059  7 04:365:00000 06:365:00000
40408S002                                 -0.0274      -0.0069       0.0014 0.00040 0.00035 0.00088
40410M001 PT_REYES         VLBI 7251 -2732333.470 -4217634.486  3914491.418 0.01123 0.01658 0.01570
40410M001                                 -0.0255       0.0252       0.0212 0.00071 0.00104 0.00099
40419M001 KODIAK           VLBI 7278 -3026940.549 -1575911.795  5370362.686 0.01244 0.01008 0.02250
40419M001                                 -0.0259      -0.0001       0.0122 0.00076 0.00064 0.00139
40420M002 VNDNBERG         VLBI 7223 -2678095.181 -4525450.318  3597410.515 0.00209 0.00313 0.00286
40420M002                                 -0.0300       0.0305       0.0219 0.00013 0.00019 0.00017
40423M001 SNDPOINT         VLBI 7280 -3425462.204 -1214669.146  5223858.165 0.01383 0.00860 0.02094
40423M001                                 -0.0214      -0.0009      -0.0052 0.00087 0.00055 0.00132
40424S001 KAUAI            VLBI 1311 -5543846.132 -2054563.115  2387814.378 0.00110 0.00069 0.00097
40424S001                                 -0.0094       0.0642       0.0330 0.00008 0.00005 0.00007
40424S007 KOKEE            VLBI 7298 -5543837.698 -2054567.352  2387852.201 0.00008 0.00007 0.00008
40424S007                                 -0.0094       0.0629       0.0324 0.00001 0.00001 0.00001
40427M001 FORT_ORD         VLBI 7266 -2697027.083 -4354392.590  3788077.846 0.01836 0.02904 0.02537
40427M001                                 -0.0237       0.0416       0.0152 0.00105 0.00166 0.00145
40427M002 FORTORDS         VLBI 7241 -2699840.613 -4359126.428  3781051.244 0.01671 0.02644 0.02314  1 00:000:00000 89:274:00000
40427M002                                 -0.0237       0.0416       0.0152 0.00105 0.00166 0.00145
40427M002 FORTORDS         VLBI 7241 -2699840.584 -4359126.402  3781051.284 0.01549 0.02451 0.02152  2 89:274:00000 00:000:00000
40427M002                                 -0.0237       0.0416       0.0152 0.00105 0.00166 0.00145
40428M001 SANPAULA         VLBI 7255 -2554477.295 -4608627.288  3582138.922 0.08214 0.14050 0.10880
40428M001                                 -0.0416       0.0051       0.0382 0.00519 0.00888 0.00688
40430M001 BLKBUTTE         VLBI 7269 -2306307.352 -4787914.717  3515736.495 0.03921 0.08008 0.05515
40430M001                                 -0.0269      -0.0144       0.0025 0.00223 0.00455 0.00314
40432M001 ELY              VLBI 7286 -2077236.447 -4486712.451  4018753.406 0.01969 0.04041 0.03348
40432M001                                 -0.0122       0.0160      -0.0204 0.00117 0.00241 0.00199
40433M004 QUINCY           VLBI 7221 -2517231.144 -4198595.111  4076531.245 0.00907 0.01506 0.01467
40433M004                                 -0.0190       0.0067      -0.0019 0.00056 0.00094 0.00092
40439S002 OVRO_130         VLBI 7207 -2409600.936 -4478349.336  3838603.131 0.00332 0.00611 0.00532
40439S002                                 -0.0149       0.0135      -0.0060 0.00018 0.00033 0.00029
40439S006 OV-VLBA          VLBI 7616 -2409150.257 -4478573.170  3838617.367 0.00007 0.00013 0.00010
40439S006                                 -0.0184       0.0065      -0.0036 0.00001 0.00002 0.00002
40440S002 HAYSTACK         VLBI 7205  1492404.600 -4457266.509  4296881.801 0.00113 0.00213 0.00266
40440S002                                 -0.0160      -0.0003       0.0043 0.00007 0.00013 0.00016
40440S003 WESTFORD         VLBI 7209  1492206.465 -4458130.521  4296015.570 0.00005 0.00006 0.00008
40440S003                                 -0.0156      -0.0014       0.0042 0.00001 0.00001 0.00001
40441S004 NRAO85_3         VLBI 7214   882325.456 -4925137.995  3943397.701 0.00045 0.00117 0.00098  1 00:000:00000 90:335:00000
40441S004                                 -0.0145      -0.0013       0.0032 0.00003 0.00008 0.00007
40441S004 NRAO85_3         VLBI 7214   882325.446 -4925138.000  3943397.706 0.00036 0.00089 0.00076  2 90:335:00000 00:000:00000
40441S004                                 -0.0145      -0.0013       0.0032 0.00003 0.00008 0.00007
40441S007 NRAO20           VLBI 7208   883772.633 -4924385.607  3944042.522 0.00022 0.00044 0.00042
40441S007                                 -0.0143      -0.0026       0.0040 0.00003 0.00006 0.00006
40442S003 HRAS_085         VLBI 7216 -1324211.103 -5332023.147  3232118.309 0.00055 0.00166 0.00135
40442S003                                 -0.0130      -0.0005      -0.0050 0.00003 0.00010 0.00008
40442S017 FD-VLBA          VLBI 7613 -1324009.226 -5332181.954  3231962.430 0.00006 0.00014 0.00010
40442S017                                 -0.0126       0.0003      -0.0047 0.00001 0.00002 0.00001
40451M102 GORF7102         VLBI 7102  1130686.381 -4831353.013  3994110.924 0.00151 0.00445 0.00364
40451M102                                 -0.0157       0.0008       0.0010 0.00010 0.00030 0.00025
40451M125 GGAO7108         VLBI 7108  1130794.633 -4831233.786  3994217.040 0.00102 0.00298 0.00247  1 00:000:00000 03:001:00000
40451M125                                 -0.0157       0.0008       0.0010 0.00010 0.00030 0.00025
40451M125 GGAO7108         VLBI 7108  1130794.407 -4831232.869  3994216.235 0.00176 0.00564 0.00432  2 03:001:00000 00:000:00000
40451M125                                 -0.0157       0.0008       0.0010 0.00010 0.00030 0.00025
40456S001 PIETOWN          VLBI 7234 -1640953.819 -5014816.022  3575411.841 0.00016 0.00037 0.00027  1 00:000:00000 97:245:00000
40456S001                                 -0.0141      -0.0007      -0.0048 0.00001 0.00003 0.00002
40456S001 PIETOWN          VLBI 7234 -1640953.826 -5014816.021  3575411.829 0.00012 0.00026 0.00021  2 97:245:00000 01:200:00000
40456S001                                 -0.0141      -0.0007      -0.0048 0.00001 0.00003 0.00002
40456S001 PIETOWN          VLBI 7234 -1640953.828 -5014816.021  3575411.830 0.00008 0.00016 0.00013  3 01:200:00000 00:000:00000
40456S001                                 -0.0141      -0.0007      -0.0048 0.00001 0.00003 0.00002
40463S001 LA-VLBA          VLBI 7611 -1449752.471 -4975298.578  3709123.884 0.00006 0.00012 0.00009
40463S001                                 -0.0142       0.0004      -0.0049 0.00001 0.00002 0.00001
40465S001 NL-VLBA          VLBI 7612  -130872.377 -4762317.102  4226851.019 0.00005 0.00013 0.00011
40465S001                                 -0.0154       0.0013      -0.0022 0.00001 0.00002 0.00002
40466S001 KP-VLBA          VLBI 7610 -1995678.733 -5037317.700  3357328.074 0.00007 0.00013 0.00009
40466S001                                 -0.0136       0.0005      -0.0063 0.00001 0.00002 0.00001
40471S001 HN-VLBA          VLBI 7618  1446374.989 -4447939.663  4322306.151 0.00008 0.00017 0.00016
40471S001                                 -0.0156      -0.0016       0.0042 0.00001 0.00003 0.00002
40473S001 BR-VLBA          VLBI 7614 -2112065.092 -3705356.509  4726813.738 0.00007 0.00011 0.00012
40473S001                                 -0.0147       0.0003      -0.0073 0.00001 0.00002 0.00002
40477S001 MK-VLBA          VLBI 7617 -5464075.071 -2495248.608  2148297.104 0.00019 0.00013 0.00012
40477S001                                 -0.0142       0.0631       0.0323 0.00003 0.00002 0.00002
40489S001 HATCREEK         VLBI 7218 -2523970.201 -4123506.260  4147752.517 0.00152 0.00243 0.00250
40489S001                                 -0.0197       0.0063      -0.0046 0.00009 0.00015 0.00015
40490S001 MARPOINT         VLBI 7217  1106629.315 -4882907.141  3938087.011 0.01007 0.02225 0.01813
40490S001                                 -0.0065       0.0023       0.0041 0.00064 0.00141 0.00115
40491M003 FLAGSTAF         VLBI 7261 -1923992.904 -4850854.646  3658589.288 0.00529 0.01271 0.00985
40491M003                                 -0.0175      -0.0065      -0.0016 0.00032 0.00076 0.00058
40492M002 VERNAL           VLBI 7290 -1631473.486 -4589129.029  4106759.868 0.00770 0.01968 0.01690
40492M002                                 -0.0151      -0.0070      -0.0006 0.00049 0.00125 0.00107
40493M001 YUMA             VLBI 7894 -2196778.166 -4887337.351  3448425.282 0.01712 0.03726 0.02595
40493M001                                 -0.0185      -0.0165       0.0020 0.00097 0.00211 0.00147
40496M002 PLATTVIL         VLBI 7258 -1240708.348 -4720454.416  4094481.600 0.00421 0.01259 0.01058
40496M002                                 -0.0167      -0.0035      -0.0035 0.00024 0.00073 0.00061
40497M003 MON_PEAK         VLBI 7274 -2386289.870 -4802346.002  3444884.098 0.00807 0.01638 0.01157
40497M003                                 -0.0317       0.0341       0.0069 0.00047 0.00094 0.00067
40499S001 RICHMOND         VLBI 7219   961257.970 -5674090.042  2740533.808 0.00038 0.00081 0.00053
40499S001                                 -0.0101      -0.0001       0.0017 0.00003 0.00005 0.00004
40499S019 MIAMI20          VLBI 7201   961255.252 -5674092.599  2740533.808 0.00036 0.00092 0.00056
40499S019                                 -0.0101      -0.0001       0.0017 0.00003 0.00005 0.00004
41602S001 FORTLEZA         VLBI 7297  4985370.025 -3955020.358  -428472.184 0.00014 0.00012 0.00009
41602S001                                 -0.0024      -0.0038       0.0126 0.00002 0.00002 0.00001
41705S006 SANTIA12         VLBI 1404  1769693.299 -5044504.592 -3468434.884 0.00193 0.00328 0.00248
41705S006                                  0.0228      -0.0068       0.0106 0.00018 0.00031 0.00024
41719S001 TIGOCONC         VLBI 7640  1492054.242 -4887961.005 -3803541.325 0.00019 0.00035 0.00026  1 00:000:00000 10:058:00000
41719S001                                  0.0355      -0.0013       0.0177 0.00007 0.00013 0.00010
41719S001 TIGOCONC         VLBI 7640  1492052.978 -4887960.922 -3803541.489 0.06306 0.13040 0.10030  2 10:058:00000 10:146:00000
41719S001                                 -0.3088      -0.1088      -0.0486 0.01189 0.02459 0.01889
41719S001 TIGOCONC         VLBI 7640  1492051.699 -4887961.323 -3803541.953 0.00608 0.01148 0.00950  3 10:146:00000 11:310:00000
41719S001                                 -0.0740      -0.0340       0.0370 0.00102 0.00191 0.00158
41719S001 TIGOCONC         VLBI 7640  1492051.206 -4887961.539 -3803541.854 0.00265 0.00500 0.00396  4 11:310:00000 00:000:00000
41719S001                                  0.0001      -0.0017       0.0219 0.00034 0.00064 0.00050
43201S001 SC-VLBA          VLBI 7615  2607848.579 -5488069.610  1932739.635 0.00013 0.00026 0.00014
43201S001                                  0.0074       0.0094       0.0122 0.00002 0.00004 0.00002
50103S010 DSS45            VLBI 1545 -4460935.691  2682765.712 -3674380.830 0.00061 0.00042 0.00054
50103S010                                 -0.0365       0.0002       0.0452 0.00006 0.00004 0.00005
50107S012 YARRA12M         VLBI 7376 -2388895.729  5043349.900 -3078591.245 0.00283 0.00403 0.00302
50107S012                                 -0.0500       0.0119       0.0488 0.00032 0.00046 0.00034
50108S001 PARKES           VLBI 7202 -4554232.252  2816758.920 -3454035.430 0.00282 0.00178 0.00214
50108S001                                 -0.0336      -0.0037       0.0490 0.00058 0.00038 0.00045
50116S002 HOBART26         VLBI 7242 -3950237.046  2522347.622 -4311562.207 0.00018 0.00015 0.00016
50116S002                                 -0.0391       0.0079       0.0411 0.00002 0.00002 0.00002
50116S007 HOBART12         VLBI 7374 -3949990.480  2522421.161 -4311708.394 0.00199 0.00147 0.00199
50116S007                                 -0.0384       0.0067       0.0451 0.00024 0.00018 0.00024
50243S001 WARK12M          VLBI 7377 -5115324.244   477843.311 -3767193.122 0.00970 0.00375 0.00736
50243S001                                 -0.0235      -0.0013       0.0355 0.00109 0.00042 0.00083
50505S003 KWAJAL26         VLBI 4968 -6143536.094  1363998.336  1034707.878 0.02641 0.00740 0.01036
50505S003                                  0.0230       0.0684       0.0269 0.00142 0.00040 0.00058
59968S001 KATH12M          VLBI 7375 -4147354.350  4581542.475 -1573303.689 0.00280 0.00290 0.00181
59968S001                                 -0.0371      -0.0098       0.0589 0.00033 0.00034 0.00021
66006S004 SYOWA            VLBI 7342  1766194.170  1460410.920 -5932273.338 0.00043 0.00041 0.00079
66006S004                                  0.0050      -0.0004      -0.0004 0.00010 0.00009 0.00018
66008S001 OHIGGINS         VLBI 7245  1525833.166 -2432463.677 -5676174.496 0.00035 0.00041 0.00072
66008S001                                  0.0180      -0.0020      -0.0011 0.00005 0.00006 0.00010
