AIRA       31.82  130.60  322.39   -0.51    0.53   -0.70   -0.35    0.24   -0.18   -0.06   -0.05    0.40    0.47    0.10   -0.02 
ALGOPARK   45.96  281.93  224.00    0.57    0.02   -0.04   -0.48   -0.38    0.08   -0.06   -0.01   -0.15   -0.58   -0.02   -0.04 
AUSTINTX   30.34  262.30  189.63    0.94    0.30    0.57   -0.66   -0.27   -0.06   -0.03   -0.03    0.05   -0.57    0.01   -0.03 
AZORES     37.74  334.34   58.57    0.24   -0.30   -0.69    0.08   -0.12    0.29   -0.07    0.05   -0.59   -0.26   -0.08   -0.03 
BERMUDA    32.36  295.33  -30.69    0.60   -0.07   -0.32   -0.74   -0.24    0.11   -0.07   -0.01   -0.27   -0.54   -0.02   -0.05 
BLKBUTTE   33.66  244.28  489.40    0.62    0.54    0.75   -0.20   -0.27   -0.14   -0.02   -0.01    0.20   -0.54    0.01   -0.02 
BLOOMIND   39.18  273.50  217.94    0.75    0.15    0.18   -0.61   -0.33    0.02   -0.05   -0.02   -0.06   -0.58   -0.01   -0.04 
BR-VLBA    48.13  240.32  250.50    0.38    0.39    0.37   -0.05   -0.38   -0.20   -0.04   -0.00    0.26   -0.53    0.00   -0.04 
BREST      48.41  355.50  104.48    0.08   -0.29   -0.34    0.32    0.00    0.41   -0.02    0.07   -0.64   -0.03   -0.09    0.01 
CARNUSTY   56.48  357.22   57.86    0.05   -0.18   -0.25    0.22    0.01    0.48   -0.01    0.07   -0.65   -0.02   -0.08    0.01 
CARROLGA   33.57  274.89  299.52    0.85    0.14    0.22   -0.75   -0.29    0.01   -0.05   -0.02   -0.07   -0.57    0.00   -0.04 
CHICHI10   27.07  142.20  107.52   -0.38    0.59   -0.91   -0.06    0.17   -0.18   -0.07   -0.03    0.49    0.39    0.08   -0.05 
CHLBOLTN   51.15  358.56  146.79    0.05   -0.29   -0.28    0.30    0.03    0.43   -0.01    0.07   -0.64    0.00   -0.09    0.01 
CRIMEA     44.40   33.98   50.19   -0.21   -0.45    0.20    0.40    0.27    0.30    0.05    0.06   -0.49    0.34   -0.07    0.07 
CTVASBAY   45.40  284.08   47.94    0.57    0.01   -0.07   -0.49   -0.38    0.10   -0.06   -0.01   -0.17   -0.58   -0.02   -0.04 
CTVASTJ    47.60  307.32  155.06    0.33   -0.13   -0.39   -0.29   -0.33    0.25   -0.07    0.02   -0.40   -0.50   -0.05   -0.04 
DEADMANL   34.25  243.72  833.91    0.60    0.53    0.74   -0.18   -0.28   -0.14   -0.02   -0.01    0.21   -0.54    0.01   -0.02 
DSS15      35.42  243.11  973.22    0.58    0.51    0.71   -0.16   -0.29   -0.14   -0.02   -0.01    0.22   -0.54    0.01   -0.02 
DSS45     -35.40  148.98  674.36   -0.40    0.58   -0.79    0.20   -0.12    0.23    0.02    0.03    0.51    0.34    0.07   -0.05 
DSS65      40.43  355.75  833.84    0.08   -0.51   -0.45    0.43    0.01    0.32   -0.03    0.07   -0.63   -0.02   -0.10   -0.00 
EFLSBERG   50.52    6.88  416.67   -0.01   -0.35   -0.19    0.36    0.09    0.42   -0.00    0.07   -0.62    0.08   -0.09    0.02 
ELY        39.29  245.16 1886.22    0.55    0.44    0.59   -0.18   -0.32   -0.14   -0.02   -0.01    0.21   -0.54    0.01   -0.03 
FD-VLBA    30.64  256.06 1606.43    0.89    0.40    0.69   -0.52   -0.26   -0.08   -0.02   -0.02    0.09   -0.56    0.01   -0.02 
FLAGSTAF   35.21  248.37 2144.68    0.66    0.47    0.68   -0.28   -0.29   -0.11   -0.02   -0.01    0.16   -0.54    0.01   -0.03 
FORTLEZA   -3.88  321.57   23.08    0.71   -0.88   -1.18   -0.28    0.08   -0.07   -0.03    0.01   -0.44   -0.42   -0.07   -0.09 
FORTORDS   36.59  238.23  249.95    0.46    0.49    0.69   -0.04   -0.29   -0.17   -0.02   -0.00    0.27   -0.52    0.01   -0.03 
FORT_ORD   36.67  238.23   23.82    0.46    0.49    0.69   -0.04   -0.29   -0.17   -0.02   -0.00    0.27   -0.52    0.01   -0.03 
FTD_7900   30.64  256.05 1583.35    0.89    0.40    0.69   -0.52   -0.26   -0.08   -0.02   -0.02    0.09   -0.56    0.01   -0.02 
GBT-VLBA   38.43  280.16  823.65    0.71    0.05    0.05   -0.66   -0.32    0.05   -0.05   -0.02   -0.13   -0.57   -0.01   -0.04 
GGAO7103   39.02  283.17   12.45    0.71    0.01   -0.02   -0.65   -0.32    0.07   -0.06   -0.02   -0.15   -0.58   -0.01   -0.04 
GGAO7108   39.02  283.17   13.73    0.71    0.01   -0.02   -0.65   -0.32    0.07   -0.06   -0.02   -0.15   -0.58   -0.01   -0.04 
GIFU11     35.47  136.74   60.26   -0.41    0.52   -0.68   -0.17    0.23   -0.22   -0.06   -0.04    0.45    0.43    0.09   -0.03 
GIFU3      35.46  136.74   53.78   -0.41    0.52   -0.68   -0.17    0.23   -0.22   -0.06   -0.04    0.45    0.43    0.09   -0.03 
GILCRE02   64.98  212.50  332.08    0.13    0.28   -0.02    0.12   -0.32   -0.47   -0.07   -0.02    0.52   -0.33    0.04   -0.06 
GILCREEK   64.98  212.50  332.07    0.13    0.28   -0.02    0.12   -0.32   -0.47   -0.07   -0.02    0.52   -0.33    0.04   -0.06 
GOLDVENU   35.25  243.21 1062.93    0.58    0.51    0.71   -0.16   -0.29   -0.14   -0.02   -0.01    0.22   -0.54    0.01   -0.02 
GORF7102   39.02  283.17   17.95    0.71    0.01   -0.02   -0.65   -0.32    0.07   -0.06   -0.02   -0.15   -0.58   -0.01   -0.04 
GRASSE     43.75    6.92 1318.64   -0.01   -0.46   -0.24    0.48    0.09    0.36   -0.01    0.07   -0.62    0.09   -0.10    0.02 
HALEAKAL   20.71  203.74 3067.82    0.48    0.60    0.54    0.97   -0.04   -0.16   -0.02    0.04    0.56   -0.23   -0.00   -0.02 
HARTRAO   -25.89   27.69 1415.71   -0.54   -0.93    0.48    0.71   -0.07   -0.14   -0.08   -0.05   -0.53    0.25   -0.10    0.09 
HATCREEK   40.82  238.53 1009.28    0.45    0.44    0.57   -0.04   -0.32   -0.18   -0.02   -0.00    0.27   -0.52    0.01   -0.03 
HAYSTACK   42.62  288.51  116.69    0.58   -0.04   -0.14   -0.55   -0.35    0.12   -0.06   -0.01   -0.21   -0.57   -0.02   -0.04 
HN-VLBA    42.93  288.01  295.56    0.58   -0.04   -0.13   -0.54   -0.35    0.12   -0.06   -0.01   -0.20   -0.57   -0.02   -0.04 
HOBART26  -42.80  147.44   65.11   -0.30    0.40   -0.60    0.11   -0.17    0.29    0.02    0.04    0.53    0.33    0.07   -0.04 
HOFN       64.27  344.80   78.27    0.08   -0.06   -0.24    0.08   -0.11    0.52   -0.01    0.07   -0.64   -0.17   -0.08    0.01 
HOHENFRG   53.05   10.48  149.81   -0.03   -0.30   -0.15    0.32    0.12    0.43    0.01    0.07   -0.61    0.12   -0.08    0.03 
HOHNBERG   47.80   11.02 1005.73   -0.05   -0.40   -0.15    0.42    0.12    0.39    0.00    0.07   -0.61    0.13   -0.09    0.03 
HRAS_085   30.64  256.05 1595.09    0.89    0.40    0.69   -0.52   -0.26   -0.08   -0.02   -0.02    0.09   -0.56    0.01   -0.02 
JPL_MV1    34.21  241.83  424.08    0.53    0.51    0.75   -0.13   -0.28   -0.15   -0.01   -0.01    0.23   -0.53    0.01   -0.02 
KAINAN     34.16  135.23   60.44   -0.45    0.53   -0.70   -0.21    0.23   -0.21   -0.06   -0.05    0.44    0.44    0.09   -0.03 
KANOZAN    35.26  139.95  373.26   -0.38    0.53   -0.70   -0.10    0.22   -0.24   -0.06   -0.04    0.48    0.41    0.09   -0.03 
KARLBURG   53.98   13.61   77.10   -0.04   -0.29   -0.11    0.31    0.15    0.43    0.02    0.07   -0.61    0.15   -0.08    0.04 
KASHIM11   35.96  140.66   62.45   -0.36    0.52   -0.68   -0.08    0.22   -0.25   -0.06   -0.04    0.48    0.41    0.09   -0.03 
KASHIM34   35.96  140.66   78.41   -0.36    0.52   -0.68   -0.08    0.22   -0.25   -0.06   -0.04    0.48    0.41    0.09   -0.03 
KASHIMA    35.95  140.66   80.10   -0.36    0.52   -0.68   -0.08    0.22   -0.25   -0.06   -0.04    0.48    0.41    0.09   -0.03 
KAUAI      22.13  200.33 1168.32    0.42    0.60    0.41    0.99   -0.03   -0.18   -0.03    0.04    0.57   -0.20   -0.00   -0.03 
KIRSBERG   51.21   14.29  261.23   -0.06   -0.36   -0.10    0.36    0.15    0.41    0.01    0.07   -0.60    0.16   -0.08    0.04 
KODIAK     57.74  207.50   31.26    0.15    0.27    0.02    0.21   -0.25   -0.45   -0.06   -0.01    0.55   -0.28    0.04   -0.06 
KOGANEI    35.71  139.49  125.38   -0.38    0.52   -0.69   -0.11    0.22   -0.24   -0.06   -0.04    0.47    0.41    0.09   -0.03 
KOGANEI3   35.71  139.49  114.46   -0.38    0.52   -0.69   -0.11    0.22   -0.24   -0.06   -0.04    0.47    0.41    0.09   -0.03 
KOKEE      22.13  200.33 1176.60    0.42    0.60    0.41    0.99   -0.03   -0.18   -0.03    0.04    0.57   -0.20   -0.00   -0.03 
KP-VLBA    31.96  248.39 1901.99    0.72    0.50    0.77   -0.32   -0.27   -0.12   -0.02   -0.01    0.16   -0.53    0.01   -0.02 
KWAJAL26    9.40  167.48   57.40   -0.03    0.79   -0.83    0.92    0.05   -0.07   -0.05    0.02    0.58    0.14    0.02   -0.07 
LA-VLBA    35.78  253.75 1962.44    0.72    0.37    0.60   -0.40   -0.29   -0.09   -0.02   -0.02    0.11   -0.55    0.01   -0.03 
LEONRDOK   35.91  264.20  226.27    0.84    0.28    0.43   -0.58   -0.30   -0.03   -0.04   -0.02    0.03   -0.58    0.00   -0.03 
MAMMOTHL   37.64  241.05 2310.39    0.51    0.45    0.65   -0.10   -0.30   -0.16   -0.02   -0.00    0.24   -0.53    0.01   -0.03 
MARCUS     24.29  153.98   41.76   -0.25    0.64   -0.92    0.33    0.12   -0.18   -0.08   -0.00    0.55    0.28    0.06   -0.06 
MARPOINT   38.37  282.77  -13.47    0.72    0.01   -0.01   -0.66   -0.32    0.07   -0.06   -0.02   -0.15   -0.58   -0.01   -0.04 
MATERA     40.65   16.70  543.36   -0.09   -0.56   -0.08    0.57    0.14    0.32    0.01    0.08   -0.59    0.18   -0.10    0.04 
MCD_7850   30.68  255.98 2004.22    0.89    0.40    0.69   -0.52   -0.26   -0.08   -0.02   -0.02    0.09   -0.56    0.01   -0.02 
MEDICINA   44.52   11.65   67.18   -0.05   -0.48   -0.16    0.48    0.12    0.36    0.00    0.07   -0.61    0.14   -0.09    0.03 
METSAHOV   60.22   24.39   75.76   -0.08   -0.20   -0.05    0.21    0.26    0.45    0.04    0.06   -0.56    0.26   -0.07    0.05 
METSHOVI   60.24   24.38   59.63   -0.08   -0.20   -0.05    0.21    0.26    0.45    0.04    0.06   -0.56    0.26   -0.07    0.05 
MIAMI20    25.61  279.62  -11.78    0.81    0.04    0.13   -0.97   -0.21    0.01   -0.05   -0.03   -0.12   -0.58    0.01   -0.04 
MILESMON   46.40  254.14  703.50    0.52    0.31    0.34   -0.26   -0.40   -0.11   -0.04   -0.01    0.12   -0.57   -0.00   -0.04 
MIURA      35.21  139.65  105.16   -0.38    0.53   -0.70   -0.10    0.22   -0.24   -0.06   -0.04    0.47    0.41    0.09   -0.03 
MIURA_00   35.21  139.65  105.15   -0.38    0.53   -0.70   -0.10    0.22   -0.24   -0.06   -0.04    0.47    0.41    0.09   -0.03 
MIYAZAKI   32.09  131.48  107.13   -0.50    0.53   -0.71   -0.32    0.24   -0.19   -0.06   -0.05    0.41    0.46    0.10   -0.02 
MIZNAO10   39.13  141.13  110.96   -0.33    0.48   -0.62   -0.07    0.23   -0.27   -0.06   -0.04    0.48    0.40    0.09   -0.03 
MIZUSGSI   39.11  141.20  173.16   -0.32    0.48   -0.62   -0.06    0.23   -0.27   -0.06   -0.04    0.49    0.40    0.09   -0.03 
MK-VLBA    19.80  204.54 3763.05    0.50    0.60    0.57    0.97   -0.04   -0.16   -0.02    0.04    0.56   -0.24   -0.00   -0.02 
MOJAVE12   35.33  243.11  910.22    0.58    0.51    0.71   -0.16   -0.29   -0.14   -0.02   -0.01    0.22   -0.54    0.01   -0.02 
MOJ_7288   35.33  243.11  896.17    0.58    0.51    0.71   -0.16   -0.29   -0.14   -0.02   -0.01    0.22   -0.54    0.01   -0.02 
MON_PEAK   32.89  243.58 1838.75    0.60    0.52    0.78   -0.18   -0.27   -0.14   -0.01   -0.01    0.20   -0.54    0.01   -0.02 
MV2ONSLA   57.40   11.93   43.37   -0.02   -0.22   -0.13    0.26    0.15    0.47    0.02    0.06   -0.61    0.14   -0.08    0.03 
NL-VLBA    41.77  268.43  222.27    0.69    0.19    0.25   -0.51   -0.35   -0.01   -0.04   -0.01   -0.02   -0.58   -0.01   -0.04 
NOBEY_6M   35.94  138.47 1389.57   -0.38    0.52   -0.68   -0.13    0.23   -0.23   -0.06   -0.04    0.47    0.42    0.09   -0.03 
NOME       64.56  194.63  331.66    0.05    0.26   -0.09    0.14   -0.17   -0.53   -0.06   -0.03    0.61   -0.15    0.06   -0.05 
NOTO       36.88   14.99  143.23   -0.09   -0.63   -0.10    0.64    0.12    0.28    0.01    0.08   -0.59    0.16   -0.10    0.03 
NRAO20     38.44  280.17  806.61    0.71    0.05    0.05   -0.66   -0.32    0.05   -0.05   -0.02   -0.13   -0.57   -0.01   -0.04 
NRAO85_1   38.44  280.17  807.68    0.71    0.05    0.05   -0.66   -0.32    0.05   -0.05   -0.02   -0.13   -0.57   -0.01   -0.04 
NRAO85_3   38.43  280.16  785.85    0.71    0.05    0.05   -0.66   -0.32    0.05   -0.05   -0.02   -0.13   -0.57   -0.01   -0.04 
NRAO_140   38.44  280.16  812.52    0.71    0.05    0.05   -0.66   -0.32    0.05   -0.05   -0.02   -0.13   -0.57   -0.01   -0.04 
NYALES20   78.93   11.87   87.28    0.04    0.04   -0.14    0.03    0.17    0.60    0.04    0.05   -0.63    0.12   -0.07    0.04 
OCOTILLO   32.79  244.20  -36.74    0.63    0.53    0.78   -0.20   -0.27   -0.14   -0.01   -0.01    0.20   -0.55    0.01   -0.02 
OHIGGINS  -63.32  302.10   39.92    0.13   -0.07   -0.09   -0.15    0.46   -0.27    0.04   -0.04   -0.37   -0.52   -0.06   -0.04 
ONSALA60   57.40   11.93   59.27   -0.02   -0.22   -0.13    0.26    0.15    0.47    0.02    0.06   -0.61    0.14   -0.08    0.03 
ONSALA85   57.39   11.92   58.42   -0.02   -0.22   -0.13    0.26    0.15    0.47    0.02    0.06   -0.61    0.14   -0.08    0.03 
OV-VLBA    37.23  241.72 1196.32    0.53    0.46    0.66   -0.12   -0.30   -0.15   -0.02   -0.01    0.23   -0.53    0.01   -0.03 
OVRO_130   37.23  241.72 1200.88    0.53    0.46    0.66   -0.12   -0.30   -0.15   -0.02   -0.01    0.23   -0.53    0.01   -0.03 
OVR_7853   37.23  241.71 1178.16    0.53    0.46    0.66   -0.12   -0.30   -0.15   -0.02   -0.01    0.23   -0.53    0.01   -0.03 
PARKES    -33.00  148.26  414.82   -0.49    0.67   -0.86    0.19   -0.11    0.21    0.02    0.03    0.50    0.35    0.07   -0.06 
PBLOSSOM   34.51  242.08  890.86    0.54    0.50    0.74   -0.14   -0.28   -0.15   -0.02   -0.01    0.22   -0.54    0.01   -0.02 
PENTICTN   49.32  240.38  529.63    0.36    0.37    0.34   -0.04   -0.39   -0.20   -0.04   -0.00    0.26   -0.53    0.00   -0.04 
PIETOWN    34.30  251.88 2364.67    0.74    0.42    0.67   -0.37   -0.28   -0.10   -0.02   -0.02    0.13   -0.55    0.01   -0.03 
PINFLATS   33.61  243.54 1235.55    0.60    0.52    0.76   -0.18   -0.28   -0.14   -0.01   -0.01    0.21   -0.54    0.01   -0.02 
PLATTVIL   40.18  255.27 1501.38    0.63    0.30    0.48   -0.36   -0.34   -0.09   -0.03   -0.01    0.10   -0.57    0.00   -0.03 
PRESIDIO   37.81  237.54  -29.44    0.44    0.48    0.65   -0.02   -0.29   -0.18   -0.02   -0.00    0.28   -0.51    0.01   -0.03 
PT_REYES   38.10  237.06   -2.39    0.43    0.48    0.64   -0.01   -0.30   -0.18   -0.02   -0.00    0.28   -0.51    0.01   -0.03 
PVERDES    33.74  241.60   69.34    0.52    0.51    0.76   -0.13   -0.28   -0.15   -0.01   -0.01    0.23   -0.53    0.01   -0.02 
QUINCY     39.97  239.06 1105.76    0.46    0.45    0.59   -0.05   -0.31   -0.18   -0.02   -0.00    0.26   -0.52    0.01   -0.03 
RICHMOND   25.61  279.62  -13.62    0.81    0.04    0.13   -0.97   -0.21    0.01   -0.05   -0.03   -0.12   -0.58    0.01   -0.04 
ROBLED32   40.43  355.75  840.56    0.08   -0.51   -0.45    0.43    0.01    0.32   -0.03    0.07   -0.63   -0.02   -0.10   -0.00 
SAGARA     34.68  138.18  151.42   -0.40    0.53   -0.71   -0.14    0.22   -0.23   -0.06   -0.04    0.46    0.42    0.09   -0.03 
SANPAULA   34.39  241.00  184.88    0.51    0.51    0.75   -0.11   -0.28   -0.15   -0.01   -0.01    0.24   -0.53    0.01   -0.02 
SANTIA12  -33.15  289.33  730.28    0.58   -0.21   -0.14   -0.79    0.27   -0.08    0.02    0.03   -0.29   -0.51   -0.01   -0.06 
SC-VLBA    17.76  295.42  -15.00    0.86   -0.23   -0.43   -1.03   -0.08    0.02   -0.07   -0.02   -0.28   -0.55   -0.00   -0.06 
SEATTLE1   47.69  237.75  -16.43    0.35    0.38    0.38   -0.01   -0.37   -0.22   -0.04   -0.00    0.28   -0.52    0.01   -0.04 
SESHAN25   31.10  121.20   29.44   -0.65    0.48   -0.56   -0.57    0.26   -0.13   -0.04   -0.07    0.32    0.52    0.11   -0.00 
SEST      -29.26  289.27 2415.76    0.69   -0.22   -0.16   -0.88    0.23   -0.07    0.01    0.03   -0.28   -0.51   -0.00   -0.06 
SINTOTU    43.53  141.84  118.53   -0.28    0.46   -0.53   -0.04    0.25   -0.31   -0.05   -0.04    0.49    0.39    0.08   -0.02 
SINTOTU3   43.53  141.84  118.80   -0.28    0.46   -0.53   -0.04    0.25   -0.31   -0.05   -0.04    0.49    0.39    0.08   -0.02 
SNDPOINT   55.35  199.52   92.74    0.14    0.29   -0.02    0.25   -0.18   -0.46   -0.05   -0.01    0.59   -0.20    0.05   -0.05 
SOURDOGH   62.66  214.52  747.96    0.15    0.26    0.01    0.14   -0.33   -0.45   -0.07   -0.01    0.51   -0.35    0.03   -0.06 
SUWON      37.28  127.05   81.46   -0.54    0.48   -0.54   -0.36    0.28   -0.19   -0.04   -0.06    0.38    0.49    0.10   -0.01 
SVETLOE    60.53   29.78   86.01   -0.11   -0.21   -0.01    0.20    0.30    0.43    0.05    0.05   -0.53    0.31   -0.06    0.06 
SYOWA     -69.01   39.59   50.93   -0.10   -0.07   -0.01   -0.00   -0.40   -0.45   -0.10   -0.02   -0.48    0.39   -0.03    0.06 
TATEYA00   34.94  139.85  126.15   -0.38    0.53   -0.71   -0.10    0.22   -0.24   -0.06   -0.04    0.47    0.41    0.09   -0.03 
TATEYAMA   34.94  139.85  126.17   -0.38    0.53   -0.71   -0.10    0.22   -0.24   -0.06   -0.04    0.47    0.41    0.09   -0.03 
TIDBIN64  -35.40  148.98  688.87   -0.40    0.58   -0.79    0.20   -0.12    0.23    0.02    0.03    0.51    0.34    0.07   -0.05 
TIGOCONC  -36.84  286.97  170.93    0.51   -0.13   -0.07   -0.71    0.31   -0.08    0.02    0.02   -0.26   -0.53   -0.01   -0.06 
TIGOWTZL   49.14   12.88  658.89   -0.06   -0.39   -0.12    0.40    0.14    0.40    0.01    0.07   -0.61    0.15   -0.09    0.03 
TITIJIMA   27.10  142.19   98.99   -0.38    0.59   -0.91   -0.06    0.17   -0.18   -0.07   -0.03    0.49    0.39    0.08   -0.05 
TOMAKO11   42.67  141.60   89.86   -0.30    0.46   -0.54   -0.05    0.24   -0.30   -0.05   -0.04    0.49    0.39    0.08   -0.02 
TOULOUSE   43.56    1.48  192.15    0.01   -0.45   -0.32    0.44    0.05    0.36   -0.02    0.07   -0.63    0.03   -0.09    0.01 
TROMSONO   69.66   18.94  132.92    0.00   -0.04   -0.12    0.10    0.23    0.53    0.04    0.05   -0.59    0.20   -0.06    0.04 
TRYSILNO   61.42   12.38  723.98   -0.02   -0.17   -0.13    0.20    0.15    0.50    0.02    0.06   -0.61    0.14   -0.08    0.04 
TSUKU3     36.11  140.09   69.61   -0.37    0.52   -0.68   -0.09    0.22   -0.24   -0.06   -0.04    0.48    0.41    0.09   -0.03 
TSUKUB32   36.10  140.09   84.71   -0.37    0.52   -0.68   -0.09    0.22   -0.24   -0.06   -0.04    0.48    0.41    0.09   -0.03 
TSUKUBA    36.11  140.09   69.17   -0.37    0.52   -0.68   -0.09    0.22   -0.24   -0.06   -0.04    0.48    0.41    0.09   -0.03 
URUMQI     43.47   87.18 2033.20   -0.55   -0.10    0.20   -0.39    0.39    0.00    0.05   -0.05    0.02    0.58    0.06    0.08 
USUDA64    36.13  138.36 1532.84   -0.38    0.51   -0.67   -0.13    0.23   -0.23   -0.06   -0.04    0.46    0.42    0.09   -0.03 
VERAMZSW   39.13  141.13  116.55   -0.33    0.48   -0.62   -0.07    0.23   -0.27   -0.06   -0.04    0.48    0.40    0.09   -0.03 
VERNAL     40.33  250.43 1590.54    0.57    0.37    0.52   -0.27   -0.33   -0.11   -0.03   -0.01    0.15   -0.55    0.00   -0.03 
VICTORIA   48.39  236.51   25.23    0.33    0.38    0.36    0.01   -0.38   -0.23   -0.04   -0.00    0.30   -0.51    0.01   -0.04 
VLA-N8     34.08  252.38 2114.48    0.75    0.42    0.67   -0.39   -0.28   -0.09   -0.02   -0.02    0.12   -0.55    0.01   -0.03 
VNDNBERG   34.56  239.38  -12.27    0.48    0.51    0.75   -0.07   -0.28   -0.16   -0.01   -0.00    0.26   -0.52    0.01   -0.02 
WESTFORD   42.61  288.51   86.77    0.58   -0.04   -0.14   -0.55   -0.35    0.12   -0.06   -0.01   -0.20   -0.57   -0.02   -0.04 
WETTZELL   49.15   12.88  669.12   -0.06   -0.39   -0.12    0.40    0.14    0.40    0.01    0.07   -0.61    0.15   -0.09    0.03 
WHTHORSE   60.71  224.92  709.34    0.20    0.29    0.08    0.11   -0.40   -0.37   -0.07   -0.01    0.42   -0.44    0.02   -0.06 
YAKATAGA   60.08  217.51   21.22    0.15    0.25    0.05    0.15   -0.35   -0.42   -0.07   -0.01    0.48   -0.38    0.03   -0.06 
YEBES      40.52  356.91  979.86    0.07   -0.52   -0.43    0.44    0.02    0.32   -0.03    0.07   -0.63   -0.01   -0.10    0.00 
YELLOWKN   62.48  245.53  176.81    0.24    0.23    0.08   -0.03   -0.50   -0.21   -0.07    0.00    0.23   -0.55   -0.00   -0.06 
YLOW7296   62.48  245.52  178.79    0.24    0.23    0.08   -0.03   -0.50   -0.21   -0.07    0.00    0.23   -0.55   -0.00   -0.06 
YUMA       32.94  245.80  238.61    0.67    0.56    0.76   -0.24   -0.27   -0.13   -0.02   -0.01    0.19   -0.54    0.01   -0.02 
ZELENCHK   43.79   41.57 1175.22   -0.29   -0.44    0.30    0.32    0.30    0.27    0.06    0.05   -0.43    0.40   -0.06    0.08 
