AIRA        31.82   130.60   321.79    -0.37     0.40    -0.81     -0.50    -0.05    -0.08      0.28     0.35    -0.08      0.22    -0.01    -0.03      0.13    -0.11     0.06      0.01    -0.01     0.01 
ALGOPARK    45.96   -78.07   224.00     0.44     0.11    -0.07     -0.58    -0.00     0.03     -0.10    -0.40    -0.24     -0.08     0.01     0.02     -0.30     0.02    -0.05      0.15     0.00     0.00 
AUSTINTX    30.34   -97.70   189.63     0.86     0.34     0.74     -0.81    -0.04    -0.02      0.04    -0.35    -0.20     -0.21     0.01     0.01     -0.22    -0.05    -0.11      0.09     0.01     0.01 
AZORES      37.74   -25.66    58.57     0.07    -0.14    -0.90      0.20     0.05     0.03     -0.44    -0.27     0.04      0.17     0.01     0.02     -0.11     0.19     0.07      0.03     0.00    -0.01 
BADARY      51.77   102.23   821.64    -0.40     0.16    -0.06     -0.46     0.01    -0.02      0.15     0.42    -0.14      0.09    -0.01    -0.01      0.27    -0.02     0.02      0.10    -0.00    -0.00 
BERMUDA     32.36   -64.67   -30.69     0.40     0.12    -0.38     -0.90     0.01     0.05     -0.19    -0.40    -0.25      0.04     0.01     0.02     -0.20     0.04     0.01      0.11     0.00    -0.00 
BLKBUTTE    33.66  -115.72   489.39     0.63     0.53     0.96     -0.16    -0.03    -0.04      0.10    -0.33    -0.09     -0.27     0.01     0.02     -0.22    -0.09    -0.16      0.03     0.00     0.01 
BLOOMIND    39.18   -86.50   217.94     0.64     0.23     0.20     -0.76    -0.01     0.02     -0.03    -0.38    -0.24     -0.13     0.01     0.01     -0.25    -0.01    -0.09      0.12     0.00     0.00 
BR-VLBA     48.13  -119.68   250.49     0.35     0.33     0.46     -0.00    -0.02    -0.02      0.16    -0.31    -0.03     -0.25     0.01     0.02     -0.28    -0.14    -0.19      0.02     0.00     0.01 
BREST       48.41    -4.50   104.48    -0.01    -0.19    -0.43      0.43     0.02     0.00     -0.48    -0.10     0.12      0.10     0.01     0.01     -0.01     0.29     0.06     -0.04    -0.01    -0.02 
CARNUSTY    56.48    -2.78    57.86    -0.03    -0.11    -0.31      0.28     0.01    -0.00     -0.48    -0.10     0.10      0.09     0.01     0.01     -0.00     0.34     0.06     -0.03    -0.01    -0.02 
CARROLGA    33.57   -85.11   299.52     0.73     0.23     0.25     -0.95    -0.02     0.02     -0.03    -0.37    -0.25     -0.13     0.01     0.01     -0.23    -0.01    -0.07      0.12     0.01     0.01 
CEDUNA     -31.87   133.81   164.61    -0.47     0.57    -1.11     -0.24    -0.02    -0.02      0.32     0.29    -0.05      0.24    -0.01    -0.03     -0.09     0.04    -0.04     -0.02     0.00     0.00 
CHICHI10    27.07   142.19   107.04    -0.22     0.40    -1.02     -0.08    -0.06    -0.03      0.35     0.28     0.01      0.25    -0.01    -0.03      0.09    -0.11     0.07     -0.02    -0.00     0.01 
CHLBOLTN    51.15    -1.44   146.79    -0.03    -0.20    -0.34      0.39     0.02    -0.00     -0.48    -0.08     0.12      0.09     0.01     0.01      0.01     0.32     0.05     -0.04    -0.01    -0.02 
CRIMEA      44.40    33.98    50.20    -0.23    -0.43     0.28      0.40    -0.00     0.01     -0.34     0.19     0.12     -0.08    -0.00    -0.02      0.17     0.25    -0.07     -0.04    -0.01    -0.01 
CTVASBAY    45.40   -75.92    47.79     0.45     0.10    -0.11     -0.59    -0.00     0.04     -0.11    -0.41    -0.24     -0.06     0.01     0.02     -0.29     0.03    -0.04      0.15     0.00     0.00 
CTVASTJ     47.60   -52.68   155.08     0.20     0.02    -0.50     -0.31     0.01     0.05     -0.29    -0.41    -0.17      0.09     0.01     0.02     -0.26     0.14     0.07      0.13     0.00    -0.01 
DAITO       25.83   131.23    52.72    -0.35     0.38    -0.92     -0.54    -0.04    -0.05      0.29     0.34    -0.07      0.24    -0.01    -0.03      0.10    -0.09     0.06      0.01    -0.00     0.01 
DEADMANL    34.25  -116.28   835.35     0.57     0.47     0.90     -0.13    -0.03    -0.03      0.13    -0.31    -0.06     -0.28     0.01     0.02     -0.22    -0.09    -0.16      0.03     0.00     0.01 
DSS13       35.25  -116.79  1062.96     0.56     0.46     0.87     -0.10    -0.03    -0.03      0.13    -0.31    -0.06     -0.27     0.01     0.02     -0.23    -0.09    -0.16      0.03     0.00     0.01 
DSS15       35.42  -116.89   973.20     0.56     0.46     0.87     -0.10    -0.03    -0.03      0.13    -0.31    -0.06     -0.27     0.01     0.02     -0.23    -0.09    -0.16      0.03     0.00     0.01 
DSS45      -35.40   148.98   674.35    -0.25     0.51    -1.04      0.26    -0.02     0.01      0.34     0.24     0.06      0.24    -0.01    -0.02     -0.08     0.12    -0.07      0.03     0.00    -0.01 
DSS65       40.43    -4.25   833.85    -0.02    -0.40    -0.54      0.59     0.03     0.01     -0.47    -0.10     0.14      0.11     0.01     0.01     -0.01     0.23     0.05     -0.04    -0.00    -0.01 
DSS65A      40.43    -4.25   833.84    -0.02    -0.40    -0.54      0.59     0.03     0.01     -0.47    -0.10     0.14      0.11     0.01     0.01     -0.01     0.23     0.05     -0.04    -0.00    -0.01 
EFLSBERG    50.52     6.88   416.68    -0.08    -0.28    -0.20      0.42     0.01    -0.01     -0.46    -0.02     0.14      0.05     0.01     0.00      0.05     0.31     0.02     -0.05    -0.01    -0.02 
ELY         39.29  -114.84  1886.17     0.54     0.39     0.71     -0.14    -0.03    -0.03      0.13    -0.31    -0.07     -0.26     0.01     0.02     -0.24    -0.09    -0.17      0.04     0.00     0.01 
FD-VLBA     30.64  -103.94  1606.43     0.84     0.39     0.87     -0.63    -0.03    -0.03      0.06    -0.33    -0.17     -0.24     0.01     0.02     -0.21    -0.05    -0.13      0.07     0.01     0.01 
FLAGSTAF    35.21  -111.63  2144.70     0.63     0.42     0.83     -0.28    -0.03    -0.03      0.10    -0.30    -0.10     -0.26     0.01     0.02     -0.23    -0.07    -0.15      0.05     0.00     0.01 
FORTLEZA    -3.88   -38.43    23.09     0.58    -0.50    -1.36     -0.49     0.01     0.02     -0.30    -0.37    -0.11      0.19     0.02     0.02      0.05    -0.05    -0.02      0.00     0.01     0.01 
FORTORDS    36.59  -121.77   250.00     0.43     0.43     0.82      0.07    -0.03    -0.03      0.16    -0.29    -0.02     -0.28     0.01     0.02     -0.23    -0.11    -0.17      0.01     0.00     0.01 
FORT_ORD    36.67  -121.77    23.89     0.43     0.44     0.83      0.07    -0.03    -0.03      0.16    -0.30    -0.02     -0.28     0.01     0.02     -0.23    -0.10    -0.17      0.01     0.00     0.01 
FTD_7900    30.64  -103.95  1583.35     0.84     0.39     0.87     -0.63    -0.03    -0.03      0.06    -0.33    -0.17     -0.24     0.01     0.02     -0.21    -0.05    -0.13      0.07     0.01     0.01 
GBT-VLBA    38.43   -79.84   823.65     0.59     0.15     0.03     -0.82    -0.00     0.03     -0.08    -0.39    -0.26     -0.08     0.01     0.02     -0.25     0.01    -0.05      0.13     0.00     0.00 
GGAO7108    39.02   -76.83    13.72     0.56     0.13    -0.05     -0.80    -0.00     0.04     -0.09    -0.41    -0.26     -0.07     0.01     0.02     -0.25     0.02    -0.04      0.13     0.00     0.00 
GIFU11      35.47   136.74    60.09    -0.27     0.40    -0.78     -0.21    -0.06    -0.06      0.32     0.33    -0.03      0.23    -0.01    -0.03      0.12    -0.15     0.10     -0.00    -0.00     0.01 
GIFU3       35.46   136.74    53.80    -0.27     0.40    -0.78     -0.21    -0.06    -0.06      0.32     0.33    -0.03      0.23    -0.01    -0.03      0.12    -0.15     0.10     -0.00    -0.00     0.01 
GILCREEK    64.98  -147.50   332.07     0.12     0.21     0.00      0.22    -0.00    -0.02      0.37    -0.16     0.12     -0.13     0.00     0.01     -0.26    -0.33    -0.14     -0.12     0.01     0.02 
GOLDMARS    35.43  -116.89  1001.38     0.56     0.46     0.87     -0.10    -0.03    -0.03      0.13    -0.31    -0.06     -0.27     0.01     0.02     -0.23    -0.09    -0.16      0.03     0.00     0.01 
GOLDVENU    35.25  -116.79  1062.93     0.56     0.46     0.87     -0.10    -0.03    -0.03      0.13    -0.31    -0.06     -0.27     0.01     0.02     -0.23    -0.09    -0.16      0.03     0.00     0.01 
GORF7102    39.02   -76.83    17.94     0.56     0.13    -0.05     -0.80    -0.00     0.04     -0.09    -0.41    -0.26     -0.07     0.01     0.02     -0.25     0.02    -0.04      0.13     0.00     0.00 
GRASSE      43.75     6.92  1318.64    -0.10    -0.38    -0.29      0.58     0.01     0.00     -0.46    -0.02     0.16      0.06     0.01     0.00      0.05     0.27     0.01     -0.05    -0.01    -0.01 
HALEAKAL    20.71  -156.26  3067.82     0.33     0.42     0.64      1.25     0.01    -0.06      0.39    -0.11     0.27     -0.13     0.00     0.01     -0.05    -0.07    -0.04     -0.07     0.00     0.00 
HARTRAO    -25.89    27.69  1415.70    -0.46    -0.80     0.58      0.91    -0.01     0.05     -0.38     0.12     0.15     -0.06     0.00    -0.01     -0.09    -0.11     0.03      0.02     0.00     0.01 
HATCREEK    40.82  -121.47  1009.27     0.42     0.39     0.71      0.06    -0.03    -0.03      0.17    -0.29    -0.01     -0.27     0.01     0.02     -0.24    -0.10    -0.16      0.01     0.00     0.01 
HAYSTACK    42.62   -71.49   116.68     0.57     0.01    -0.27     -0.79     0.01     0.08     -0.13    -0.42    -0.26     -0.04     0.01     0.02     -0.33     0.08     0.02      0.20     0.00    -0.01 
HN-VLBA     42.93   -71.99   295.56     0.45     0.08    -0.19     -0.65     0.00     0.05     -0.14    -0.41    -0.25     -0.03     0.01     0.02     -0.28     0.04    -0.02      0.14     0.00     0.00 
HOBART26   -42.80   147.44    65.09    -0.15     0.38    -0.92      0.23    -0.02     0.03      0.36     0.22     0.07      0.22    -0.01    -0.02     -0.12     0.13    -0.05      0.02     0.00    -0.01 
HOFN        64.27   -15.20    78.27    -0.01     0.02    -0.31      0.12     0.02     0.01     -0.48    -0.20     0.03      0.10     0.01     0.02     -0.10     0.36     0.09      0.02    -0.01    -0.02 
HOHENFRG    53.05    10.48   149.82    -0.10    -0.26    -0.14      0.36     0.00    -0.01     -0.45     0.01     0.14      0.03     0.01    -0.00      0.08     0.32     0.01     -0.05    -0.01    -0.02 
HRAS_085    30.64  -103.95  1595.14     0.84     0.39     0.87     -0.63    -0.03    -0.03      0.06    -0.33    -0.17     -0.24     0.01     0.02     -0.21    -0.05    -0.13      0.07     0.01     0.01 
JPL_MV1     34.21  -118.17   424.10     0.51     0.45     0.90     -0.06    -0.03    -0.03      0.14    -0.30    -0.05     -0.28     0.01     0.02     -0.22    -0.09    -0.16      0.02     0.00     0.01 
KAINAN      34.16   135.23    60.44    -0.30     0.39    -0.79     -0.28    -0.06    -0.06      0.31     0.33    -0.04      0.23    -0.01    -0.03      0.12    -0.14     0.09      0.00    -0.00     0.01 
KANOZAN     35.26   139.95   373.26    -0.25     0.39    -0.81     -0.11    -0.06    -0.05      0.34     0.31    -0.01      0.24    -0.01    -0.03      0.12    -0.16     0.10     -0.02    -0.00     0.01 
KARLBURG    53.98    13.61    77.10    -0.10    -0.26    -0.11      0.34    -0.00    -0.01     -0.45     0.03     0.14      0.02     0.01    -0.00      0.10     0.33     0.00     -0.05    -0.01    -0.02 
KASHIM11    35.96   140.66    62.44    -0.24     0.39    -0.81     -0.08    -0.06    -0.05      0.35     0.31    -0.00      0.24    -0.01    -0.03      0.11    -0.15     0.09     -0.02    -0.00     0.01 
KASHIM34    35.96   140.66    78.42    -0.24     0.39    -0.81     -0.08    -0.06    -0.05      0.35     0.31    -0.00      0.24    -0.01    -0.03      0.11    -0.15     0.09     -0.02    -0.00     0.01 
KASHIMA     35.95   140.66    80.10    -0.24     0.39    -0.81     -0.08    -0.06    -0.05      0.35     0.31    -0.00      0.24    -0.01    -0.03      0.11    -0.15     0.09     -0.02    -0.00     0.01 
KAUAI       22.13  -159.67  1168.32     0.27     0.41     0.47      1.26     0.01    -0.05      0.40    -0.09     0.27     -0.11     0.00     0.01     -0.05    -0.08    -0.04     -0.09     0.00     0.01 
KIRSBERG    51.21    14.29   261.23    -0.12    -0.32    -0.09      0.40     0.00    -0.01     -0.44     0.04     0.15      0.01     0.01    -0.00      0.10     0.32    -0.01     -0.05    -0.01    -0.02 
KODIAK      57.74  -152.50    31.35     0.07     0.18     0.05      0.41    -0.00    -0.02      0.39    -0.13     0.17     -0.13     0.00     0.01     -0.23    -0.31    -0.13     -0.12     0.01     0.02 
KOGANEI     35.71   139.49   125.39    -0.40     0.99    -1.50     -0.13    -0.17    -0.14      0.36     0.24     0.07      0.24     0.01    -0.02      0.06     0.05    -0.15     -0.02    -0.04    -0.02 
KOGANEI3    35.71   139.49   114.46    -0.42     1.08    -1.61     -0.14    -0.19    -0.15      0.36     0.22     0.10      0.24     0.01    -0.01      0.06     0.07    -0.17     -0.02    -0.05    -0.02 
KOKEE       22.13  -159.67  1176.60     0.27     0.41     0.47      1.26     0.01    -0.05      0.40    -0.09     0.27     -0.11     0.00     0.01     -0.05    -0.08    -0.04     -0.09     0.00     0.01 
KP-VLBA     31.96  -111.61  1901.99     0.68     0.45     0.95     -0.32    -0.03    -0.03      0.10    -0.30    -0.10     -0.27     0.01     0.02     -0.21    -0.07    -0.13      0.04     0.00     0.01 
KWAJAL26     9.40   167.48    57.41     0.06     0.56    -1.09      1.19    -0.02     0.01      0.41     0.11     0.20      0.18    -0.02    -0.01      0.00    -0.04     0.06     -0.08     0.00     0.00 
LA-VLBA     35.78  -106.25  1962.43     0.72     0.34     0.75     -0.45    -0.03    -0.02      0.09    -0.32    -0.13     -0.25     0.01     0.02     -0.21    -0.06    -0.14      0.06     0.00     0.01 
LEONRDOK    35.91   -95.80   226.27     0.78     0.31     0.54     -0.72    -0.03    -0.01      0.02    -0.36    -0.20     -0.19     0.01     0.01     -0.22    -0.03    -0.11      0.10     0.00     0.01 
MADRID64    40.43    -4.25   864.81    -0.02    -0.40    -0.54      0.59     0.03     0.01     -0.47    -0.10     0.14      0.11     0.01     0.01     -0.01     0.23     0.05     -0.04    -0.00    -0.01 
MAMMOTHL    37.64  -118.95  2310.70     0.48     0.40     0.78     -0.02    -0.03    -0.03      0.14    -0.30    -0.04     -0.27     0.01     0.02     -0.24    -0.10    -0.17      0.02     0.00     0.01 
MARCUS      24.29   153.98    41.78    -0.12     0.43    -1.06      0.41    -0.06     0.00      0.39     0.21     0.10      0.24    -0.01    -0.02      0.05    -0.10     0.06     -0.05    -0.00     0.01 
MARPOINT    38.37   -77.23   -13.38     0.58     0.13    -0.03     -0.82    -0.00     0.04     -0.09    -0.40    -0.26     -0.07     0.01     0.02     -0.26     0.02    -0.04      0.14     0.00     0.00 
MATERA      40.65    16.70   543.37    -0.15    -0.50    -0.08      0.69    -0.01    -0.00     -0.43     0.05     0.17      0.01     0.01    -0.01      0.09     0.25    -0.02     -0.06    -0.01    -0.01 
MCD_7850    30.68  -104.02  2004.22     0.84     0.39     0.87     -0.62    -0.03    -0.03      0.06    -0.33    -0.16     -0.24     0.01     0.02     -0.21    -0.05    -0.13      0.07     0.01     0.01 
MEDICINA    44.52    11.65    67.17    -0.13    -0.43    -0.20      0.58     0.00    -0.01     -0.45     0.02     0.16      0.03     0.01    -0.00      0.08     0.28    -0.00     -0.07    -0.01    -0.01 
METSAHOV    60.22    24.39    79.97    -0.11    -0.17    -0.05      0.22    -0.01    -0.01     -0.41     0.12     0.11     -0.02     0.00    -0.01      0.18     0.36    -0.03     -0.04    -0.01    -0.02 
METSHOVI    60.24    24.38    59.62    -0.11    -0.17    -0.05      0.22    -0.01    -0.01     -0.41     0.12     0.11     -0.02     0.00    -0.01      0.18     0.36    -0.03     -0.04    -0.01    -0.02 
MIAMI20     25.61   -80.38   -11.77     0.67     0.23     0.23     -1.38    -0.01     0.04     -0.05    -0.36    -0.27     -0.16     0.00     0.02     -0.18    -0.02    -0.05      0.12     0.01     0.00 
MILESMON    46.40  -105.86   703.50     0.48     0.26     0.44     -0.32    -0.02    -0.02      0.08    -0.34    -0.13     -0.23     0.01     0.02     -0.29    -0.10    -0.17      0.08     0.00     0.01 
MIURA       35.21   139.65   105.13    -0.25     0.39    -0.81     -0.12    -0.06    -0.05      0.34     0.31    -0.01      0.24    -0.01    -0.03      0.12    -0.16     0.10     -0.02    -0.00     0.01 
MIYAZAKI    32.09   131.48   107.13    -0.35     0.38    -0.78     -0.45    -0.05    -0.07      0.29     0.35    -0.07      0.23    -0.01    -0.03      0.13    -0.12     0.08      0.01    -0.00     0.01 
MIZNAO10    39.13   141.13   111.21    -0.21     0.38    -0.72     -0.03    -0.05    -0.05      0.35     0.31     0.01      0.23    -0.01    -0.03      0.12    -0.16     0.10     -0.02    -0.01     0.01 
MIZUSGSI    39.11   141.20   173.16    -0.21     0.38    -0.72     -0.03    -0.05    -0.05      0.35     0.31     0.01      0.23    -0.01    -0.03      0.12    -0.16     0.10     -0.02    -0.01     0.01 
MK-VLBA     19.80  -155.46  3763.04     0.35     0.42     0.70      1.28     0.01    -0.06      0.39    -0.11     0.26     -0.14     0.00     0.01     -0.04    -0.06    -0.02     -0.04     0.00     0.00 
MOJAVE12    35.33  -116.89   910.21     0.56     0.46     0.87     -0.10    -0.03    -0.03      0.13    -0.31    -0.06     -0.27     0.01     0.02     -0.23    -0.09    -0.16      0.03     0.00     0.01 
MOJ_7288    35.33  -116.89   896.17     0.56     0.46     0.87     -0.10    -0.03    -0.03      0.13    -0.31    -0.06     -0.27     0.01     0.02     -0.23    -0.09    -0.16      0.03     0.00     0.01 
MON_PEAK    32.89  -116.42  1838.73     0.57     0.48     0.96     -0.13    -0.03    -0.03      0.12    -0.30    -0.06     -0.28     0.01     0.02     -0.21    -0.08    -0.14      0.03     0.00     0.01 
MOPRA      -31.27   149.10   867.32    -0.33     0.61    -1.16      0.28    -0.03     0.01      0.34     0.25     0.05      0.25    -0.02    -0.02     -0.08     0.11    -0.06      0.03    -0.00    -0.01 
MV2ONSLA    57.40    11.93    43.37    -0.08    -0.18    -0.14      0.28    -0.00    -0.01     -0.45     0.02     0.13      0.02     0.01    -0.00      0.10     0.36     0.01     -0.05    -0.01    -0.02 
NL-VLBA     41.77   -91.57   222.26     0.71     0.25     0.33     -0.71    -0.02     0.00     -0.03    -0.38    -0.22     -0.14     0.01     0.01     -0.22    -0.02    -0.10      0.09     0.00     0.01 
NOBEY_6M    35.94   138.47  1390.42    -0.25     0.40    -0.79     -0.15    -0.06    -0.06      0.33     0.32    -0.01      0.24    -0.01    -0.03      0.12    -0.15     0.08     -0.01    -0.01     0.01 
NOME        64.56  -165.37   331.70     0.04     0.20    -0.11      0.28    -0.01    -0.01      0.43    -0.04     0.16     -0.04    -0.00     0.00     -0.15    -0.36    -0.06     -0.17     0.01     0.02 
NOTO        36.88    14.99   143.23    -0.12    -0.54    -0.10      0.78    -0.00     0.01     -0.43     0.04     0.18      0.01     0.01    -0.00      0.08     0.21    -0.01     -0.05    -0.01    -0.01 
NOTOX       36.88    14.99   143.23    -0.12    -0.54    -0.10      0.78    -0.00     0.01     -0.43     0.04     0.18      0.01     0.01    -0.00      0.08     0.21    -0.01     -0.05    -0.01    -0.01 
NRAO20      38.44   -79.83   806.62     0.59     0.15     0.03     -0.82    -0.00     0.03     -0.08    -0.39    -0.26     -0.08     0.01     0.02     -0.25     0.01    -0.05      0.13     0.00     0.00 
NRAO85_1    38.44   -79.83   807.68     0.59     0.15     0.03     -0.82    -0.00     0.03     -0.08    -0.39    -0.26     -0.08     0.01     0.02     -0.25     0.01    -0.05      0.13     0.00     0.00 
NRAO85_3    38.43   -79.84   785.84     0.59     0.15     0.03     -0.82    -0.00     0.03     -0.08    -0.39    -0.26     -0.08     0.01     0.02     -0.25     0.01    -0.05      0.13     0.00     0.00 
NRAO_140    38.44   -79.84   812.51     0.59     0.15     0.03     -0.82    -0.00     0.03     -0.08    -0.39    -0.26     -0.08     0.01     0.02     -0.25     0.01    -0.05      0.13     0.00     0.00 
NYALES20    78.93    11.87    87.30     0.00     0.06    -0.14      0.04    -0.00    -0.00     -0.46     0.01     0.03      0.03     0.01     0.00      0.13     0.45     0.03      0.02    -0.01    -0.02 
OCOTILLO    32.79  -115.80   -36.74     0.60     0.49     0.96     -0.16    -0.03    -0.03      0.11    -0.32    -0.08     -0.27     0.01     0.02     -0.21    -0.08    -0.15      0.03     0.00     0.01 
OHIGGINS   -63.32   -57.90    39.93     0.09    -0.03    -0.17     -0.14    -0.01    -0.03     -0.27    -0.39    -0.16      0.03     0.01     0.02      0.32    -0.14    -0.01     -0.16    -0.00     0.00 
ONSALA60    57.40    11.93    59.28    -0.08    -0.18    -0.14      0.28    -0.00    -0.01     -0.45     0.02     0.13      0.02     0.01    -0.00      0.10     0.36     0.01     -0.05    -0.01    -0.02 
ONSALA85    57.39    11.92    58.42    -0.08    -0.18    -0.14      0.28    -0.00    -0.01     -0.45     0.02     0.13      0.02     0.01    -0.00      0.10     0.36     0.01     -0.05    -0.01    -0.02 
OV-VLBA     37.23  -118.28  1196.32     0.50     0.41     0.79     -0.04    -0.03    -0.03      0.14    -0.30    -0.05     -0.27     0.01     0.02     -0.23    -0.09    -0.16      0.02     0.00     0.01 
OVRO_130    37.23  -118.28  1200.81     0.50     0.41     0.79     -0.04    -0.03    -0.03      0.14    -0.30    -0.05     -0.27     0.01     0.02     -0.23    -0.09    -0.16      0.02     0.00     0.01 
OVR_7853    37.23  -118.29  1178.16     0.50     0.41     0.79     -0.04    -0.03    -0.03      0.14    -0.30    -0.04     -0.27     0.01     0.02     -0.23    -0.09    -0.16      0.02     0.00     0.01 
PARKES     -33.00   148.26   414.75    -0.33     0.59    -1.13      0.24    -0.03     0.01      0.34     0.25     0.05      0.25    -0.01    -0.02     -0.08     0.10    -0.06      0.03    -0.00    -0.01 
PBLOSSOM    34.51  -117.92   890.61     0.52     0.46     0.89     -0.06    -0.03    -0.03      0.14    -0.30    -0.05     -0.28     0.01     0.02     -0.22    -0.09    -0.16      0.02     0.00     0.01 
PENTICTN    49.32  -119.62   529.46     0.33     0.31     0.43     -0.01    -0.02    -0.02      0.17    -0.30    -0.03     -0.24     0.01     0.02     -0.30    -0.15    -0.20      0.02     0.01     0.01 
PIETOWN     34.30  -108.12  2364.68     0.70     0.37     0.81     -0.41    -0.03    -0.03      0.08    -0.32    -0.13     -0.25     0.01     0.02     -0.22    -0.06    -0.14      0.06     0.00     0.01 
PINFLATS    33.61  -116.46  1235.50     0.65     0.62     1.12     -0.13    -0.04    -0.05      0.14    -0.28    -0.02     -0.28     0.01     0.01     -0.26    -0.15    -0.24      0.03     0.01     0.02 
PLATTVIL    40.18  -104.73  1501.28     0.60     0.26     0.58     -0.42    -0.03    -0.02      0.06    -0.34    -0.15     -0.23     0.01     0.02     -0.25    -0.07    -0.15      0.08     0.00     0.01 
PRESIDIO    37.81  -122.46   -29.46     0.42     0.47     0.83      0.10    -0.03    -0.04      0.17    -0.28     0.01     -0.28     0.01     0.02     -0.22    -0.08    -0.14      0.01     0.00     0.01 
PT_REYES    38.10  -122.94    -2.35     0.38     0.41     0.76      0.10    -0.03    -0.03      0.17    -0.29     0.00     -0.28     0.01     0.02     -0.23    -0.11    -0.17      0.00     0.00     0.01 
PVERDES     33.74  -118.40    69.31     0.55     0.55     1.03     -0.03    -0.03    -0.04      0.16    -0.26     0.00     -0.27     0.01     0.01     -0.20    -0.06    -0.12      0.03     0.00     0.01 
QUINCY      39.97  -120.94  1105.74     0.42     0.38     0.70      0.04    -0.03    -0.03      0.16    -0.29    -0.02     -0.27     0.01     0.02     -0.24    -0.11    -0.17      0.01     0.00     0.01 
RICHMOND    25.61   -80.38   -13.63     0.67     0.23     0.23     -1.38    -0.01     0.04     -0.05    -0.36    -0.27     -0.16     0.00     0.02     -0.18    -0.02    -0.05      0.12     0.01     0.00 
ROBLED32    40.43    -4.25   840.56    -0.02    -0.40    -0.54      0.59     0.03     0.01     -0.47    -0.10     0.14      0.11     0.01     0.01     -0.01     0.23     0.05     -0.04    -0.00    -0.01 
SAGARA      34.68   138.18   151.42    -0.27     0.40    -0.82     -0.18    -0.06    -0.06      0.33     0.31    -0.01      0.24    -0.01    -0.03      0.12    -0.15     0.09     -0.01    -0.00     0.01 
SANPAULA    34.39  -119.00   185.18     0.49     0.45     0.89     -0.02    -0.03    -0.03      0.15    -0.29    -0.04     -0.28     0.01     0.02     -0.22    -0.09    -0.16      0.02     0.00     0.01 
SANTIA12   -33.15   -70.67   730.30     0.56    -0.09    -0.15     -0.94    -0.01    -0.00     -0.22    -0.33    -0.25      0.02     0.01     0.02      0.16    -0.01     0.01     -0.12    -0.00     0.00 
SC-VLBA     17.76   -64.58   -15.01     0.64     0.00    -0.47     -1.37     0.01     0.03     -0.19    -0.40    -0.25      0.07     0.01     0.02     -0.04     0.01    -0.02      0.02     0.01     0.00 
SEATTLE1    47.69  -122.25   -16.43     0.33     0.33     0.49      0.06    -0.02    -0.02      0.19    -0.29    -0.00     -0.25     0.01     0.02     -0.28    -0.15    -0.19      0.00     0.01     0.01 
SESHAN25    31.10   121.20    29.44    -0.52     0.35    -0.58     -0.78    -0.01    -0.07      0.22     0.39    -0.13      0.19    -0.01    -0.02      0.14    -0.09     0.06      0.04    -0.01     0.00 
SEST       -29.26   -70.73  2415.76     0.65    -0.10    -0.16     -1.04    -0.00    -0.00     -0.20    -0.33    -0.25      0.02     0.01     0.02      0.14     0.00     0.00     -0.11    -0.00     0.00 
SHANGHAI    31.19   121.43    18.17    -0.52     0.35    -0.59     -0.78    -0.01    -0.07      0.22     0.39    -0.13      0.19    -0.01    -0.02      0.14    -0.09     0.06      0.04    -0.01     0.00 
SINTOTU     43.53   141.84   118.55    -0.18     0.35    -0.61     -0.01    -0.04    -0.05      0.35     0.31     0.01      0.23    -0.01    -0.02      0.13    -0.19     0.11     -0.02    -0.00     0.01 
SINTOTU3    43.53   141.84   119.31    -0.18     0.35    -0.61     -0.01    -0.04    -0.05      0.35     0.31     0.01      0.23    -0.01    -0.02      0.13    -0.19     0.11     -0.02    -0.00     0.01 
SNDPOINT    55.35  -160.48    92.80     0.07     0.19     0.02      0.43    -0.00    -0.02      0.42    -0.08     0.20     -0.08    -0.00     0.01     -0.17    -0.30    -0.08     -0.17     0.01     0.02 
SOURDOGH    62.66  -145.48   747.96     0.64     0.47    -0.00      0.53     0.01    -0.07      0.48    -0.11     0.11     -0.08     0.01    -0.00     -0.17    -0.26    -0.16     -0.06     0.01     0.01 
SUWON       37.28   127.05    81.46    -0.42     0.38    -0.60     -0.50    -0.02    -0.07      0.26     0.36    -0.09      0.20    -0.00    -0.02      0.16    -0.12     0.09      0.03    -0.00     0.00 
SVETLOE     60.53    29.78    86.02    -0.12    -0.17    -0.00      0.20    -0.01    -0.01     -0.38     0.16     0.10     -0.04    -0.00    -0.01      0.21     0.35    -0.05     -0.03    -0.01    -0.02 
SYOWA      -69.01    39.59    50.98    -0.05    -0.04    -0.03      0.11    -0.03    -0.01     -0.33     0.25     0.02     -0.01     0.00    -0.01     -0.29    -0.35     0.04      0.00     0.01     0.02 
TATEYAMA    34.94   139.85   126.15    -0.25     0.39    -0.82     -0.12    -0.06    -0.05      0.34     0.31    -0.01      0.24    -0.01    -0.03      0.12    -0.15     0.09     -0.02    -0.00     0.01 
TIDBIN64   -35.40   148.98   688.78    -0.24     0.51    -1.04      0.26    -0.02     0.01      0.34     0.24     0.06      0.24    -0.01    -0.02     -0.08     0.12    -0.07      0.03     0.00    -0.01 
TIGOCONC   -36.84   -73.03   170.97     0.46    -0.04    -0.07     -0.85    -0.01    -0.00     -0.19    -0.34    -0.24     -0.01     0.00     0.02      0.19    -0.02     0.02     -0.13    -0.00     0.00 
TIGOWTZL    49.14    12.88   658.89    -0.13    -0.35    -0.12      0.45     0.00    -0.01     -0.45     0.03     0.16      0.02     0.01    -0.00      0.08     0.31    -0.01     -0.05    -0.01    -0.02 
TITIJIMA    27.10   142.19    98.99    -0.22     0.40    -1.02     -0.08    -0.06    -0.03      0.35     0.29     0.01      0.25    -0.01    -0.03      0.09    -0.11     0.07     -0.02    -0.00     0.01 
TOMAKO11    42.67   141.60    89.86    -0.19     0.43    -0.75      0.01    -0.06    -0.06      0.35     0.34    -0.04      0.24    -0.02    -0.03      0.13    -0.19     0.12     -0.02    -0.00     0.01 
TOULOUSE    43.56     1.48   192.15    -0.11    -0.37    -0.40      0.62     0.02    -0.00     -0.47    -0.06     0.15      0.08     0.01     0.00      0.03     0.27     0.04     -0.07    -0.01    -0.01 
TROMSONO    69.66    18.94   132.93    -0.05    -0.00    -0.13      0.10    -0.00    -0.01     -0.44     0.07     0.07      0.01     0.00    -0.00      0.16     0.41    -0.00     -0.02    -0.01    -0.02 
TRYSILNO    61.42    12.38   723.99    -0.08    -0.14    -0.15      0.22    -0.01    -0.01     -0.46     0.02     0.11      0.02     0.01    -0.00      0.11     0.38     0.01     -0.04    -0.01    -0.02 
TSUKU3      36.11   140.09    69.61    -0.24     0.39    -0.79     -0.09    -0.06    -0.05      0.34     0.31    -0.00      0.24    -0.01    -0.03      0.12    -0.15     0.09     -0.02    -0.00     0.01 
TSUKUB32    36.10   140.09    84.72    -0.24     0.39    -0.79     -0.09    -0.06    -0.05      0.34     0.31    -0.00      0.24    -0.01    -0.03      0.12    -0.15     0.09     -0.02    -0.00     0.01 
TSUKUBA     36.11   140.09    69.20    -0.24     0.39    -0.79     -0.09    -0.06    -0.05      0.34     0.31    -0.00      0.24    -0.01    -0.03      0.12    -0.15     0.09     -0.02    -0.00     0.01 
URUMQI      43.47    87.18  2033.20    -0.55    -0.03     0.29     -0.59     0.03     0.01      0.05     0.42    -0.15     -0.00    -0.01    -0.01      0.23     0.04    -0.03      0.10    -0.00    -0.00 
USSURISK    44.02   131.76   155.03    -0.31     0.38    -0.55     -0.26    -0.02    -0.06      0.30     0.36    -0.06      0.21    -0.01    -0.02      0.17    -0.15     0.10      0.02    -0.00     0.01 
USUDA64     36.13   138.36  1532.84    -0.24     0.39    -0.77     -0.15    -0.06    -0.06      0.33     0.32    -0.01      0.24    -0.01    -0.03      0.12    -0.15     0.09     -0.01    -0.01     0.01 
VERAIRIK    31.75   130.44   573.46    -0.39     0.44    -0.91     -0.57    -0.06    -0.10      0.29     0.33    -0.04      0.24     0.00    -0.02      0.12    -0.09     0.03     -0.01    -0.01    -0.00 
VERAISGK    24.41   124.17    65.06    -0.46     0.36    -0.77     -0.83    -0.03    -0.06      0.24     0.37    -0.11      0.21    -0.01    -0.03      0.11    -0.07     0.06      0.03    -0.01     0.01 
VERAMZSW    39.13   141.13   116.76    -0.21     0.38    -0.72     -0.03    -0.05    -0.05      0.35     0.31     0.01      0.23    -0.01    -0.03      0.12    -0.16     0.10     -0.02    -0.01     0.01 
VERAOGSW    27.09   142.22   273.09    -0.22     0.40    -1.02     -0.08    -0.06    -0.03      0.35     0.28     0.01      0.25    -0.01    -0.03      0.09    -0.11     0.07     -0.02    -0.00     0.01 
VERNAL      40.33  -109.57  1590.53     0.56     0.34     0.63     -0.29    -0.03    -0.02      0.10    -0.31    -0.11     -0.25     0.01     0.02     -0.25    -0.08    -0.16      0.06     0.00     0.01 
VICTORIA    48.39  -123.49    25.23     0.28     0.31     0.45      0.08    -0.02    -0.02      0.18    -0.29     0.00     -0.25     0.01     0.02     -0.29    -0.16    -0.20     -0.01     0.01     0.01 
VLA         34.08  -107.62  2114.83     0.72     0.37     0.81     -0.43    -0.03    -0.03      0.07    -0.32    -0.14     -0.25     0.01     0.02     -0.22    -0.06    -0.14      0.06     0.00     0.01 
VLA-N8      34.08  -107.62  2114.48     0.72     0.37     0.81     -0.43    -0.03    -0.03      0.07    -0.32    -0.14     -0.25     0.01     0.02     -0.22    -0.06    -0.14      0.06     0.00     0.01 
VNDNBERG    34.56  -120.62   -12.26     0.46     0.49     0.93      0.04    -0.03    -0.03      0.16    -0.30    -0.04     -0.29     0.01     0.02     -0.22    -0.11    -0.18      0.01     0.01     0.01 
WESTFORD    42.61   -71.49    86.77     0.55     0.02    -0.26     -0.77     0.01     0.07     -0.14    -0.42    -0.25     -0.03     0.01     0.02     -0.32     0.07     0.01      0.19     0.00    -0.01 
WETTZELL    49.15    12.88   669.13    -0.13    -0.35    -0.12      0.45     0.00    -0.01     -0.45     0.03     0.16      0.02     0.01    -0.00      0.08     0.31    -0.01     -0.05    -0.01    -0.02 
WHTHORSE    60.71  -135.08   708.93     0.16     0.21     0.13      0.18    -0.00    -0.02      0.29    -0.24     0.07     -0.19     0.01     0.01     -0.32    -0.27    -0.18     -0.07     0.01     0.01 
YAKATAGA    60.08  -142.49    21.22     0.10     0.18     0.09      0.25    -0.00    -0.02      0.34    -0.19     0.11     -0.17     0.00     0.01     -0.29    -0.29    -0.16     -0.11     0.01     0.02 
YAMAGUCH    34.22   131.56   165.62    -0.35     0.39    -0.74     -0.41    -0.05    -0.07      0.29     0.35    -0.07      0.22    -0.00    -0.03      0.14    -0.13     0.08      0.02    -0.00     0.01 
YEBES       40.52    -3.09   979.86    -0.04    -0.41    -0.51      0.60     0.03     0.01     -0.47    -0.10     0.14      0.11     0.01     0.01     -0.00     0.23     0.05     -0.04    -0.00    -0.01 
YEBES40M    40.52    -3.09   989.08    -0.04    -0.41    -0.51      0.60     0.03     0.01     -0.47    -0.10     0.14      0.11     0.01     0.01     -0.00     0.23     0.05     -0.04    -0.00    -0.01 
YELLOWKN    62.48  -114.47   176.90     0.19     0.18     0.13     -0.04    -0.00    -0.01      0.16    -0.33    -0.05     -0.20     0.01     0.02     -0.37    -0.19    -0.18      0.02     0.00     0.01 
YLOW7296    62.48  -114.48   178.81     0.19     0.18     0.13     -0.04    -0.00    -0.01      0.16    -0.33    -0.05     -0.20     0.01     0.02     -0.37    -0.19    -0.18      0.02     0.00     0.01 
YUMA        32.94  -114.20   238.65     0.64     0.50     0.94     -0.21    -0.03    -0.03      0.12    -0.30    -0.08     -0.27     0.01     0.02     -0.21    -0.07    -0.14      0.03     0.00     0.01 
ZELENCHK    43.79    41.57  1175.01    -0.31    -0.38     0.45      0.27    -0.00     0.03     -0.29     0.24     0.08     -0.11    -0.01    -0.02      0.19     0.23    -0.08     -0.01    -0.01    -0.01 
KATH12M    -14.38   132.15   189.15    -0.60     0.76    -1.36     -0.49    -0.05    -0.02      0.30     0.30    -0.06      0.25    -0.01    -0.03     -0.11     0.06    -0.04     -0.01    -0.00    -0.01 
ONSALAAN    57.40    11.93    59.32    -0.08    -0.18    -0.14      0.28    -0.00    -0.01     -0.45     0.02     0.13      0.02     0.01    -0.00      0.10     0.36     0.01     -0.05    -0.01    -0.02 
HOHNBERG    47.80    11.02  1005.73    -0.14    -0.35    -0.16      0.49     0.01    -0.01     -0.45     0.02     0.16      0.03     0.01    -0.00      0.07     0.30    -0.00     -0.05    -0.01    -0.02 
VLBA85_3    38.43   -79.84   785.84     0.59     0.15     0.03     -0.82    -0.00     0.03     -0.08    -0.39    -0.26     -0.08     0.01     0.02     -0.25     0.01    -0.05      0.13     0.00     0.00 
WIDE85_3    38.43   -79.84   785.84     0.59     0.15     0.03     -0.82    -0.00     0.03     -0.08    -0.39    -0.26     -0.08     0.01     0.02     -0.25     0.01    -0.05      0.13     0.00     0.00 
GGAO12M     39.02   -76.83    13.72     0.56     0.13    -0.05     -0.80    -0.00     0.04     -0.09    -0.41    -0.26     -0.07     0.01     0.02     -0.25     0.02    -0.04      0.13     0.00     0.00 
HOBART12   -42.81   147.44    40.98    -0.15     0.37    -0.91      0.23    -0.02     0.03      0.36     0.22     0.07      0.22    -0.01    -0.02     -0.12     0.13    -0.05      0.02     0.00    -0.01 
HART15M    -25.89    27.68  1409.42    -0.46    -0.80     0.58      0.91    -0.01     0.05     -0.38     0.12     0.15     -0.06     0.00    -0.01     -0.09    -0.11     0.03      0.02     0.00     0.01 
KUNMING     25.03   102.80  1974.23    -0.86     0.23     0.06     -1.25     0.02    -0.03      0.13     0.40    -0.18      0.08    -0.01    -0.01      0.12    -0.03     0.03      0.05    -0.01    -0.00 
UCHINOUR    31.25   131.08   375.65    -0.35     0.38    -0.79     -0.47    -0.04    -0.07      0.29     0.34    -0.07      0.23    -0.00    -0.03      0.13    -0.12     0.08      0.02    -0.00     0.01 
WARK12M    -36.43   174.66   127.70    -0.00     0.38    -0.52      0.82     0.01     0.00      0.42     0.05     0.22      0.12    -0.01    -0.00     -0.01     0.19    -0.03      0.13    -0.01    -0.01 
WETTZ13N    49.14    12.88   672.57    -0.13    -0.35    -0.12      0.45     0.00    -0.01     -0.45     0.03     0.16      0.02     0.01    -0.00      0.08     0.31    -0.01     -0.05    -0.01    -0.02 
WETTZ13S    49.14    12.88   672.57    -0.13    -0.35    -0.12      0.45     0.00    -0.01     -0.45     0.03     0.16      0.02     0.01    -0.00      0.08     0.31    -0.01     -0.05    -0.01    -0.02 
YARRA12M   -29.05   115.35   248.06    -0.53     0.38    -0.66     -0.81    -0.00    -0.05      0.27     0.34    -0.14      0.17    -0.01    -0.03     -0.14     0.02    -0.02     -0.07     0.00     0.00 
YEBESDBC    40.52    -3.09   989.08    -0.04    -0.41    -0.51      0.60     0.03     0.01     -0.47    -0.10     0.14      0.11     0.01     0.01     -0.00     0.23     0.05     -0.04    -0.00    -0.01 
TIANMA65    31.09   121.14    49.16    -0.52     0.35    -0.58     -0.79    -0.01    -0.07      0.22     0.39    -0.13      0.19    -0.01    -0.02      0.14    -0.09     0.06      0.04    -0.01     0.00 
SEJONG      36.52   127.30   194.62    -0.43     0.40    -0.64     -0.52    -0.03    -0.08      0.27     0.35    -0.08      0.21    -0.00    -0.02      0.16    -0.13     0.09      0.04    -0.00     0.01 
